# <Sz_i Sz_j >
7.966565515000000319e-01 -3.777399518999999817e-01 1.066492965999999987e-01 -9.454548691000000393e-02 1.079882813000000025e-01 -3.791706897000000076e-01
-3.777399518999999817e-01 7.967161325999999599e-01 -3.672159459000000070e-01 9.180078312000000684e-02 -1.092736879999999938e-01 1.067131199999999946e-01
1.066492965999999987e-01 -3.672159459000000070e-01 7.960950791999999998e-01 -3.586430769999999768e-01 1.060659503000000031e-01 -9.382677379999999900e-02
-9.454548691000000393e-02 9.180078312000000684e-02 -3.586430769999999768e-01 7.969500521000000282e-01 -3.547080041999999822e-01 8.026737077999999970e-02
1.079882813000000025e-01 -1.092736879999999938e-01 1.060659503000000031e-01 -3.547080041999999822e-01 7.976658036999999535e-01 -3.654659773999999750e-01
-3.791706897000000076e-01 1.067131199999999946e-01 -9.382677379999999900e-02 8.026737077999999970e-02 -3.654659773999999750e-01 7.976760162999999570e-01
