# d<Sz_i Sz_j >
1.433796613999999917e-03 8.829818418000000627e-03 8.003658466999999735e-03 8.299490702999999872e-03 7.983918459000000772e-03 8.822634341000000144e-03
8.829818418000000627e-03 1.431379120999999935e-03 8.929998345000000545e-03 8.106553375000000519e-03 8.211934708999999930e-03 8.017916303000000022e-03
8.003658466999999735e-03 8.929998345000000545e-03 1.460232174000000065e-03 9.098023094999999408e-03 7.948641268000000010e-03 8.275110622999999263e-03
8.299490702999999872e-03 8.106553375000000519e-03 9.098023094999999408e-03 1.485732902000000107e-03 9.111010811000000778e-03 8.061193677000000682e-03
7.983918459000000772e-03 8.211934708999999930e-03 7.948641268000000010e-03 9.111010811000000778e-03 1.436376857000000104e-03 9.015954923999999412e-03
8.822634341000000144e-03 8.017916303000000022e-03 8.275110622999999263e-03 8.061193677000000682e-03 9.015954923999999412e-03 1.424885933000000042e-03
