 Effective number of bins, and bins:            9          10

OBS :    1        8.719742      0.012097

OBS :    2        1.000000      0.000000
