8.008199999999999763e-01 -8.541339999999999488e-01 1.360419999999999963e-01 -2.142760000000000151e-02 7.554909999999999404e-02 -9.560659999999999992e-02 5.205119999999999886e-02 -3.517510000000000081e-02 4.752590000000000287e-02 -4.503900000000000264e-02 5.087919999999999943e-02 -4.103690000000000115e-02 3.102169999999999928e-02 -1.848139999999999852e-02 2.689640000000000086e-02 -2.807870000000000157e-02 1.771379999999999830e-02 -1.991360000000000005e-02 1.491080000000000010e-02 -3.058570000000000039e-02 1.784739999999999938e-02 -2.107289999999999858e-02 1.796930000000000055e-02 -2.220569999999999836e-02 1.328879999999999992e-02 -1.483499999999999923e-02 1.150310000000000048e-02 -9.628350000000000797e-03 1.183840000000000066e-02 -7.534260000000000089e-03 8.352059999999999693e-03 -7.018940000000000422e-03 1.548429999999999945e-02 -1.143319999999999927e-02 2.164479999999999876e-02 -2.510019999999999959e-02 2.439989999999999867e-02 -1.672409999999999869e-02 1.814829999999999915e-02 -1.760690000000000172e-02 2.516590000000000146e-02 -2.737660000000000093e-02 3.481999999999999679e-02 -3.651469999999999716e-02 3.544630000000000003e-02 -3.091829999999999926e-02 3.826720000000000121e-02 -4.437920000000000059e-02 4.380730000000000041e-02 -3.866470000000000323e-02 4.676369999999999832e-02 -5.649749999999999911e-02 5.698469999999999924e-02 -4.758310000000000317e-02 5.649579999999999880e-02 -1.229119999999999935e-01 8.170650000000000135e-02 -2.726359999999999895e-02 1.442839999999999956e-01 -9.829329999999999457e-01
-8.541339999999999488e-01 8.025830000000000464e-01 -9.728240000000000220e-01 1.333209999999999951e-01 -3.733840000000000076e-02 8.163410000000000111e-02 -1.174100000000000005e-01 5.562539999999999846e-02 -4.054649999999999921e-02 4.742099999999999788e-02 -6.757269999999999943e-02 4.792579999999999757e-02 -4.273419999999999996e-02 2.952219999999999844e-02 -2.930320000000000147e-02 2.567149999999999987e-02 -1.536919999999999953e-02 1.984160000000000090e-02 -2.016859999999999833e-02 3.104159999999999905e-02 -1.788160000000000097e-02 1.737680000000000127e-02 -2.112259999999999832e-02 1.731330000000000022e-02 -9.849649999999999725e-03 1.478540000000000063e-02 -1.479660000000000003e-02 2.013490000000000071e-02 -2.599939999999999890e-02 1.812990000000000088e-02 -1.619359999999999897e-02 1.110670000000000060e-02 -1.499059999999999976e-02 1.846539999999999987e-02 -2.149360000000000159e-02 1.849850000000000105e-02 -9.649170000000000316e-03 1.486909999999999968e-02 -1.657979999999999871e-02 1.888890000000000013e-02 -2.696039999999999895e-02 2.832389999999999908e-02 -2.709160000000000040e-02 2.596350000000000047e-02 -2.316170000000000034e-02 2.279310000000000017e-02 -2.838059999999999888e-02 2.216009999999999855e-02 -3.043720000000000106e-02 2.994300000000000087e-02 -3.417680000000000023e-02 2.712279999999999899e-02 -4.552710000000000090e-02 4.865219999999999961e-02 -2.950830000000000120e-02 5.263550000000000173e-02 -9.627900000000000347e-02 7.721200000000000285e-02 -3.177920000000000050e-02 1.335490000000000010e-01
1.360419999999999963e-01 -9.728240000000000220e-01 8.025630000000000264e-01 -8.572570000000000467e-01 1.408590000000000120e-01 -2.606829999999999911e-02 7.938050000000000661e-02 -9.365629999999999789e-02 5.769049999999999873e-02 -4.069520000000000082e-02 5.414889999999999981e-02 -5.501489999999999853e-02 3.942060000000000008e-02 -2.731810000000000141e-02 2.542749999999999871e-02 -2.306909999999999863e-02 1.792250000000000093e-02 -2.505100000000000035e-02 1.715440000000000020e-02 -3.140280000000000155e-02 2.641150000000000095e-02 -2.075600000000000014e-02 2.118509999999999838e-02 -1.705910000000000065e-02 1.088940000000000047e-02 -1.503200000000000022e-02 1.120920000000000076e-02 -1.729289999999999994e-02 2.115480000000000138e-02 -1.478289999999999986e-02 1.755479999999999888e-02 -1.183069999999999955e-02 1.510930000000000085e-02 -1.099550000000000007e-02 1.679200000000000137e-02 -2.126619999999999899e-02 1.408129999999999972e-02 -1.909749999999999989e-02 1.932980000000000115e-02 -1.306039999999999979e-02 1.707010000000000124e-02 -2.103669999999999846e-02 2.527690000000000145e-02 -2.689760000000000068e-02 2.432360000000000078e-02 -2.286619999999999972e-02 2.536820000000000047e-02 -1.994380000000000111e-02 2.384520000000000042e-02 -2.878829999999999931e-02 3.693980000000000180e-02 -2.395030000000000076e-02 4.094149999999999873e-02 -5.784099999999999658e-02 4.120250000000000301e-02 -4.667690000000000033e-02 6.245719999999999744e-02 -1.235119999999999968e-01 8.714769999999999461e-02 -3.487239999999999784e-02
-2.142760000000000151e-02 1.333209999999999951e-01 -8.572570000000000467e-01 8.026069999999999593e-01 -9.729200000000000070e-01 1.371570000000000011e-01 -2.629770000000000024e-02 7.299460000000000670e-02 -1.136690000000000061e-01 5.847800000000000220e-02 -4.931159999999999710e-02 4.597450000000000148e-02 -5.589620000000000005e-02 3.219099999999999739e-02 -2.909640000000000143e-02 1.940669999999999895e-02 -1.568069999999999881e-02 1.875920000000000018e-02 -1.518790000000000071e-02 3.447950000000000320e-02 -2.393359999999999932e-02 2.183469999999999855e-02 -1.689639999999999892e-02 1.061679999999999915e-02 -8.360489999999999935e-03 1.745990000000000042e-02 -7.255339999999999880e-03 8.692860000000000170e-03 -9.401849999999999791e-03 5.124160000000000000e-03 -9.037629999999999622e-03 7.089050000000000386e-03 -8.602850000000000427e-03 4.114930000000000150e-03 -1.664409999999999848e-02 2.159389999999999921e-02 -1.034840000000000065e-02 1.105090000000000065e-02 -9.170579999999999357e-03 1.065669999999999985e-02 -1.880760000000000071e-02 2.399470000000000075e-02 -2.323400000000000118e-02 2.746710000000000124e-02 -2.984859999999999944e-02 2.590289999999999954e-02 -2.965279999999999999e-02 2.773520000000000152e-02 -2.467249999999999999e-02 2.149179999999999841e-02 -3.030100000000000154e-02 2.210140000000000021e-02 -3.520580000000000237e-02 4.081760000000000249e-02 -5.401689999999999964e-02 6.186910000000000326e-02 -5.600200000000000317e-02 6.263449999999999573e-02 -1.091799999999999993e-01 7.877779999999999505e-02
7.554909999999999404e-02 -3.733840000000000076e-02 1.408590000000000120e-01 -9.729200000000000070e-01 8.015130000000000310e-01 -8.581800000000000539e-01 1.293729999999999880e-01 -2.120889999999999928e-02 8.097119999999999318e-02 -1.015780000000000016e-01 6.176859999999999989e-02 -3.151770000000000266e-02 4.669260000000000077e-02 -4.300049999999999706e-02 3.589040000000000286e-02 -2.289599999999999969e-02 2.513810000000000003e-02 -2.548829999999999846e-02 2.065130000000000091e-02 -3.714780000000000165e-02 2.007269999999999888e-02 -2.204050000000000106e-02 1.418619999999999950e-02 -2.051429999999999920e-02 1.730059999999999931e-02 -2.640079999999999857e-02 8.133659999999999154e-03 -6.735820000000000002e-03 1.283160000000000030e-02 -6.766450000000000242e-03 7.139200000000000060e-03 -1.104330000000000069e-02 1.640720000000000026e-02 -6.790299999999999982e-03 1.803570000000000173e-02 -1.882390000000000105e-02 1.056799999999999927e-02 -1.148549999999999918e-02 1.472210000000000012e-02 -7.672889999999999919e-03 9.444430000000000186e-03 -1.324640000000000019e-02 1.285610000000000051e-02 -1.728419999999999956e-02 2.644140000000000032e-02 -1.237450000000000008e-02 2.359870000000000023e-02 -1.999449999999999839e-02 1.160770000000000031e-02 -1.529510000000000071e-02 1.954720000000000069e-02 -2.548740000000000033e-02 2.991090000000000068e-02 -2.733760000000000009e-02 3.256509999999999960e-02 -5.740399999999999670e-02 5.176540000000000308e-02 -4.450260000000000327e-02 6.453989999999999727e-02 -1.215040000000000009e-01
-9.560659999999999992e-02 8.163410000000000111e-02 -2.606829999999999911e-02 1.371570000000000011e-01 -8.581800000000000539e-01 8.027149999999999563e-01 -9.606419999999999959e-01 1.277310000000000112e-01 -2.755809999999999857e-02 8.476949999999999763e-02 -1.247230000000000005e-01 5.847709999999999714e-02 -4.809379999999999905e-02 5.017619999999999719e-02 -5.373069999999999929e-02 3.279329999999999745e-02 -2.359599999999999892e-02 2.216200000000000114e-02 -1.121250000000000024e-02 2.313329999999999900e-02 -2.168170000000000167e-02 2.482559999999999975e-02 -1.482550000000000014e-02 1.985519999999999993e-02 -1.707109999999999878e-02 1.474890000000000055e-02 -8.130649999999999683e-03 6.625729999999999814e-03 -1.518639999999999921e-02 1.581650000000000070e-02 -1.063620000000000017e-02 6.157420000000000254e-03 -1.521400000000000009e-02 9.915969999999999646e-03 -8.751089999999999564e-03 1.857860000000000067e-02 -1.204200000000000062e-02 2.022819999999999827e-02 -1.389239999999999919e-02 1.243840000000000050e-02 -1.239350000000000000e-02 1.053240000000000079e-02 -1.508439999999999954e-02 1.982019999999999962e-02 -2.527379999999999904e-02 1.595970000000000028e-02 -2.260389999999999969e-02 2.949490000000000098e-02 -2.063270000000000035e-02 2.117530000000000107e-02 -2.583699999999999886e-02 3.591260000000000285e-02 -4.336720000000000158e-02 3.913029999999999980e-02 -2.962110000000000090e-02 4.687530000000000169e-02 -5.397690000000000127e-02 5.386640000000000178e-02 -5.321069999999999967e-02 5.556529999999999803e-02
5.205119999999999886e-02 -1.174100000000000005e-01 7.938050000000000661e-02 -2.629770000000000024e-02 1.293729999999999880e-01 -9.606419999999999959e-01 8.029819999999999736e-01 -8.569200000000000150e-01 1.336519999999999930e-01 -3.613210000000000033e-02 8.458720000000000128e-02 -1.052749999999999936e-01 6.152269999999999961e-02 -3.720509999999999790e-02 4.800480000000000025e-02 -4.095540000000000291e-02 3.243530000000000024e-02 -2.626370000000000093e-02 1.793890000000000068e-02 -2.498739999999999989e-02 2.021970000000000017e-02 -2.757729999999999904e-02 2.590879999999999919e-02 -1.907910000000000161e-02 1.311050000000000063e-02 -1.762379999999999849e-02 1.804230000000000070e-02 -9.024100000000000177e-03 1.410950000000000051e-02 -9.279010000000000730e-03 1.283300000000000066e-02 -9.840079999999999313e-03 2.334819999999999951e-02 -2.036790000000000128e-02 2.465619999999999964e-02 -2.158799999999999955e-02 1.637639999999999929e-02 -1.954140000000000044e-02 2.058300000000000060e-02 -1.655939999999999843e-02 1.748279999999999973e-02 -1.856659999999999908e-02 1.728980000000000100e-02 -8.167749999999999663e-03 1.403189999999999993e-02 -8.566910000000000497e-03 1.366359999999999970e-02 -1.849229999999999971e-02 1.388739999999999940e-02 -1.692060000000000092e-02 1.943249999999999839e-02 -3.044060000000000168e-02 3.654670000000000141e-02 -4.326939999999999953e-02 2.971750000000000086e-02 -3.838359999999999689e-02 4.584189999999999793e-02 -5.858619999999999800e-02 4.752760000000000318e-02 -3.319769999999999666e-02
-3.517510000000000081e-02 5.562539999999999846e-02 -9.365629999999999789e-02 7.299460000000000670e-02 -2.120889999999999928e-02 1.277310000000000112e-01 -8.569200000000000150e-01 8.024189999999999934e-01 -9.620030000000000525e-01 1.444489999999999941e-01 -3.753000000000000086e-02 9.053750000000000686e-02 -1.252230000000000010e-01 7.386969999999999648e-02 -5.661309999999999953e-02 5.213589999999999891e-02 -4.633489999999999831e-02 3.325940000000000146e-02 -2.570820000000000050e-02 2.689019999999999952e-02 -2.266239999999999921e-02 3.491879999999999984e-02 -3.056930000000000064e-02 3.228369999999999851e-02 -2.442880000000000051e-02 2.642030000000000073e-02 -1.808039999999999994e-02 1.046380000000000053e-02 -5.208579999999999981e-03 7.327150000000000156e-03 -7.736559999999999965e-03 1.123810000000000087e-02 -1.579320000000000029e-02 1.290320000000000009e-02 -1.500390000000000057e-02 1.098410000000000011e-02 -1.211659999999999994e-02 2.182900000000000118e-02 -2.681340000000000112e-02 2.051290000000000058e-02 -1.239409999999999991e-02 1.639459999999999876e-02 -1.986349999999999921e-02 1.665000000000000160e-02 -2.100689999999999849e-02 1.560369999999999986e-02 -1.291330000000000082e-02 1.635019999999999876e-02 -1.636419999999999889e-02 1.526349999999999929e-02 -2.927350000000000091e-02 2.421780000000000113e-02 -3.761409999999999754e-02 3.973890000000000061e-02 -3.294960000000000250e-02 3.300879999999999787e-02 -4.272170000000000134e-02 4.192479999999999818e-02 -5.172240000000000171e-02 4.308030000000000193e-02
4.752590000000000287e-02 -4.054649999999999921e-02 5.769049999999999873e-02 -1.136690000000000061e-01 8.097119999999999318e-02 -2.755809999999999857e-02 1.336519999999999930e-01 -9.620030000000000525e-01 8.008779999999999788e-01 -8.892590000000000217e-01 1.449209999999999943e-01 -3.452329999999999982e-02 8.518960000000000421e-02 -1.087769999999999987e-01 6.145830000000000043e-02 -4.806119999999999837e-02 4.707240000000000035e-02 -3.828920000000000240e-02 2.261289999999999828e-02 -2.061920000000000072e-02 1.974580000000000085e-02 -3.656109999999999915e-02 2.379749999999999921e-02 -1.769379999999999911e-02 1.381830000000000037e-02 -2.243850000000000011e-02 1.775310000000000082e-02 -1.070660000000000014e-02 9.821029999999999691e-03 -2.086669999999999844e-02 1.664109999999999895e-02 -1.752839999999999954e-02 1.464200000000000050e-02 -1.105599999999999986e-02 8.538000000000000450e-03 -7.662819999999999875e-03 8.259960000000000219e-03 -1.411779999999999979e-02 1.372430000000000004e-02 -8.824999999999999512e-03 4.093920000000000024e-03 -8.093599999999999406e-03 1.447580000000000047e-02 -9.394180000000000239e-03 1.255689999999999931e-02 -9.206449999999999703e-03 8.139469999999999344e-03 -8.599680000000000171e-03 1.073439999999999984e-02 -1.886089999999999989e-02 2.240419999999999912e-02 -2.108010000000000092e-02 3.016100000000000031e-02 -2.290309999999999915e-02 3.063180000000000069e-02 -3.778460000000000152e-02 3.416430000000000161e-02 -3.488859999999999878e-02 4.201209999999999667e-02 -5.818330000000000030e-02
-4.503900000000000264e-02 4.742099999999999788e-02 -4.069520000000000082e-02 5.847800000000000220e-02 -1.015780000000000016e-01 8.476949999999999763e-02 -3.613210000000000033e-02 1.444489999999999941e-01 -8.892590000000000217e-01 8.017619999999999747e-01 -9.516599999999999504e-01 1.450919999999999987e-01 -3.699279999999999929e-02 9.027609999999999801e-02 -1.211880000000000041e-01 6.070799999999999808e-02 -3.980609999999999704e-02 4.847119999999999901e-02 -5.254640000000000005e-02 4.168329999999999952e-02 -2.233330000000000037e-02 3.440180000000000321e-02 -3.262219999999999703e-02 2.025240000000000026e-02 -4.190489999999999840e-03 1.128670000000000020e-02 -1.228429999999999973e-02 1.291589999999999926e-02 -7.794589999999999679e-03 1.450470000000000058e-02 -1.525639999999999982e-02 1.223589999999999921e-02 -7.852420000000000580e-03 4.733249999999999610e-03 -1.080279999999999956e-02 2.088580000000000037e-03 -8.410219999999999502e-03 7.950330000000000244e-03 -9.092899999999999247e-03 9.169939999999999689e-03 -9.757860000000000145e-03 1.113500000000000080e-02 -1.306090000000000029e-02 3.617800000000000009e-03 -1.425919999999999965e-02 8.145879999999999441e-03 -1.357129999999999968e-02 1.189800000000000059e-02 -1.622569999999999915e-02 2.121090000000000128e-02 -3.518779999999999825e-02 2.831820000000000170e-02 -3.888280000000000208e-02 3.057759999999999992e-02 -3.754969999999999836e-02 3.684899999999999981e-02 -3.841379999999999795e-02 4.634719999999999812e-02 -3.812279999999999835e-02 3.874550000000000216e-02
5.087919999999999943e-02 -6.757269999999999943e-02 5.414889999999999981e-02 -4.931159999999999710e-02 6.176859999999999989e-02 -1.247230000000000005e-01 8.458720000000000128e-02 -3.753000000000000086e-02 1.449209999999999943e-01 -9.516599999999999504e-01 8.021570000000000089e-01 -8.981470000000000287e-01 1.436479999999999979e-01 -4.722080000000000027e-02 9.398860000000000547e-02 -1.081860000000000044e-01 5.866589999999999999e-02 -3.958590000000000025e-02 4.103720000000000284e-02 -5.168280000000000096e-02 2.446529999999999885e-02 -2.129259999999999833e-02 2.461959999999999843e-02 -2.518410000000000093e-02 9.234910000000000688e-03 -1.089790000000000030e-02 1.318249999999999977e-02 -2.068069999999999978e-02 1.397780000000000029e-02 -7.886129999999999876e-03 1.442769999999999990e-02 -9.775809999999999361e-03 1.070720000000000005e-02 -3.189930000000000109e-03 3.936010000000000203e-03 1.079160000000000015e-04 2.717090000000000130e-03 -6.762409999999999949e-03 6.104009999999999991e-03 -1.060209999999999972e-02 1.336080000000000080e-02 -1.427349999999999973e-02 1.435080000000000036e-02 -1.439870000000000039e-02 1.877590000000000162e-02 -1.106539999999999954e-02 1.074750000000000011e-02 -1.542289999999999980e-02 1.781510000000000038e-02 -2.078129999999999908e-02 3.153679999999999678e-02 -2.489799999999999999e-02 3.124820000000000028e-02 -2.741220000000000115e-02 3.080499999999999905e-02 -2.821179999999999868e-02 3.005839999999999901e-02 -4.525869999999999893e-02 4.154800000000000160e-02 -4.525699999999999862e-02
-4.103690000000000115e-02 4.792579999999999757e-02 -5.501489999999999853e-02 4.597450000000000148e-02 -3.151770000000000266e-02 5.847709999999999714e-02 -1.052749999999999936e-01 9.053750000000000686e-02 -3.452329999999999982e-02 1.450919999999999987e-01 -8.981470000000000287e-01 8.033059999999999645e-01 -9.418760000000000465e-01 1.434580000000000022e-01 -3.736359999999999681e-02 9.000710000000000655e-02 -1.050350000000000034e-01 5.424989999999999674e-02 -3.519250000000000156e-02 4.616710000000000258e-02 -4.117599999999999733e-02 3.298990000000000256e-02 -2.296329999999999899e-02 1.716070000000000095e-02 -9.227080000000000351e-03 7.865620000000000250e-03 -5.707829999999999675e-03 8.532700000000000701e-03 -7.337620000000000427e-03 8.620650000000000535e-03 -1.967090000000000158e-02 8.939010000000000705e-03 -1.525660000000000037e-02 3.934580000000000022e-03 -5.714180000000000127e-03 4.794320000000000352e-03 -5.164349999999999843e-03 4.978820000000000121e-03 -7.855110000000000217e-03 1.234159999999999945e-02 -1.271830000000000009e-02 1.672159999999999966e-02 -8.782409999999999176e-03 1.370569999999999948e-02 -1.802010000000000070e-02 5.439410000000000425e-03 -1.468320000000000042e-02 1.180059999999999963e-02 -1.905609999999999943e-02 1.968719999999999845e-02 -3.605549999999999727e-02 2.861640000000000017e-02 -3.345130000000000325e-02 2.962390000000000162e-02 -2.746329999999999952e-02 2.771819999999999840e-02 -3.029280000000000167e-02 3.076629999999999990e-02 -3.529689999999999911e-02 4.433820000000000122e-02
3.102169999999999928e-02 -4.273419999999999996e-02 3.942060000000000008e-02 -5.589620000000000005e-02 4.669260000000000077e-02 -4.809379999999999905e-02 6.152269999999999961e-02 -1.252230000000000010e-01 8.518960000000000421e-02 -3.699279999999999929e-02 1.436479999999999979e-01 -9.418760000000000465e-01 8.027790000000000203e-01 -9.031449999999999756e-01 1.306879999999999986e-01 -2.792120000000000019e-02 8.172830000000000372e-02 -1.099200000000000038e-01 5.791639999999999983e-02 -3.900510000000000088e-02 4.510850000000000276e-02 -6.203419999999999768e-02 3.670160000000000089e-02 -2.829860000000000014e-02 1.321740000000000068e-02 -2.547529999999999933e-02 1.389089999999999943e-02 -1.218020000000000040e-02 1.320990000000000011e-02 -1.549430000000000078e-02 1.784339999999999885e-02 -7.385840000000000287e-03 8.058090000000000391e-03 -4.160650000000000112e-03 4.268229999999999594e-03 -6.803179999999999818e-03 6.206230000000000080e-03 8.787470000000000350e-04 6.539989999999999866e-03 -2.163809999999999952e-03 3.026539999999999873e-03 -1.200930000000000053e-02 5.019810000000000418e-03 -1.367239999999999948e-02 1.340730000000000047e-02 -1.398029999999999932e-02 2.061889999999999903e-02 -1.671189999999999828e-02 2.820860000000000034e-02 -2.689599999999999977e-02 3.623320000000000013e-02 -2.761780000000000138e-02 3.443679999999999658e-02 -2.777069999999999886e-02 2.818429999999999894e-02 -3.575280000000000125e-02 3.871220000000000216e-02 -3.344629999999999825e-02 3.933829999999999966e-02 -3.334730000000000333e-02
-1.848139999999999852e-02 2.952219999999999844e-02 -2.731810000000000141e-02 3.219099999999999739e-02 -4.300049999999999706e-02 5.017619999999999719e-02 -3.720509999999999790e-02 7.386969999999999648e-02 -1.087769999999999987e-01 9.027609999999999801e-02 -4.722080000000000027e-02 1.434580000000000022e-01 -9.031449999999999756e-01 8.046959999999999669e-01 -9.090489999999999959e-01 1.437650000000000039e-01 -3.600939999999999697e-02 9.103400000000000380e-02 -1.089519999999999933e-01 5.767119999999999885e-02 -4.357010000000000050e-02 4.651489999999999791e-02 -3.954189999999999788e-02 2.479459999999999997e-02 -5.360679999999999612e-03 1.317639999999999957e-02 -1.366309999999999920e-02 1.151330000000000062e-02 -5.616880000000000310e-03 2.717380000000000143e-03 -1.251670000000000040e-02 7.056749999999999655e-03 -5.541429999999999967e-03 -2.376759999999999897e-03 1.577080000000000018e-03 -4.476570000000000028e-03 2.823079999999999947e-03 -8.336259999999999851e-03 -8.757839999999999375e-03 -2.349260000000000150e-03 -4.135019999999999668e-03 9.737100000000000269e-03 -6.957620000000000297e-03 8.819620000000000237e-03 -8.848369999999999500e-03 1.555420000000000066e-02 -2.020519999999999955e-02 1.189300000000000079e-02 -2.075230000000000130e-02 2.318999999999999881e-02 -3.668600000000000333e-02 2.517279999999999865e-02 -2.716829999999999939e-02 2.665520000000000042e-02 -2.539140000000000147e-02 2.740570000000000159e-02 -3.899999999999999994e-02 3.437130000000000046e-02 -3.088050000000000170e-02 1.604169999999999902e-02
2.689640000000000086e-02 -2.930320000000000147e-02 2.542749999999999871e-02 -2.909640000000000143e-02 3.589040000000000286e-02 -5.373069999999999929e-02 4.800480000000000025e-02 -5.661309999999999953e-02 6.145830000000000043e-02 -1.211880000000000041e-01 9.398860000000000547e-02 -3.736359999999999681e-02 1.306879999999999986e-01 -9.090489999999999959e-01 8.021949999999999914e-01 -9.246090000000000142e-01 1.324869999999999937e-01 -3.652269999999999822e-02 8.228149999999999353e-02 -1.241089999999999971e-01 6.487139999999999573e-02 -4.791340000000000182e-02 4.282590000000000008e-02 -4.982910000000000117e-02 2.799170000000000130e-02 -3.004319999999999907e-02 2.623239999999999947e-02 -3.034320000000000073e-02 9.275639999999999927e-03 -6.796619999999999745e-03 1.141539999999999916e-02 -1.137299999999999943e-02 2.331160000000000090e-04 2.813790000000000041e-03 -6.069330000000000384e-04 4.331870000000000252e-04 2.103119999999999881e-04 8.578789999999999333e-03 -2.724129999999999954e-04 1.719760000000000082e-03 5.428480000000000284e-03 -1.198489999999999972e-02 8.403690000000000118e-03 -8.527579999999999882e-03 6.731830000000000279e-03 -1.350280000000000057e-02 1.468610000000000054e-02 -1.160409999999999957e-03 7.499660000000000007e-03 -1.484800000000000009e-02 2.802959999999999827e-02 -1.602699999999999958e-02 2.503649999999999973e-02 -1.570399999999999921e-02 1.647209999999999994e-02 -2.539529999999999912e-02 3.356830000000000230e-02 -3.446269999999999889e-02 3.196210000000000023e-02 -2.289710000000000009e-02
-2.807870000000000157e-02 2.567149999999999987e-02 -2.306909999999999863e-02 1.940669999999999895e-02 -2.289599999999999969e-02 3.279329999999999745e-02 -4.095540000000000291e-02 5.213589999999999891e-02 -4.806119999999999837e-02 6.070799999999999808e-02 -1.081860000000000044e-01 9.000710000000000655e-02 -2.792120000000000019e-02 1.437650000000000039e-01 -9.246090000000000142e-01 8.033270000000000133e-01 -9.025570000000000537e-01 1.393490000000000006e-01 -3.237609999999999794e-02 9.018239999999999590e-02 -1.106039999999999940e-01 6.672079999999999678e-02 -4.284070000000000239e-02 4.900279999999999914e-02 -4.046020000000000172e-02 3.217359999999999665e-02 -2.558919999999999945e-02 2.504939999999999944e-02 -1.923769999999999994e-02 1.431930000000000008e-02 -1.543880000000000079e-02 9.031749999999999848e-03 -5.073620000000000040e-03 -1.430939999999999903e-03 -4.864639999999999936e-03 4.005129999999999975e-03 -3.372899999999999857e-03 -5.661669999999999724e-03 -7.107040000000000449e-04 -3.599929999999999884e-03 -4.474259999999999869e-03 2.824310000000000015e-03 -7.767040000000000229e-03 5.609639999999999939e-03 -7.992279999999999177e-03 1.046410000000000048e-02 -1.405600000000000079e-02 4.937719999999999609e-03 -1.180860000000000069e-02 1.950380000000000169e-02 -2.875079999999999997e-02 1.315689999999999915e-02 -3.142459999999999698e-02 2.671580000000000135e-02 -2.632560000000000108e-02 2.611770000000000064e-02 -3.421860000000000179e-02 3.840280000000000082e-02 -3.811080000000000023e-02 2.707359999999999975e-02
1.771379999999999830e-02 -1.536919999999999953e-02 1.792250000000000093e-02 -1.568069999999999881e-02 2.513810000000000003e-02 -2.359599999999999892e-02 3.243530000000000024e-02 -4.633489999999999831e-02 4.707240000000000035e-02 -3.980609999999999704e-02 5.866589999999999999e-02 -1.050350000000000034e-01 8.172830000000000372e-02 -3.600939999999999697e-02 1.324869999999999937e-01 -9.025570000000000537e-01 8.023569999999999869e-01 -9.344580000000000108e-01 1.320439999999999947e-01 -2.994120000000000115e-02 8.452719999999999678e-02 -1.188209999999999961e-01 5.053710000000000147e-02 -3.177259999999999807e-02 2.907850000000000018e-02 -3.681519999999999931e-02 1.837269999999999875e-02 -1.720290000000000014e-02 1.309249999999999997e-02 -1.727290000000000075e-02 4.796250000000000166e-03 -3.830230000000000006e-03 2.326860000000000039e-03 8.812569999999999822e-04 8.443479999999999736e-03 3.403900000000000068e-03 -6.829589999999999966e-03 5.008170000000000156e-03 -3.530740000000000094e-03 8.062629999999999450e-03 -1.490929999999999903e-03 4.258070000000000084e-03 6.880200000000000378e-03 2.102189999999999875e-03 7.566400000000000035e-03 -1.605190000000000089e-02 1.469829999999999921e-02 -1.348010000000000007e-02 1.277430000000000059e-02 -1.493640000000000072e-02 2.240730000000000152e-02 -9.229489999999999916e-03 2.980429999999999885e-02 -2.667850000000000082e-02 2.636279999999999873e-02 -2.117420000000000066e-02 2.803490000000000149e-02 -3.447329999999999839e-02 2.608910000000000048e-02 -1.961919999999999983e-02
-1.991360000000000005e-02 1.984160000000000090e-02 -2.505100000000000035e-02 1.875920000000000018e-02 -2.548829999999999846e-02 2.216200000000000114e-02 -2.626370000000000093e-02 3.325940000000000146e-02 -3.828920000000000240e-02 4.847119999999999901e-02 -3.958590000000000025e-02 5.424989999999999674e-02 -1.099200000000000038e-01 9.103400000000000380e-02 -3.652269999999999822e-02 1.393490000000000006e-01 -9.344580000000000108e-01 8.011049999999999560e-01 -8.925480000000000080e-01 1.313229999999999953e-01 -3.672530000000000239e-02 9.220079999999999942e-02 -1.119969999999999993e-01 6.189340000000000119e-02 -3.277719999999999939e-02 3.546590000000000159e-02 -3.709370000000000028e-02 2.594700000000000131e-02 -1.937940000000000149e-02 2.330569999999999864e-02 -1.864870000000000069e-02 7.440079999999999957e-03 -1.559829999999999897e-03 -3.854440000000000210e-03 -1.160689999999999986e-02 4.042480000000000205e-03 2.692389999999999801e-03 -2.952380000000000108e-03 -4.614670000000000404e-03 -3.398659999999999745e-04 -4.298559999999999881e-03 3.856290000000000065e-03 -8.268319999999999143e-03 1.699589999999999955e-03 -1.082690000000000041e-02 1.852739999999999942e-02 -1.855290000000000064e-02 1.981460000000000166e-02 -1.940029999999999880e-02 2.150180000000000147e-02 -2.877680000000000168e-02 1.627229999999999996e-02 -3.894059999999999883e-02 2.918890000000000026e-02 -2.205959999999999865e-02 2.292910000000000087e-02 -3.019229999999999831e-02 2.973879999999999926e-02 -1.924060000000000006e-02 1.788640000000000022e-02
1.491080000000000010e-02 -2.016859999999999833e-02 1.715440000000000020e-02 -1.518790000000000071e-02 2.065130000000000091e-02 -1.121250000000000024e-02 1.793890000000000068e-02 -2.570820000000000050e-02 2.261289999999999828e-02 -5.254640000000000005e-02 4.103720000000000284e-02 -3.519250000000000156e-02 5.791639999999999983e-02 -1.089519999999999933e-01 8.228149999999999353e-02 -3.237609999999999794e-02 1.320439999999999947e-01 -8.925480000000000080e-01 8.005060000000000509e-01 -9.498999999999999666e-01 1.325139999999999929e-01 -3.546830000000000122e-02 7.890199999999999991e-02 -1.105420000000000014e-01 4.893929999999999808e-02 -3.145490000000000091e-02 2.940009999999999846e-02 -4.035919999999999785e-02 3.003199999999999967e-02 -1.827799999999999911e-02 1.152680000000000024e-02 -1.193529999999999938e-02 1.196320000000000022e-02 -3.317399999999999863e-03 1.094430000000000056e-02 -1.189370000000000011e-02 -4.918999999999999762e-03 -6.598090000000000248e-04 -1.570049999999999918e-03 2.687140000000000188e-03 3.925350000000000193e-03 -1.729690000000000090e-03 1.331159999999999982e-02 -7.288399999999999566e-03 8.538520000000000831e-03 -1.633930000000000105e-02 1.720690000000000067e-02 -2.156960000000000127e-02 2.259320000000000078e-02 -1.912080000000000030e-02 3.080779999999999977e-02 -1.723819999999999866e-02 3.867210000000000092e-02 -3.168750000000000039e-02 2.659759999999999902e-02 -2.646909999999999888e-02 2.788279999999999925e-02 -2.326939999999999911e-02 2.177689999999999834e-02 -1.649470000000000103e-02
-3.058570000000000039e-02 3.104159999999999905e-02 -3.140280000000000155e-02 3.447950000000000320e-02 -3.714780000000000165e-02 2.313329999999999900e-02 -2.498739999999999989e-02 2.689019999999999952e-02 -2.061920000000000072e-02 4.168329999999999952e-02 -5.168280000000000096e-02 4.616710000000000258e-02 -3.900510000000000088e-02 5.767119999999999885e-02 -1.241089999999999971e-01 9.018239999999999590e-02 -2.994120000000000115e-02 1.313229999999999953e-01 -9.498999999999999666e-01 8.016109999999999625e-01 -8.795070000000000388e-01 1.370180000000000009e-01 -2.555320000000000161e-02 7.616159999999999597e-02 -9.171680000000000110e-02 4.544589999999999741e-02 -2.807549999999999976e-02 4.055670000000000108e-02 -3.510420000000000207e-02 2.456500000000000003e-02 -1.374069999999999979e-02 1.766960000000000058e-02 -1.505979999999999992e-02 3.542290000000000022e-03 -1.383750000000000084e-02 8.411979999999999458e-03 -1.987819999999999952e-03 2.911039999999999830e-04 2.848990000000000029e-03 -9.711340000000000597e-03 -1.464999999999999939e-03 -9.838810000000000350e-04 -6.396530000000000098e-03 3.696660000000000050e-03 -1.352650000000000033e-02 1.633199999999999930e-02 -1.707610000000000031e-02 2.864999999999999838e-02 -2.953300000000000022e-02 2.454790000000000097e-02 -3.469219999999999943e-02 1.668330000000000160e-02 -3.430280000000000135e-02 2.828570000000000043e-02 -2.516459999999999878e-02 2.714050000000000143e-02 -2.816159999999999844e-02 2.386740000000000042e-02 -3.547209999999999946e-02 3.060790000000000038e-02
1.784739999999999938e-02 -1.788160000000000097e-02 2.641150000000000095e-02 -2.393359999999999932e-02 2.007269999999999888e-02 -2.168170000000000167e-02 2.021970000000000017e-02 -2.266239999999999921e-02 1.974580000000000085e-02 -2.233330000000000037e-02 2.446529999999999885e-02 -4.117599999999999733e-02 4.510850000000000276e-02 -4.357010000000000050e-02 6.487139999999999573e-02 -1.106039999999999940e-01 8.452719999999999678e-02 -3.672530000000000239e-02 1.325139999999999929e-01 -8.795070000000000388e-01 8.014419999999999877e-01 -9.618889999999999940e-01 1.439209999999999934e-01 -3.330820000000000308e-02 7.151789999999999536e-02 -1.093969999999999942e-01 5.474169999999999731e-02 -3.103159999999999946e-02 3.388929999999999720e-02 -4.010029999999999845e-02 1.551600000000000028e-02 -9.853999999999999912e-03 4.393450000000000133e-03 -5.667189999999999901e-03 2.726979999999999942e-03 -1.454189999999999953e-03 1.181559999999999902e-03 -8.121339999999999462e-04 -6.008209999999999940e-03 8.583610000000000198e-03 -1.864910000000000005e-03 -1.685819999999999983e-03 1.699739999999999931e-03 -6.467269999999999790e-03 8.751059999999999742e-03 -2.227780000000000038e-02 1.337709999999999941e-02 -1.648519999999999847e-02 2.326030000000000111e-02 -1.358179999999999978e-02 2.780540000000000095e-02 -1.380259999999999994e-02 3.041189999999999866e-02 -1.778280000000000138e-02 1.742519999999999833e-02 -1.829609999999999917e-02 2.118139999999999953e-02 -1.783579999999999888e-02 2.041190000000000018e-02 -1.744909999999999864e-02
-2.107289999999999858e-02 1.737680000000000127e-02 -2.075600000000000014e-02 2.183469999999999855e-02 -2.204050000000000106e-02 2.482559999999999975e-02 -2.757729999999999904e-02 3.491879999999999984e-02 -3.656109999999999915e-02 3.440180000000000321e-02 -2.129259999999999833e-02 3.298990000000000256e-02 -6.203419999999999768e-02 4.651489999999999791e-02 -4.791340000000000182e-02 6.672079999999999678e-02 -1.188209999999999961e-01 9.220079999999999942e-02 -3.546830000000000122e-02 1.370180000000000009e-01 -9.618889999999999940e-01 8.021669999999999634e-01 -8.802130000000000232e-01 1.372359999999999969e-01 -2.797610000000000027e-02 8.413270000000000470e-02 -9.870189999999999519e-02 5.119819999999999927e-02 -3.201779999999999904e-02 3.956300000000000094e-02 -3.396480000000000332e-02 2.800319999999999893e-02 -1.669090000000000157e-02 1.840649999999999925e-02 -1.599379999999999899e-02 8.816759999999999875e-03 -1.202029999999999939e-02 4.336429999999999625e-03 -1.189300000000000079e-02 -1.533150000000000051e-03 7.660569999999999739e-05 -2.191269999999999937e-03 -1.502169999999999938e-03 1.528590000000000027e-03 -8.134370000000000142e-03 1.510060000000000048e-02 -1.307050000000000052e-02 1.304119999999999932e-02 -2.528400000000000092e-02 9.944829999999999989e-03 -3.009970000000000007e-02 1.455769999999999981e-02 -3.319690000000000141e-02 2.119009999999999991e-02 -1.302509999999999953e-02 1.965630000000000155e-02 -2.507180000000000172e-02 1.652040000000000106e-02 -2.435870000000000049e-02 1.655449999999999977e-02
1.796930000000000055e-02 -2.112259999999999832e-02 2.118509999999999838e-02 -1.689639999999999892e-02 1.418619999999999950e-02 -1.482550000000000014e-02 2.590879999999999919e-02 -3.056930000000000064e-02 2.379749999999999921e-02 -3.262219999999999703e-02 2.461959999999999843e-02 -2.296329999999999899e-02 3.670160000000000089e-02 -3.954189999999999788e-02 4.282590000000000008e-02 -4.284070000000000239e-02 5.053710000000000147e-02 -1.119969999999999993e-01 7.890199999999999991e-02 -2.555320000000000161e-02 1.439209999999999934e-01 -8.802130000000000232e-01 8.020549999999999624e-01 -9.511730000000000462e-01 1.376539999999999986e-01 -2.949600000000000138e-02 6.665899999999999603e-02 -1.064439999999999970e-01 4.798319999999999669e-02 -2.398159999999999875e-02 2.836460000000000023e-02 -4.333750000000000102e-02 1.219570000000000029e-02 -5.600309999999999837e-03 1.518139999999999941e-02 -2.157720000000000124e-02 1.406819999999999946e-02 -1.158299999999999955e-02 1.302129999999999954e-02 -7.242740000000000115e-03 1.047230000000000036e-02 -1.268030000000000025e-02 1.636800000000000060e-02 -1.558159999999999927e-02 1.595310000000000131e-02 -2.428440000000000112e-02 1.424450000000000022e-02 -1.076590000000000012e-02 1.982460000000000125e-02 -9.934260000000000312e-03 2.591370000000000132e-02 -1.514139999999999930e-02 3.114259999999999945e-02 -1.929229999999999834e-02 2.119690000000000116e-02 -2.215040000000000064e-02 2.415760000000000129e-02 -1.273149999999999976e-02 1.745970000000000161e-02 -2.104129999999999889e-02
-2.220569999999999836e-02 1.731330000000000022e-02 -1.705910000000000065e-02 1.061679999999999915e-02 -2.051429999999999920e-02 1.985519999999999993e-02 -1.907910000000000161e-02 3.228369999999999851e-02 -1.769379999999999911e-02 2.025240000000000026e-02 -2.518410000000000093e-02 1.716070000000000095e-02 -2.829860000000000014e-02 2.479459999999999997e-02 -4.982910000000000117e-02 4.900279999999999914e-02 -3.177259999999999807e-02 6.189340000000000119e-02 -1.105420000000000014e-01 7.616159999999999597e-02 -3.330820000000000308e-02 1.372359999999999969e-01 -9.511730000000000462e-01 8.030490000000000128e-01 -8.652290000000000258e-01 1.462710000000000121e-01 -1.856179999999999983e-02 7.587190000000000600e-02 -8.750739999999999907e-02 4.467220000000000218e-02 -2.884899999999999964e-02 3.288340000000000013e-02 -2.501799999999999857e-02 1.238779999999999916e-02 -1.710180000000000033e-02 2.296509999999999871e-02 -5.429149999999999775e-03 5.678680000000000186e-03 -8.622269999999999587e-03 9.647650000000000236e-04 -1.346149999999999951e-02 1.595639999999999906e-02 -1.714430000000000121e-02 1.598569999999999852e-02 -2.017280000000000115e-02 1.373079999999999960e-02 -1.046389999999999994e-02 -4.295400000000000433e-03 -1.001039999999999916e-02 -2.776170000000000113e-03 -1.410170000000000000e-02 7.075409999999999859e-03 -1.990190000000000015e-02 1.106889999999999957e-02 -1.742439999999999961e-02 1.370509999999999957e-02 -1.802859999999999879e-02 1.202559999999999914e-02 -1.950640000000000013e-02 2.392029999999999851e-02
1.328879999999999992e-02 -9.849649999999999725e-03 1.088940000000000047e-02 -8.360489999999999935e-03 1.730059999999999931e-02 -1.707109999999999878e-02 1.311050000000000063e-02 -2.442880000000000051e-02 1.381830000000000037e-02 -4.190489999999999840e-03 9.234910000000000688e-03 -9.227080000000000351e-03 1.321740000000000068e-02 -5.360679999999999612e-03 2.799170000000000130e-02 -4.046020000000000172e-02 2.907850000000000018e-02 -3.277719999999999939e-02 4.893929999999999808e-02 -9.171680000000000110e-02 7.151789999999999536e-02 -2.797610000000000027e-02 1.376539999999999986e-01 -8.652290000000000258e-01 8.030969999999999498e-01 -9.726359999999999451e-01 1.350490000000000024e-01 -3.265450000000000297e-02 7.989409999999999568e-02 -1.138330000000000036e-01 5.236899999999999888e-02 -3.187439999999999718e-02 2.992879999999999846e-02 -4.001310000000000283e-02 2.927859999999999838e-02 -2.607059999999999933e-02 1.126850000000000074e-02 -2.510799999999999838e-02 2.267140000000000127e-02 -9.144040000000000848e-03 1.542579999999999993e-02 -2.146280000000000063e-02 1.573170000000000124e-02 -2.332930000000000073e-02 2.133159999999999917e-02 -1.184559999999999953e-02 1.152219999999999980e-02 -7.915210000000000648e-03 1.549910000000000003e-02 -3.175879999999999849e-03 1.967769999999999936e-02 -1.532080000000000074e-02 2.464310000000000112e-02 -1.078510000000000059e-02 1.652230000000000018e-02 -2.097809999999999953e-02 2.525260000000000005e-02 -1.982309999999999975e-02 2.207289999999999947e-02 -1.435439999999999980e-02
-1.483499999999999923e-02 1.478540000000000063e-02 -1.503200000000000022e-02 1.745990000000000042e-02 -2.640079999999999857e-02 1.474890000000000055e-02 -1.762379999999999849e-02 2.642030000000000073e-02 -2.243850000000000011e-02 1.128670000000000020e-02 -1.089790000000000030e-02 7.865620000000000250e-03 -2.547529999999999933e-02 1.317639999999999957e-02 -3.004319999999999907e-02 3.217359999999999665e-02 -3.681519999999999931e-02 3.546590000000000159e-02 -3.145490000000000091e-02 4.544589999999999741e-02 -1.093969999999999942e-01 8.413270000000000470e-02 -2.949600000000000138e-02 1.462710000000000121e-01 -9.726359999999999451e-01 8.025900000000000256e-01 -8.557700000000000307e-01 1.327299999999999869e-01 -2.054430000000000145e-02 6.986770000000000480e-02 -8.161730000000000373e-02 4.919389999999999874e-02 -1.772050000000000014e-02 2.894860000000000141e-02 -3.170089999999999714e-02 2.879970000000000099e-02 -7.100139999999999577e-03 1.349829999999999953e-02 -1.489990000000000064e-02 -8.168309999999999590e-04 -3.686710000000000161e-03 1.133130000000000075e-02 -7.382520000000000054e-03 7.620540000000000300e-03 -1.514949999999999977e-02 9.246120000000000033e-03 -1.066560000000000077e-02 5.510300000000000094e-03 -1.588809999999999875e-02 3.777829999999999817e-03 -1.432040000000000049e-02 1.335219999999999983e-02 -2.289019999999999944e-02 1.334499999999999922e-02 -1.895300000000000110e-02 2.040399999999999853e-02 -2.732650000000000010e-02 1.929290000000000171e-02 -2.291730000000000156e-02 1.450809999999999947e-02
