# <Sz_i Sz_j >
7.848118732000000097e-01 -1.073476465000000046e-01 -6.965797854000000192e-03 8.468861680000000156e-03 1.811004870999999988e-02 -1.282359638999999996e-01
-1.073476465000000046e-01 7.769437462999999600e-01 -1.216150098000000068e-01 2.478746940000000243e-04 1.736759621999999989e-02 1.077969238000000066e-02
-6.965797854000000192e-03 -1.216150098000000068e-01 7.816158383000000320e-01 -1.074307424000000011e-01 -3.015146562000000155e-03 -1.079936876999999969e-02
8.468861680000000156e-03 2.478746940000000243e-04 -1.074307424000000011e-01 7.766898116999999546e-01 -1.192935346000000008e-01 -1.815731722000000050e-03
1.811004870999999988e-02 1.736759621999999989e-02 -3.015146562000000155e-03 -1.192935346000000008e-01 7.805569341000000438e-01 -9.077740031000000598e-02
-1.282359638999999996e-01 1.077969238000000066e-02 -1.079936876999999969e-02 -1.815731722000000050e-03 -9.077740031000000598e-02 7.811314652999999941e-01
