# d<Sz_i Sz_j >
2.817715248000000026e-03 1.415592836000000021e-02 1.323949070999999936e-02 1.302932421000000014e-02 1.310280236000000050e-02 1.440024386000000010e-02
1.415592836000000021e-02 2.886063283000000080e-03 1.396270183999999935e-02 1.282783610999999914e-02 1.292191238999999998e-02 1.306948773000000084e-02
1.323949070999999936e-02 1.396270183999999935e-02 2.837438921000000076e-03 1.429238034000000074e-02 1.310446894999999987e-02 1.309861753999999948e-02
1.302932421000000014e-02 1.282783610999999914e-02 1.429238034000000074e-02 2.841556021000000206e-03 1.413197870000000057e-02 1.305961263999999913e-02
1.310280236000000050e-02 1.292191238999999998e-02 1.310446894999999987e-02 1.413197870000000057e-02 2.928631194000000208e-03 1.440450511999999926e-02
1.440024386000000010e-02 1.306948773000000084e-02 1.309861753999999948e-02 1.305961263999999913e-02 1.440450511999999926e-02 2.833713450999999790e-03
