# <Sz_i Sz_j >
7.477962769999999537e-01 -2.193852175999999876e-01 1.021580413999999964e-01 -8.984719905000000673e-02 9.107105999999999535e-02 -9.995580950999999326e-02 1.072468678000000064e-01 -2.280445557999999928e-01 -2.367191298000000110e-01 1.163024326000000053e-01 -1.066577496000000042e-01 8.728358981000000627e-02 -8.459573581000000286e-02 8.728415375999999670e-02 -1.151699570999999978e-01 1.126790584999999983e-01 1.092236573999999932e-01 -1.110880654999999995e-01 9.617430836000000205e-02 -8.374996810000000236e-02 8.687430126999999558e-02 -9.131375035000000029e-02 9.775033290000000041e-02 -1.067407657999999981e-01 -8.441416176999999577e-02 8.967856304000000611e-02 -9.092118584000000170e-02 8.558266674999999435e-02 -9.019366778000000029e-02 8.934564286000000466e-02 -8.853657339999999876e-02 9.173032640999999321e-02 8.817836384999999666e-02 -9.160733873000000138e-02 8.851164388000000438e-02 -8.780504695999999387e-02 9.293992784000000562e-02 -8.640864069999999730e-02 8.710075992999999350e-02 -9.256364120000000473e-02 -9.550035680000000526e-02 8.604205564000000361e-02 -9.060233958999999726e-02 8.838422110999999415e-02 -8.423769937000000207e-02 8.915150068999999622e-02 -9.728056361999999624e-02 9.648252762999999510e-02 1.075288105999999966e-01 -1.036387961999999940e-01 7.767318347000000400e-02 -8.719824128000000507e-02 8.215865043999999451e-02 -9.805590824000000316e-02 1.052668895000000021e-01 -1.218003542999999966e-01 -2.345016206999999964e-01 1.117065618000000066e-01 -1.042690000999999950e-01 9.871804581000000189e-02 -9.355212631999999806e-02 9.532065933000000157e-02 -1.201856027999999993e-01 1.261107499000000132e-01
-2.193852175999999876e-01 7.481977655999999532e-01 -2.136302605000000021e-01 9.270650869999999544e-02 -9.375649979000000300e-02 8.849655102999999523e-02 -9.142301474000000261e-02 1.033730748000000060e-01 1.191288395000000000e-01 -2.327999259999999904e-01 1.115749057000000044e-01 -1.058630593000000064e-01 8.636266076000000125e-02 -8.838440576999999354e-02 9.689054165999999579e-02 -1.084016807999999971e-01 -1.157231288000000052e-01 1.092817605000000053e-01 -1.062813177000000026e-01 8.755455404999999691e-02 -7.851580590999999998e-02 7.792692759000000025e-02 -8.913397066000000590e-02 9.203484963999999935e-02 8.675658308000000485e-02 -1.013703715999999949e-01 8.999111159000000582e-02 -9.229641366000000680e-02 7.981974387000000115e-02 -8.355269802999999718e-02 9.077077842000000341e-02 -8.990343837000000504e-02 -9.071173183000000306e-02 9.600218209999999974e-02 -8.811444728999999476e-02 8.886283857000000508e-02 -8.424791834000000534e-02 8.288638735999999396e-02 -8.694119358999999325e-02 8.746434392000000668e-02 8.918873328000000156e-02 -9.490442411999999717e-02 8.330938113999999950e-02 -8.508571829000000086e-02 8.135972419999999705e-02 -7.582009769000000454e-02 8.111171777999999499e-02 -8.619766468999999487e-02 -1.079834714999999973e-01 9.850022217999999941e-02 -9.753080269000000135e-02 9.038780204000000651e-02 -7.874113089999999759e-02 8.143104528000000286e-02 -9.197142331999999532e-02 9.403277167000000103e-02 1.092812132999999991e-01 -2.281489572000000021e-01 1.072754486000000035e-01 -1.040597944000000025e-01 9.120238552999999915e-02 -9.065382968000000596e-02 9.485778434000000092e-02 -1.024885808000000065e-01
1.021580413999999964e-01 -2.136302605000000021e-01 7.489285656999999929e-01 -2.296563895000000022e-01 1.008003279000000002e-01 -8.583060387999999485e-02 7.567922812999999804e-02 -7.947020144999999980e-02 -1.059263747000000061e-01 1.081958335000000049e-01 -2.257460795000000020e-01 1.175918294000000003e-01 -9.759689416000000284e-02 8.631446580000000368e-02 -8.034593219999999758e-02 8.410904379000000430e-02 8.620332701999999792e-02 -1.081100574000000009e-01 9.068073023999999316e-02 -1.055251759000000039e-01 8.834505172999999878e-02 -8.644181874999999626e-02 8.888539018999999652e-02 -9.763551008000000142e-02 -8.790613572000000042e-02 9.037469016999999383e-02 -8.718719644000000324e-02 9.265038525999999552e-02 -8.747414930999999894e-02 8.965246986000000029e-02 -9.915828687000000086e-02 9.800434335999999580e-02 8.765097837999999419e-02 -8.991735203999999537e-02 8.545379687000000113e-02 -8.035370327999999396e-02 7.996765905000000063e-02 -8.899656947999999568e-02 8.649599365000000539e-02 -9.555626828999999600e-02 -9.431674250999999565e-02 9.317874888999999605e-02 -8.742821705000000665e-02 9.036706769999999778e-02 -8.112698328999999597e-02 8.388270249000000234e-02 -8.168273668999999348e-02 8.583221729999999938e-02 9.095688820000000230e-02 -9.789997786000000091e-02 9.483321856000000161e-02 -1.134734820000000005e-01 8.509111636999999728e-02 -9.373746208000000024e-02 9.838827625000000354e-02 -9.878240989000000583e-02 -1.048094836999999974e-01 1.058147115000000055e-01 -2.192489452999999977e-01 1.112545085000000017e-01 -1.125568519999999989e-01 9.148774660000000281e-02 -9.013250792999999428e-02 8.652673478000000307e-02
-8.984719905000000673e-02 9.270650869999999544e-02 -2.296563895000000022e-01 7.471361260000000115e-01 -2.281215282999999872e-01 9.545534294999999392e-02 -7.478564288000000282e-02 6.897486697999999361e-02 9.032717254000000029e-02 -1.098270036999999949e-01 1.133086130999999969e-01 -2.249010292999999994e-01 1.104402946999999968e-01 -9.504373936000000411e-02 8.786516636999999741e-02 -8.141689255999999542e-02 -8.514418946000000543e-02 9.068010519999999963e-02 -1.010051086000000042e-01 1.027271408000000052e-01 -1.045521969000000051e-01 8.821142417999999763e-02 -9.004834820000000295e-02 8.345654449999999336e-02 8.300583929999999500e-02 -9.629638417999999978e-02 8.207658626000000068e-02 -8.384303540000000166e-02 8.489271177000000390e-02 -8.484904254000000257e-02 8.797251911999999507e-02 -9.263294542000000131e-02 -9.334920707999999623e-02 9.016490556999999517e-02 -7.746381418999999380e-02 7.480541088999999311e-02 -7.946101945000000333e-02 9.046484810999999571e-02 -8.124492242000000419e-02 9.604328147000000537e-02 8.890500385999999811e-02 -8.022623237999999823e-02 8.811724493000000491e-02 -8.977864818000000358e-02 6.899132919000000586e-02 -8.351448229999999806e-02 7.789049671000000674e-02 -8.951120870999999812e-02 -8.157926173000000503e-02 8.755139474999999727e-02 -1.038476878999999992e-01 1.021954295000000040e-01 -9.716235914000000140e-02 9.402148593999999637e-02 -8.147454643000000274e-02 8.996998479999999965e-02 8.787110659999999851e-02 -9.976929981000000336e-02 1.079318912999999991e-01 -2.305916312999999884e-01 1.147932485000000002e-01 -1.026947760999999959e-01 8.488467529000000289e-02 -7.250237068999999812e-02
9.107105999999999535e-02 -9.375649979000000300e-02 1.008003279000000002e-01 -2.281215282999999872e-01 7.496802340999999537e-01 -2.339527493000000125e-01 9.275714382999999952e-02 -7.849560537999999976e-02 -9.091485309999999820e-02 9.943625473999999353e-02 -1.033081116999999965e-01 1.113511623000000006e-01 -2.186865511999999956e-01 1.141258448999999953e-01 -1.007744710999999987e-01 8.477850874999999509e-02 8.688423709999999744e-02 -9.055612082000000229e-02 8.854813225999999537e-02 -1.078749029999999942e-01 9.649720667000000196e-02 -9.532349779000000300e-02 8.667399775999999612e-02 -8.394224909000000401e-02 -8.855415054000000119e-02 8.351497652000000604e-02 -8.425870324999999716e-02 7.874148982999999713e-02 -8.365319610999999433e-02 9.422317826999999923e-02 -9.391344406000000367e-02 9.485775521000000543e-02 9.053029277000000652e-02 -8.355743698999999747e-02 8.398483762000000241e-02 -7.930791696000000224e-02 8.777982773999999655e-02 -9.393109954999999400e-02 8.847018606999999812e-02 -8.578938325000000364e-02 -7.807605563000000193e-02 8.673893887000000413e-02 -8.816847747000000624e-02 8.788605292999999985e-02 -8.546227262000000158e-02 9.167160363000000090e-02 -9.390657025000000158e-02 9.444081055000000391e-02 8.092194666999999453e-02 -9.075252600000000003e-02 9.094057711000000377e-02 -1.036321523000000022e-01 9.632274534000000166e-02 -1.099162753000000048e-01 9.455577694000000255e-02 -8.655018736000000268e-02 -8.599498912000000383e-02 9.115549761999999778e-02 -9.930217623999999799e-02 1.150550778999999968e-01 -2.295697922999999918e-01 1.247091245999999987e-01 -1.035158375999999936e-01 7.760253749999999895e-02
-9.995580950999999326e-02 8.849655102999999523e-02 -8.583060387999999485e-02 9.545534294999999392e-02 -2.339527493000000125e-01 7.516458004999999609e-01 -2.231034255000000077e-01 9.076429183999999706e-02 1.030574038000000026e-01 -9.898268494999999667e-02 8.747400896000000203e-02 -1.095384102999999998e-01 1.125349090000000024e-01 -2.271927668000000011e-01 1.115011811999999936e-01 -1.076625865999999987e-01 -9.853897106999999489e-02 9.347536919000000444e-02 -8.854374371999999827e-02 9.781293466000000325e-02 -1.052683997999999954e-01 9.522532304000000392e-02 -1.092676070000000027e-01 9.817549585000000245e-02 9.502959565999999358e-02 -8.444573157000000163e-02 7.945475276999999781e-02 -8.725022401000000205e-02 8.700936782000000258e-02 -7.973224182999999465e-02 8.955808358000000302e-02 -9.277954385999999387e-02 -8.536733099000000380e-02 7.842427826999999463e-02 -8.910751835999999870e-02 8.404797994000000327e-02 -8.496804514000000363e-02 9.669618448000000255e-02 -8.526379896999999874e-02 8.293957009999999852e-02 7.086929477999999449e-02 -7.426929303000000260e-02 8.628864541000000332e-02 -9.402217086000000390e-02 9.388876300000000008e-02 -8.861939941999999459e-02 8.631375092000000138e-02 -9.174406787000000119e-02 -8.548962090999999430e-02 8.580512086000000038e-02 -8.033834145000000315e-02 9.609365067000000260e-02 -1.086867244000000038e-01 9.925463908999999918e-02 -1.028007477000000003e-01 9.372513843999999428e-02 9.019547248999999767e-02 -8.612090528999999384e-02 8.668541234000000373e-02 -1.095559286999999993e-01 1.231569074000000014e-01 -2.284904123000000009e-01 1.111859818000000000e-01 -1.039331837000000008e-01
1.072468678000000064e-01 -9.142301474000000261e-02 7.567922812999999804e-02 -7.478564288000000282e-02 9.275714382999999952e-02 -2.231034255000000077e-01 7.467886124999999486e-01 -2.260386744000000003e-01 -1.101101074999999985e-01 8.634994389000000270e-02 -6.955332039000000632e-02 7.439913721999999452e-02 -1.001635077000000013e-01 1.097763655999999949e-01 -2.290293451000000036e-01 1.122640750000000048e-01 9.203016958000000136e-02 -8.274647268000000222e-02 7.870181800999999366e-02 -7.944686188999999787e-02 8.203385237999999413e-02 -9.348489291000000589e-02 1.008451472999999932e-01 -1.017117175000000068e-01 -8.321374882000000250e-02 8.407519434999999319e-02 -8.527231916999999939e-02 8.493075597999999449e-02 -7.514493053000000089e-02 7.982179221000000602e-02 -8.333346423000000114e-02 8.385344224000000624e-02 8.497947630999999613e-02 -7.953939490000000445e-02 8.514446486000000480e-02 -7.749305916000000238e-02 7.834748252999999829e-02 -8.018424131000000121e-02 7.917974548999999473e-02 -7.370220421999999771e-02 -7.545877352999999510e-02 7.636463898999999722e-02 -7.429812176000000212e-02 7.937247994000000417e-02 -8.909093380999999479e-02 7.792293120000000350e-02 -8.263304834000000099e-02 8.363320529999999919e-02 9.481655656000000099e-02 -8.742798754000000172e-02 6.244116091000000146e-02 -8.039444001999999923e-02 8.398983265999999948e-02 -1.043533846999999959e-01 9.748471956000000216e-02 -1.006915605999999935e-01 -1.124506447999999992e-01 8.691684329000000375e-02 -7.604437245999999540e-02 7.917992582999999751e-02 -9.957679513000000648e-02 1.058241220000000066e-01 -2.270385400999999914e-01 1.170263735999999971e-01
-2.280445557999999928e-01 1.033730748000000060e-01 -7.947020144999999980e-02 6.897486697999999361e-02 -7.849560537999999976e-02 9.076429183999999706e-02 -2.260386744000000003e-01 7.477913671000000484e-01 1.189304610000000012e-01 -1.087699911000000047e-01 8.582772352999999688e-02 -7.264404972000000626e-02 7.943277494000000605e-02 -9.870025665999999920e-02 1.151808260000000000e-01 -2.215959449999999886e-01 -1.125768364999999993e-01 8.875547269000000350e-02 -8.525185630999999875e-02 6.952014253999999616e-02 -7.972248413999999395e-02 8.725607790000000641e-02 -1.061929454999999967e-01 1.059717698999999985e-01 8.693278353000000180e-02 -8.479708545000000375e-02 8.364498536999999401e-02 -8.413744997000000003e-02 7.827138407000000520e-02 -8.631959055000000547e-02 8.477885503000000267e-02 -9.116032172999999350e-02 -8.170392886999999771e-02 8.087646433999999551e-02 -7.806833561999999838e-02 8.077458294000000594e-02 -8.074604670000000428e-02 8.374708187000000359e-02 -8.431914457000000418e-02 7.708484119000000301e-02 8.258428277000000317e-02 -7.388740727999999758e-02 7.105038436999999707e-02 -7.504187984000000589e-02 8.228623212999999770e-02 -8.299051540000000615e-02 8.291727172000000479e-02 -9.053471877999999529e-02 -1.070614339999999970e-01 8.410038903000000010e-02 -7.468104611999999698e-02 6.914077102000000530e-02 -7.884014557000000589e-02 8.871649502999999493e-02 -1.079395833999999971e-01 1.157009548000000054e-01 1.186948797999999999e-01 -1.056710720000000048e-01 7.733129621999999814e-02 -7.029921301000000011e-02 7.619698688999999858e-02 -9.987035754999999682e-02 1.173354251999999959e-01 -2.271325419000000123e-01
-2.367191298000000110e-01 1.191288395000000000e-01 -1.059263747000000061e-01 9.032717254000000029e-02 -9.091485309999999820e-02 1.030574038000000026e-01 -1.101101074999999985e-01 1.189304610000000012e-01 7.475354840000000278e-01 -2.297882169999999891e-01 1.051496427999999983e-01 -9.762630775000000205e-02 8.443191233999999823e-02 -9.669429054000000523e-02 1.171759883000000058e-01 -2.320195143000000071e-01 -2.386079147999999872e-01 1.200292341000000068e-01 -1.123465921999999978e-01 8.874265683000000238e-02 -8.571383958000000636e-02 9.976657569999999864e-02 -1.180875469000000066e-01 1.229369480000000042e-01 1.035616134999999965e-01 -1.110198606000000060e-01 9.042826224000000135e-02 -9.284648596000000254e-02 9.037087086999999463e-02 -9.140036964000000652e-02 9.261648342000000644e-02 -1.078241248000000041e-01 -9.711273775999999802e-02 9.153889855999999825e-02 -8.789872177999999425e-02 9.271392024999999815e-02 -9.401799031999999445e-02 8.251956809999999587e-02 -7.878879733999999413e-02 8.608556499000000195e-02 8.896216955999999842e-02 -8.500875368999999404e-02 8.939615722999999514e-02 -8.626890868000000601e-02 9.342848132000000638e-02 -8.336157247000000603e-02 8.563834593999999911e-02 -9.539503601000000332e-02 -9.021576704000000557e-02 9.030673893000000507e-02 -8.012627881999999369e-02 8.455767064999999971e-02 -8.606409706999999798e-02 9.130374083999999446e-02 -9.223567388999999450e-02 9.218859527999999359e-02 1.075974608000000027e-01 -1.054444103999999938e-01 7.715638678000000250e-02 -9.061281529999999640e-02 9.092861751000000381e-02 -9.292230660000000420e-02 1.065010427000000065e-01 -1.110812795999999991e-01
1.163024326000000053e-01 -2.327999259999999904e-01 1.081958335000000049e-01 -1.098270036999999949e-01 9.943625473999999353e-02 -9.898268494999999667e-02 8.634994389000000270e-02 -1.087699911000000047e-01 -2.297882169999999891e-01 7.477156632000000469e-01 -2.222418726000000011e-01 1.076204394999999980e-01 -9.684640190000000370e-02 9.628909669000000615e-02 -9.049783319000000159e-02 1.062318760000000029e-01 1.193643800000000060e-01 -2.380711991999999999e-01 1.245658791999999931e-01 -1.130455732999999935e-01 8.685865321999999833e-02 -8.805644591000000299e-02 9.769542988000000372e-02 -1.118501873999999952e-01 -1.025905470000000042e-01 1.124365053000000031e-01 -1.148393357000000031e-01 1.047837917000000035e-01 -9.114110736000000101e-02 9.265911624000000568e-02 -1.026851351000000051e-01 9.940350440999999593e-02 9.413953824000000081e-02 -9.775000267000000242e-02 9.704562849999999463e-02 -9.497976207000000115e-02 8.562571034999999497e-02 -9.722286052999999650e-02 9.559886836000000554e-02 -9.091530588000000523e-02 -8.900522921999999559e-02 8.778448333999999686e-02 -9.508298424000000137e-02 9.698045926999999955e-02 -9.002597937999999578e-02 9.382666531000000143e-02 -9.355627568999999588e-02 8.747379164000000651e-02 9.015901463000000615e-02 -9.147656610000000355e-02 8.731899710000000370e-02 -8.611092591999999768e-02 8.659970868999999905e-02 -9.432117311000000337e-02 9.024137258999999356e-02 -9.614111071000000508e-02 -1.081399061999999966e-01 1.034944849000000028e-01 -1.008090484000000037e-01 1.008394043000000045e-01 -1.096469070999999962e-01 9.406126686999999320e-02 -1.002654617999999970e-01 9.848525999000000419e-02
-1.066577496000000042e-01 1.115749057000000044e-01 -2.257460795000000020e-01 1.133086130999999969e-01 -1.033081116999999965e-01 8.747400896000000203e-02 -6.955332039000000632e-02 8.582772352999999688e-02 1.051496427999999983e-01 -2.222418726000000011e-01 7.484210479999999777e-01 -2.366860279999999928e-01 9.783830284000000210e-02 -9.076505538000000095e-02 8.710856084000000166e-02 -9.208083171000000511e-02 -9.784262376999999788e-02 1.167016587999999966e-01 -2.216403446999999916e-01 1.115137818999999975e-01 -1.093958099999999961e-01 9.974116987999999406e-02 -8.995053168000000099e-02 9.939831937000000173e-02 9.216956666999999437e-02 -1.042398147999999969e-01 9.640596619999999839e-02 -9.916231702000000148e-02 9.465591750000000582e-02 -9.253012502000000639e-02 9.063328160000000411e-02 -9.419565740999999437e-02 -7.836774330000000066e-02 8.830133613000000492e-02 -9.247582336000000069e-02 9.252361241999999819e-02 -9.170644136000000168e-02 9.456227378999999822e-02 -8.525037641999999583e-02 8.827798005999999698e-02 8.025605459000000053e-02 -8.239956241000000181e-02 9.076155027000000486e-02 -9.264614445999999615e-02 8.053485858999999414e-02 -8.383442965000000024e-02 8.396383541999999367e-02 -8.097907604000000037e-02 -7.931689730999999521e-02 8.028468073000000205e-02 -8.444955856999999955e-02 8.539584047999999872e-02 -9.295884928000000547e-02 8.685439168000000376e-02 -7.809722665000000397e-02 8.076020241999999627e-02 8.750126502999999722e-02 -9.805206410000000261e-02 8.907445521000000033e-02 -1.100799122999999990e-01 1.035557109999999947e-01 -9.037465876000000398e-02 8.461291566999999680e-02 -7.874733305000000683e-02
8.728358981000000627e-02 -1.058630593000000064e-01 1.175918294000000003e-01 -2.249010292999999994e-01 1.113511623000000006e-01 -1.095384102999999998e-01 7.439913721999999452e-02 -7.264404972000000626e-02 -9.762630775000000205e-02 1.076204394999999980e-01 -2.366860279999999928e-01 7.516472659999999806e-01 -2.263551913000000082e-01 9.413884332999999938e-02 -8.436525648999999849e-02 7.690249322999999360e-02 8.793188753000000246e-02 -1.037527027999999990e-01 1.081427432000000022e-01 -2.237124088999999927e-01 1.118577795999999985e-01 -1.046304026000000054e-01 8.669696211999999846e-02 -9.001615122999999385e-02 -8.799998118000000591e-02 9.103644824999999885e-02 -9.956673016000000542e-02 9.430251389999999567e-02 -9.683551629999999355e-02 9.181139632000000217e-02 -9.188296121000000261e-02 8.765373709000000291e-02 7.729816024999999757e-02 -8.803588586999999688e-02 8.258762259000000661e-02 -8.549895360999999749e-02 8.375067326000000534e-02 -9.243881041000000243e-02 7.578114117999999733e-02 -8.538328896999999862e-02 -7.787875603999999674e-02 8.208426134000000596e-02 -8.262497095000000125e-02 8.231200618999999497e-02 -8.516455954000000383e-02 7.955300046999999597e-02 -7.329366827000000084e-02 8.286148826000000467e-02 7.176596244999999819e-02 -7.713877924999999747e-02 8.216986900000000649e-02 -8.717302896999999662e-02 8.270610824999999333e-02 -8.589495450999999615e-02 8.129826629000000415e-02 -8.295070762999999514e-02 -7.253959023000000617e-02 8.575390975999999665e-02 -9.803881883999999991e-02 1.010175380999999983e-01 -1.050736768000000015e-01 8.950786471999999661e-02 -8.266124901000000691e-02 7.584217086000000219e-02
-8.459573581000000286e-02 8.636266076000000125e-02 -9.759689416000000284e-02 1.104402946999999968e-01 -2.186865511999999956e-01 1.125349090000000024e-01 -1.001635077000000013e-01 7.943277494000000605e-02 8.443191233999999823e-02 -9.684640190000000370e-02 9.783830284000000210e-02 -2.263551913000000082e-01 7.472043985999999860e-01 -2.300597412000000008e-01 9.811581861000000238e-02 -7.933783585999999721e-02 -8.097905852999999488e-02 8.900926451000000517e-02 -1.075769198000000038e-01 1.205079752000000060e-01 -2.319424340000000029e-01 1.095791026000000057e-01 -1.020741150000000069e-01 8.984182581999999861e-02 9.145171069999999403e-02 -9.070955248999999776e-02 9.170010007999999935e-02 -1.071199657000000000e-01 1.002058172999999996e-01 -1.026521467000000021e-01 9.163025094000000481e-02 -9.826279060999999759e-02 -8.610098033999999401e-02 9.114984502999999572e-02 -9.081918422000000157e-02 8.521302326999999344e-02 -9.047246355999999379e-02 9.138742142000000346e-02 -8.525990808000000198e-02 8.318060601000000498e-02 8.870370210000000366e-02 -8.149040307999999566e-02 8.445192075000000631e-02 -9.022916865999999758e-02 7.959735965000000468e-02 -8.258391605999999829e-02 8.905741212999999934e-02 -8.631607661000000042e-02 -7.977175717999999971e-02 8.802438152000000016e-02 -8.281043792999999431e-02 7.872782191999999624e-02 -7.529345965000000529e-02 9.057567565000000653e-02 -8.734758189999999867e-02 8.380766990000000638e-02 8.599154113000000155e-02 -8.475721135000000017e-02 8.851254680999999513e-02 -1.029055561999999979e-01 9.380608269000000055e-02 -1.018027366999999933e-01 8.209863795999999825e-02 -8.198478847000000014e-02
8.728415375999999670e-02 -8.838440576999999354e-02 8.631446580000000368e-02 -9.504373936000000411e-02 1.141258448999999953e-01 -2.271927668000000011e-01 1.097763655999999949e-01 -9.870025665999999920e-02 -9.669429054000000523e-02 9.628909669000000615e-02 -9.076505538000000095e-02 9.413884332999999938e-02 -2.300597412000000008e-01 7.513098831000000200e-01 -2.270495419999999931e-01 9.188595744999999981e-02 8.865955612999999735e-02 -9.313944243999999761e-02 8.757334384999999888e-02 -9.514613024000000141e-02 1.098441815999999932e-01 -2.213535195000000122e-01 1.198501329999999976e-01 -1.073649626000000024e-01 -9.311617374000000225e-02 8.780909369000000630e-02 -8.760079009000000527e-02 8.776083184999999842e-02 -1.069810456999999992e-01 9.551240951999999396e-02 -1.025796355999999965e-01 9.343237912000000589e-02 8.519224995999999384e-02 -8.374404805000000562e-02 8.575055120999999780e-02 -8.531532243000000681e-02 9.019552487000000174e-02 -9.155086109000000472e-02 8.828510575999999610e-02 -8.367099517999999903e-02 -8.132838460999999852e-02 7.641716613000000546e-02 -8.165097500000000064e-02 8.793874488000000267e-02 -8.485470642999999591e-02 9.000294787000000241e-02 -9.133061235999999361e-02 8.626977552999999521e-02 8.780038144000000544e-02 -8.309791956999999785e-02 7.476251407999999488e-02 -8.129954490000000644e-02 7.832372129999999599e-02 -8.624347999999999737e-02 8.873794995000000574e-02 -9.216084954000000606e-02 -9.141932322000000111e-02 8.381079049999999586e-02 -7.770249163999999598e-02 8.523088686999999442e-02 -1.002857374999999995e-01 9.371778693000000493e-02 -1.042944313000000039e-01 9.221628198999999582e-02
-1.151699570999999978e-01 9.689054165999999579e-02 -8.034593219999999758e-02 8.786516636999999741e-02 -1.007744710999999987e-01 1.115011811999999936e-01 -2.290293451000000036e-01 1.151808260000000000e-01 1.171759883000000058e-01 -9.049783319000000159e-02 8.710856084000000166e-02 -8.436525648999999849e-02 9.811581861000000238e-02 -2.270495419999999931e-01 7.464677672999999736e-01 -2.303181588000000057e-01 -1.089803419999999939e-01 8.701762140999999562e-02 -8.490370217999999858e-02 8.610315735000000081e-02 -1.057039483999999974e-01 1.127218261999999999e-01 -2.317274914999999935e-01 1.124148645999999974e-01 8.754140897999999893e-02 -8.469476361000000120e-02 9.025584512999999809e-02 -9.144521330999999531e-02 9.103274014999999941e-02 -1.107290873000000009e-01 1.020153698000000053e-01 -1.015836583000000043e-01 -8.289620286000000393e-02 8.377852681000000357e-02 -8.875057344999999487e-02 8.944362318000000089e-02 -9.283870130999999359e-02 9.025377245000000548e-02 -9.222241587000000462e-02 8.691208083000000195e-02 8.160229807999999641e-02 -7.552252985000000585e-02 7.862780067999999845e-02 -9.046110196999999908e-02 8.964065150000000148e-02 -8.622994018000000593e-02 8.656227433999999499e-02 -9.275246261000000270e-02 -8.850128808000000402e-02 8.138675753999999318e-02 -7.992127739000000342e-02 8.495495265999999934e-02 -8.218399787999999817e-02 9.346103344999999452e-02 -8.763956737000000441e-02 9.030855263999999771e-02 1.033282739000000033e-01 -9.801251849000000571e-02 8.189719950000000359e-02 -8.478261573999999745e-02 8.942496499999999515e-02 -1.019993361999999987e-01 9.699782177999999311e-02 -1.081872497000000016e-01
1.126790584999999983e-01 -1.084016807999999971e-01 8.410904379000000430e-02 -8.141689255999999542e-02 8.477850874999999509e-02 -1.076625865999999987e-01 1.122640750000000048e-01 -2.215959449999999886e-01 -2.320195143000000071e-01 1.062318760000000029e-01 -9.208083171000000511e-02 7.690249322999999360e-02 -7.933783585999999721e-02 9.188595744999999981e-02 -2.303181588000000057e-01 7.496122683999999481e-01 1.235537114999999964e-01 -1.123354834999999996e-01 9.405669895000000336e-02 -8.454746864999999889e-02 8.908762815000000057e-02 -1.065267834000000052e-01 1.189630120000000069e-01 -2.222482225000000089e-01 -1.059476520999999977e-01 9.315424959000000171e-02 -8.583148150000000087e-02 8.292698030999999526e-02 -8.523819464000000068e-02 9.136298297999999318e-02 -1.012508151999999967e-01 9.338734691000000199e-02 8.415101674000000087e-02 -8.892016399999999599e-02 7.655233260999999567e-02 -8.153537813000000245e-02 8.259774862999999523e-02 -8.374988946000000434e-02 8.833763644000000581e-02 -8.588304523999999718e-02 -8.553592945000000614e-02 8.144186375999999672e-02 -8.151763435000000668e-02 8.399996708000000145e-02 -8.778116503999999765e-02 8.949302801000000307e-02 -8.736867202999999693e-02 8.652379242999999609e-02 8.943810202999999404e-02 -8.873614001000000584e-02 7.517483441000000211e-02 -7.626219884000000337e-02 8.325655865999999350e-02 -8.377867373000000284e-02 8.748194618000000589e-02 -9.823049909000000635e-02 -1.069900247000000054e-01 9.284449130999999911e-02 -8.380875346999999698e-02 8.422824477000000198e-02 -8.682571597999999558e-02 9.417285889000000243e-02 -1.038336276000000058e-01 1.026084911000000044e-01
1.092236573999999932e-01 -1.157231288000000052e-01 8.620332701999999792e-02 -8.514418946000000543e-02 8.688423709999999744e-02 -9.853897106999999489e-02 9.203016958000000136e-02 -1.125768364999999993e-01 -2.386079147999999872e-01 1.193643800000000060e-01 -9.784262376999999788e-02 8.793188753000000246e-02 -8.097905852999999488e-02 8.865955612999999735e-02 -1.089803419999999939e-01 1.235537114999999964e-01 7.490517704000000387e-01 -2.291743975999999960e-01 9.476432180999999622e-02 -9.082136640000000594e-02 8.863334202000000550e-02 -9.398600863000000638e-02 1.093438070000000012e-01 -2.421871815999999955e-01 -2.188927813000000056e-01 1.224041208999999963e-01 -1.010596854999999961e-01 9.143552382000000311e-02 -9.201817179000000568e-02 8.432297340000000085e-02 -1.026369508000000014e-01 1.215669890999999947e-01 9.783844363999999461e-02 -1.035330522000000031e-01 9.374329238999999647e-02 -9.377803442000000322e-02 8.582979608999999344e-02 -8.305946451000000008e-02 9.398104446999999695e-02 -1.061893480999999972e-01 -8.729946086999999799e-02 8.921838212999999573e-02 -8.361002607999999670e-02 8.163093243999999804e-02 -8.253475483000000112e-02 9.153027563000000477e-02 -9.842868517000000206e-02 9.847349337999999896e-02 8.859091927999999949e-02 -8.444026699999999941e-02 8.454919902999999404e-02 -8.200353749000000025e-02 8.571700358999999325e-02 -8.400740705999999725e-02 9.204707793999999943e-02 -9.020385345999999693e-02 -9.571848206999999942e-02 9.088325712000000500e-02 -7.969968823999999674e-02 7.852096457000000418e-02 -8.719637145000000422e-02 8.307898381000000665e-02 -1.008688258000000060e-01 9.200590296999999751e-02
-1.110880654999999995e-01 1.092817605000000053e-01 -1.081100574000000009e-01 9.068010519999999963e-02 -9.055612082000000229e-02 9.347536919000000444e-02 -8.274647268000000222e-02 8.875547269000000350e-02 1.200292341000000068e-01 -2.380711991999999999e-01 1.167016587999999966e-01 -1.037527027999999990e-01 8.900926451000000517e-02 -9.313944243999999761e-02 8.701762140999999562e-02 -1.123354834999999996e-01 -2.291743975999999960e-01 7.495017546000000142e-01 -2.330362327999999927e-01 1.012960623000000032e-01 -8.789816840000000409e-02 9.040428152000000439e-02 -9.323804834000000430e-02 1.077338067999999982e-01 1.108689942999999956e-01 -2.314438742000000104e-01 1.202094801999999962e-01 -1.126698260999999951e-01 9.137770029000000238e-02 -8.618690950000000572e-02 9.569895813999999834e-02 -1.129480414999999988e-01 -1.011158315000000030e-01 9.835314180000000184e-02 -1.109819066999999937e-01 9.606097422999999857e-02 -8.898686462999999547e-02 9.436899215999999813e-02 -9.181159662000000499e-02 9.465769267000000153e-02 9.020453884000000089e-02 -9.186686470999999576e-02 8.843318779999999324e-02 -9.183084809000000015e-02 8.963688376999999485e-02 -9.037930639999999793e-02 9.158001226999999689e-02 -9.126362047000000088e-02 -8.297339073999999981e-02 8.318615745999999311e-02 -8.749133020999999566e-02 8.823636319000000006e-02 -8.954097324000000191e-02 9.636966773999999791e-02 -9.112881425999999618e-02 8.458639885999999497e-02 8.713713121999999700e-02 -9.184983433000000475e-02 8.264868357000000609e-02 -9.269124841999999698e-02 9.410512326000000649e-02 -8.916352399999999401e-02 9.540020181000000155e-02 -9.296784308000000108e-02
9.617430836000000205e-02 -1.062813177000000026e-01 9.068073023999999316e-02 -1.010051086000000042e-01 8.854813225999999537e-02 -8.854374371999999827e-02 7.870181800999999366e-02 -8.525185630999999875e-02 -1.123465921999999978e-01 1.245658791999999931e-01 -2.216403446999999916e-01 1.081427432000000022e-01 -1.075769198000000038e-01 8.757334384999999888e-02 -8.490370217999999858e-02 9.405669895000000336e-02 9.476432180999999622e-02 -2.330362327999999927e-01 7.519913297000000441e-01 -2.211886230000000009e-01 9.921097465000000559e-02 -9.210021665999999774e-02 9.884634275999999720e-02 -9.694568890999999411e-02 -1.009781817000000026e-01 1.169551407999999959e-01 -2.256616686000000038e-01 1.080663562000000050e-01 -1.012010163000000018e-01 9.193193841999999782e-02 -8.694005424999999565e-02 8.254165924999999626e-02 8.387123130000000149e-02 -1.048693975000000028e-01 9.767292418999999615e-02 -1.024955557999999989e-01 8.802173453000000647e-02 -9.891827021000000608e-02 8.492500696999999432e-02 -8.886271473000000032e-02 -8.595105378999999546e-02 8.346723753000000190e-02 -9.323114010999999923e-02 8.784707948000000655e-02 -8.911642003000000423e-02 8.521356117999999424e-02 -8.933423423000000363e-02 7.993038078000000435e-02 7.559759132000000437e-02 -8.055095886999999455e-02 8.028239098999999379e-02 -7.892671918999999425e-02 8.052681579999999839e-02 -8.216159968000000258e-02 8.468918099000000144e-02 -8.068613989999999514e-02 -8.525335717000000202e-02 8.082987820999999740e-02 -7.793496346000000630e-02 9.418791075000000623e-02 -8.874680416999999877e-02 8.138104106999999310e-02 -9.024777833000000027e-02 7.851507901000000234e-02
-8.374996810000000236e-02 8.755455404999999691e-02 -1.055251759000000039e-01 1.027271408000000052e-01 -1.078749029999999942e-01 9.781293466000000325e-02 -7.944686188999999787e-02 6.952014253999999616e-02 8.874265683000000238e-02 -1.130455732999999935e-01 1.115137818999999975e-01 -2.237124088999999927e-01 1.205079752000000060e-01 -9.514613024000000141e-02 8.610315735000000081e-02 -8.454746864999999889e-02 -9.082136640000000594e-02 1.012960623000000032e-01 -2.211886230000000009e-01 7.499860255000000420e-01 -2.301426756000000129e-01 1.007159965000000018e-01 -8.869389007000000325e-02 9.016226289999999810e-02 9.746235512999999739e-02 -1.108015769000000039e-01 1.119386135000000060e-01 -2.287800241999999873e-01 1.139298197000000040e-01 -9.685154650999999726e-02 8.063849404999999526e-02 -7.994688537999999900e-02 -8.837576334999999728e-02 9.440349330000000205e-02 -1.107887022000000055e-01 1.001561306999999984e-01 -1.044911233000000023e-01 9.577343273999999740e-02 -8.195277419999999480e-02 9.156633835999999915e-02 7.261568502000000092e-02 -8.764998665999999827e-02 9.366653619999999736e-02 -9.478555892999999954e-02 8.609681076000000322e-02 -8.307120058000000418e-02 7.896744216999999899e-02 -7.612699052000000688e-02 -8.016217059999999894e-02 8.252953044999999932e-02 -7.868206083999999823e-02 7.927436458999999325e-02 -8.434492269000000431e-02 8.457745258000000377e-02 -7.736060600999999926e-02 7.778777878999999784e-02 7.626461813000000312e-02 -8.798971847000000568e-02 8.935830687000000105e-02 -8.794519615000000179e-02 8.858954662000000091e-02 -8.434379163999999873e-02 8.316494050000000637e-02 -7.214502435000000324e-02
8.687430126999999558e-02 -7.851580590999999998e-02 8.834505172999999878e-02 -1.045521969000000051e-01 9.649720667000000196e-02 -1.052683997999999954e-01 8.203385237999999413e-02 -7.972248413999999395e-02 -8.571383958000000636e-02 8.685865321999999833e-02 -1.093958099999999961e-01 1.118577795999999985e-01 -2.319424340000000029e-01 1.098441815999999932e-01 -1.057039483999999974e-01 8.908762815000000057e-02 8.863334202000000550e-02 -8.789816840000000409e-02 9.921097465000000559e-02 -2.301426756000000129e-01 7.477979952000000097e-01 -2.136916533000000062e-01 1.012010866000000037e-01 -9.235102841999999479e-02 -8.941951786000000568e-02 9.096199902000000337e-02 -1.014662729999999957e-01 1.132424295000000053e-01 -2.240441980000000000e-01 1.070141193999999962e-01 -9.842203420999999508e-02 9.600361447999999909e-02 9.214986323000000368e-02 -9.309322334000000310e-02 8.966143933999999593e-02 -9.017243275000000335e-02 1.014614880999999968e-01 -1.044422713999999947e-01 8.659016085000000029e-02 -8.923111070000000478e-02 -8.480844523000000135e-02 8.013895500999999866e-02 -7.982348783999999864e-02 8.750133778999999445e-02 -8.957249975000000641e-02 8.706056741999999848e-02 -8.928563941000000614e-02 7.419326014999999552e-02 7.478248657000000077e-02 -8.194811740999999317e-02 8.283743552000000232e-02 -8.083313897999999664e-02 8.294807808000000116e-02 -8.562867152000000481e-02 8.859474971000000365e-02 -8.023366700999999546e-02 -7.859530744999999874e-02 8.457930930000000236e-02 -8.916160452999999375e-02 8.885121265999999796e-02 -7.917093391000000480e-02 8.416118824000000387e-02 -8.506963959999999658e-02 7.862912427000000315e-02
-9.131375035000000029e-02 7.792692759000000025e-02 -8.644181874999999626e-02 8.821142417999999763e-02 -9.532349779000000300e-02 9.522532304000000392e-02 -9.348489291000000589e-02 8.725607790000000641e-02 9.976657569999999864e-02 -8.805644591000000299e-02 9.974116987999999406e-02 -1.046304026000000054e-01 1.095791026000000057e-01 -2.213535195000000122e-01 1.127218261999999999e-01 -1.065267834000000052e-01 -9.398600863000000638e-02 9.040428152000000439e-02 -9.210021665999999774e-02 1.007159965000000018e-01 -2.136916533000000062e-01 7.491872494000000327e-01 -2.287864786000000095e-01 1.090140671000000006e-01 9.817066355999999605e-02 -9.141840327000000377e-02 8.313159954000000351e-02 -1.099477075999999998e-01 1.232140983000000051e-01 -2.338028232000000095e-01 1.142861961999999953e-01 -1.074332145999999932e-01 -8.924857480999999482e-02 8.833999127000000118e-02 -9.610008402000000394e-02 8.768381947999999426e-02 -1.050853930999999936e-01 1.018539635999999998e-01 -1.069885128000000046e-01 1.014991504999999961e-01 9.585030808000000180e-02 -7.853314648999999703e-02 7.861942438999999783e-02 -8.800972897999999323e-02 8.989897445000000209e-02 -8.037348450999999561e-02 8.932223434000000073e-02 -8.813726259000000118e-02 -7.449414423000000340e-02 7.887884180000000189e-02 -7.471253216999999835e-02 7.245581619999999501e-02 -7.790596415999999358e-02 9.230797538000000413e-02 -8.718408582000000684e-02 8.431312635000000333e-02 7.796128646000000106e-02 -7.519825209000000066e-02 8.237754663999999338e-02 -9.293751410999999407e-02 8.256341459999999577e-02 -8.627281148000000288e-02 8.294032923999999918e-02 -9.041330346999999767e-02
9.775033290000000041e-02 -8.913397066000000590e-02 8.888539018999999652e-02 -9.004834820000000295e-02 8.667399775999999612e-02 -1.092676070000000027e-01 1.008451472999999932e-01 -1.061929454999999967e-01 -1.180875469000000066e-01 9.769542988000000372e-02 -8.995053168000000099e-02 8.669696211999999846e-02 -1.020741150000000069e-01 1.198501329999999976e-01 -2.317274914999999935e-01 1.189630120000000069e-01 1.093438070000000012e-01 -9.323804834000000430e-02 9.884634275999999720e-02 -8.869389007000000325e-02 1.012010866000000037e-01 -2.287864786000000095e-01 7.488413037000000161e-01 -2.265081723000000047e-01 -1.111725915000000009e-01 8.572015734000000553e-02 -8.734879433000000692e-02 8.737910519000000042e-02 -1.066618805999999947e-01 1.122890275999999937e-01 -2.204508612999999950e-01 1.179552841999999963e-01 9.807950282999999825e-02 -8.950151757999999513e-02 8.377265545999999785e-02 -8.310334190000000232e-02 9.202778107999999568e-02 -1.072627359000000030e-01 1.014637867999999971e-01 -1.055011730999999980e-01 -8.769104279999999363e-02 7.583750963999999484e-02 -8.291587018000000364e-02 8.457416392000000060e-02 -8.788561377999999646e-02 9.023505297999999397e-02 -9.223446328999999888e-02 9.617027877000000613e-02 8.008017818000000287e-02 -7.748623493999999556e-02 7.628541959000000039e-02 -7.207424648999999350e-02 8.201480865999999370e-02 -8.620366804000000049e-02 8.945326130000000320e-02 -8.278024857000000625e-02 -9.192845684000000572e-02 8.634168223999999503e-02 -8.364432451999999352e-02 8.728867687999999903e-02 -8.634472440000000304e-02 1.001223747999999969e-01 -8.976680548000000315e-02 8.663767692000000353e-02
-1.067407657999999981e-01 9.203484963999999935e-02 -9.763551008000000142e-02 8.345654449999999336e-02 -8.394224909000000401e-02 9.817549585000000245e-02 -1.017117175000000068e-01 1.059717698999999985e-01 1.229369480000000042e-01 -1.118501873999999952e-01 9.939831937000000173e-02 -9.001615122999999385e-02 8.984182581999999861e-02 -1.073649626000000024e-01 1.124148645999999974e-01 -2.222482225000000089e-01 -2.421871815999999955e-01 1.077338067999999982e-01 -9.694568890999999411e-02 9.016226289999999810e-02 -9.235102841999999479e-02 1.090140671000000006e-01 -2.265081723000000047e-01 7.483686515999999900e-01 1.113508616999999978e-01 -1.059206528999999952e-01 9.406006665999999683e-02 -8.249459969000000337e-02 9.482300254000000650e-02 -1.084434355999999988e-01 1.057722848999999993e-01 -2.301481562999999897e-01 -1.074162533000000003e-01 9.612091772000000423e-02 -9.140142855999999760e-02 8.378834161999999808e-02 -9.609942118000000533e-02 9.701553961000000670e-02 -1.084879244999999992e-01 1.019023470999999986e-01 9.057206772999999711e-02 -7.939522632999999885e-02 8.123845493999999612e-02 -8.560239982999999497e-02 9.384846508999999948e-02 -9.383651996000000328e-02 9.268907745000000420e-02 -9.370788304999999596e-02 -9.004463781999999528e-02 8.212151370999999644e-02 -7.649282552000000179e-02 8.486702504000000202e-02 -8.787335821000000213e-02 8.627261330999999589e-02 -9.032282495000000522e-02 8.389013739999999497e-02 9.113615333999999790e-02 -9.198160819999999516e-02 8.439059594999999414e-02 -8.776609000000000493e-02 8.798629810999999967e-02 -9.311421544999999578e-02 9.651054215000000325e-02 -8.558443570000000278e-02
