 Effective number of bins, and bins:            9          10

OBS :    1      -14.161642      0.009650

OBS :    2        1.000000      0.000000
