 Effective number of bins, and bins:            9          10

OBS :    1      -22.881384      0.019186

OBS :    2        1.000000      0.000000
