# <Sz_i Sz_j >
4.261265643000000103e-01 7.270702699000000440e-04 1.050943211000000035e-04 -1.443450989000000066e-02 -4.246049569000000246e-02 -7.463113093999999836e-02 -8.040966015999999805e-04 9.025780045999999774e-04 -3.108697007000000082e-03 -1.420085268000000067e-02 -4.220372952999999761e-02 -7.438001643000000107e-02 -1.084617047999999985e-03 -5.412074324999999880e-02 -3.306158921999999799e-03 -3.227352700999999973e-03 -5.651690864999999592e-03 2.337218190000000010e-04 -3.154307050000000091e-03 -5.869787696999999825e-03 -3.054118757999999933e-05 -9.626215555000000416e-04 -5.413860756999999690e-02 -3.255893937999999876e-03 -3.965484884000000068e-04 4.252237296999999863e-04 -1.276829427999999966e-03 -1.544532668000000086e-03 -1.555076821000000043e-04 -3.493891320999999855e-03 -2.539858389999999832e-04 1.027574520999999935e-04 -1.080197072999999897e-03 -1.005109881999999982e-02 1.643059586000000035e-04 -9.576982953000000472e-04 -6.993529396999999780e-04 -1.944792573999999953e-06 -1.714950410999999900e-03 -7.386933237999999523e-04 -7.836703412000000128e-05 -1.744441351999999898e-03 -4.789279542000000238e-04 1.961584718999999941e-04 -1.422433269000000083e-03 -4.872001716000000219e-04 1.423221666999999914e-06 -1.332382992999999946e-03
7.270702699000000440e-04 5.131012622999999717e-01 6.777076905000000004e-04 -4.227417206999999760e-02 -6.149337388000000043e-02 -4.829267733999999951e-02 8.026281149999999745e-04 4.825650376000000029e-04 6.771764989999999942e-04 -4.221985562000000330e-02 -6.153266377000000259e-02 -4.840781253999999756e-02 -6.903642695000000024e-03 -1.254502092999999936e-02 -4.261504406999999661e-02 -9.302798658999999679e-03 -1.589585604000000102e-03 1.900553969999999948e-04 -8.837244023999999212e-03 -1.116112561999999973e-03 2.634800206000000229e-04 -7.043992734999999887e-03 -1.200394733000000047e-02 -4.253657116000000155e-02 -7.180119914999999811e-03 -5.321632477000000014e-03 2.879052456000000021e-04 1.985341774999999889e-04 -3.330839695000000194e-03 2.731237722000000225e-04 -7.470079016000000065e-03 -4.783197571999999766e-03 -2.024397312999999987e-04 1.961258485000000080e-04 -1.341661312000000036e-02 -1.634201781000000026e-04 -1.395315725999999971e-03 -1.949239556999999906e-03 -3.879525120999999938e-03 -1.419963383999999981e-03 -1.738894190000000051e-03 -4.118999227999999881e-03 -3.401069495000000136e-04 -3.826563719999999998e-03 -2.006082938999999895e-03 -2.281061805999999895e-04 -3.957813440000000106e-03 -2.098946783999999875e-03
1.050943211000000035e-04 6.777076905000000004e-04 4.521578757999999976e-01 -7.473336002000000033e-02 -4.846058721999999680e-02 -2.810204972000000193e-04 -3.104062827000000045e-03 5.553085530999999535e-04 -2.248569832999999937e-04 -7.453326892000000647e-02 -4.811087950000000196e-02 -2.175228711999999945e-04 -3.688757611000000047e-02 -1.592725423000000001e-02 -1.781246892999999859e-02 -7.826742892000000153e-04 -6.638679962999999816e-03 -2.737984925999999933e-03 -3.914332965999999902e-04 -6.219799633999999883e-03 -2.843698712000000163e-03 -3.688046502999999671e-02 -1.588808832000000032e-02 -1.789096174999999997e-02 -7.637231011999999920e-04 6.074639684999999598e-04 -4.359461087999999887e-03 -3.561677799999999803e-04 4.165057880000000066e-04 -8.494139318000000841e-03 -1.076351663000000083e-03 4.252951336999999778e-04 -3.925841293000000357e-03 -1.366267632999999988e-02 4.684707615000000122e-04 -3.194047193999999864e-03 -6.970164406000000160e-04 -1.647375228999999974e-04 -1.096701085999999929e-03 -7.570967465999999934e-04 -1.630147040999999921e-04 -1.391409208999999951e-03 -7.480786106000000346e-04 -5.510298251000000144e-04 -1.016963587000000108e-03 -3.945861494000000138e-04 -7.379560393000000017e-04 -1.209771579999999961e-03
-1.443450989000000066e-02 -4.227417206999999760e-02 -7.473336002000000033e-02 4.259057446000000247e-01 1.129171341999999929e-03 -3.520094745000000119e-05 -1.435949723000000053e-02 -4.204779563000000248e-02 -7.461997361000000106e-02 -9.451117514000000530e-04 6.985603765999999709e-04 -3.145668268000000132e-03 -1.293861265999999904e-03 -5.392555268000000235e-02 -3.658459759000000193e-03 -1.159448047000000018e-03 -5.387617859999999786e-02 -3.122883955999999992e-03 -3.338365326999999817e-03 -5.647856050000000377e-03 4.119023862000000002e-04 -3.088106412999999835e-03 -5.821566492999999572e-03 3.289388742000000148e-04 -9.956490959999999765e-03 -5.474791100000000153e-05 -8.877635319000000283e-04 -2.043503623000000121e-04 1.708471531000000027e-04 -1.003801852999999973e-03 -1.314408573000000078e-03 -9.865671515999999846e-05 -3.714165803000000002e-03 -1.239837389000000053e-04 8.581006569999999908e-05 -1.263651719999999909e-03 -7.722211281000000271e-04 -7.371952853000000199e-05 -1.275175081000000030e-03 -7.571729190999999587e-04 5.662080539999999847e-05 -1.592668498999999949e-03 -6.058055804000000381e-04 -2.157766241999999990e-04 -1.672123351000000084e-03 -4.710518674000000253e-04 1.037185912000000053e-04 -1.257503149999999927e-03
-4.246049569000000246e-02 -6.149337388000000043e-02 -4.846058721999999680e-02 1.129171341999999929e-03 5.130602681000000498e-01 8.253472024000000100e-04 -4.223348117999999735e-02 -6.131576525000000111e-02 -4.887353734000000199e-02 1.040007837000000036e-03 4.994109281999999789e-04 2.377691944000000104e-04 -6.745898414999999815e-03 -1.241964469999999945e-02 -4.257329581000000168e-02 -6.778462090999999926e-03 -1.243694293000000006e-02 -4.265365726999999912e-02 -9.088975625999999239e-03 -1.356689263999999928e-03 3.885123509999999897e-04 -8.916757594999999773e-03 -1.293269069000000044e-03 2.279901867999999923e-04 4.895769159999999480e-04 -1.365532160000000085e-02 1.975479207000000023e-04 -7.420975086999999880e-03 -5.306725479999999801e-03 1.841580124999999985e-04 -2.796674373999999926e-05 -3.329919045000000015e-03 8.114214507000000215e-05 -7.495953262000000332e-03 -5.085380916000000265e-03 2.753268692000000067e-04 -6.536273101999999589e-04 -3.735285932999999822e-03 -2.222004862000000105e-03 -1.432781134000000057e-03 -1.504801789999999934e-03 -3.938556438000000159e-03 -1.648263467999999937e-03 -1.502231286000000081e-03 -3.860866499999999861e-03 -5.850848807000000535e-04 -3.889292461999999811e-03 -1.870968871999999965e-03
-7.463113093999999836e-02 -4.829267733999999951e-02 -2.810204972000000193e-04 -3.520094745000000119e-05 8.253472024000000100e-04 4.524689466999999854e-01 -7.480262377000000684e-02 -4.839921345999999985e-02 -2.420529695000000082e-04 -3.138059925000000108e-03 8.697525291000000359e-04 -1.130057695999999996e-04 -3.681932292000000134e-02 -1.577870307000000041e-02 -1.811599951000000125e-02 -3.675142624000000274e-02 -1.608095266000000162e-02 -1.755890132000000048e-02 -7.960542168999999463e-04 -6.549492262999999891e-03 -2.495934059000000198e-03 -5.565651357000000327e-04 -6.416847463999999709e-03 -2.232236592000000092e-03 -1.373985211999999984e-02 1.257261012000000041e-06 -3.309527325000000044e-03 -9.372720867999999751e-04 1.817353385000000101e-04 -4.280354198999999742e-03 -6.690946794999999558e-04 1.850327195000000115e-04 -8.433342700999999289e-03 -1.072349527000000064e-03 1.063095811000000024e-04 -3.952276674999999698e-03 -5.604122431000000239e-04 -3.517339794000000266e-04 -8.322861536000000218e-04 -5.013209037999999873e-04 1.236319974999999945e-04 -1.305781345999999917e-03 -1.097634456000000022e-03 -9.932567576000000194e-05 -1.169362453000000104e-03 -5.852114414999999483e-04 -5.710072919000000512e-04 -1.130487810999999910e-03
-8.040966015999999805e-04 8.026281149999999745e-04 -3.104062827000000045e-03 -1.435949723000000053e-02 -4.223348117999999735e-02 -7.480262377000000684e-02 4.261124290000000148e-01 1.065441014000000032e-03 6.398653818000000224e-05 -1.427663162999999978e-02 -4.219462940999999662e-02 -7.465836768000000401e-02 -3.249516436000000029e-03 -5.513852718000000243e-03 5.097969007000000127e-04 -1.539545072999999945e-03 -5.424367110000000158e-02 -3.353886820000000126e-03 -1.309080024999999909e-03 -5.402939823999999835e-02 -2.855873278999999845e-03 -3.459686855000000064e-03 -5.766483816999999970e-03 5.804344900000000516e-07 -1.517953220999999984e-04 3.041481485999999968e-04 -1.468066958999999930e-03 -9.783895932000000531e-03 5.228052330000000376e-04 -8.540131656000000048e-04 2.233609270999999900e-04 1.072041990000000033e-04 -1.091133759999999989e-03 -1.585745316999999984e-03 9.043236629999999341e-05 -3.297917022999999944e-03 -4.122688737999999982e-04 -3.720502048999999793e-04 -1.617888444000000012e-03 -7.391837719000000006e-04 -3.388655908999999803e-04 -1.218394498999999988e-03 -6.861325783999999836e-04 -1.414034609999999888e-04 -1.795078942000000004e-03 -7.212878274999999810e-04 1.916782607999999941e-05 -1.737381645000000106e-03
9.025780045999999774e-04 4.825650376000000029e-04 5.553085530999999535e-04 -4.204779563000000248e-02 -6.131576525000000111e-02 -4.839921345999999985e-02 1.065441014000000032e-03 5.130753315999999620e-01 8.047953705999999832e-04 -4.228146769999999860e-02 -6.152983129000000329e-02 -4.850570639000000017e-02 -8.885312016999999743e-03 -8.611875514000000070e-04 4.062734821999999725e-05 -6.664835142000000330e-03 -1.236587379999999972e-02 -4.312619057000000033e-02 -6.774593865000000208e-03 -1.219448834999999932e-02 -4.313304507000000065e-02 -8.768369668000000616e-03 -1.562316800000000065e-03 1.907485816000000097e-04 -7.570486593000000201e-03 -5.317824157000000315e-03 2.041244213000000126e-04 4.319328927999999969e-04 -1.319320696000000036e-02 4.539504556999999813e-04 -7.337039446999999576e-03 -4.776064146999999850e-03 -1.296072258999999942e-04 2.117836500000000064e-04 -3.354604298999999852e-03 4.761036439999999866e-06 -7.746592801999999459e-04 -3.960498265000000039e-03 -1.042818349999999946e-03 -5.718951969999999706e-04 -4.240152710000000269e-03 -1.806745645000000034e-03 -1.722665132000000083e-03 -1.968637541000000084e-03 -4.633738559000000028e-03 -1.381074863999999947e-03 -1.968034737000000107e-03 -3.924878480000000384e-03
-3.108697007000000082e-03 6.771764989999999942e-04 -2.248569832999999937e-04 -7.461997361000000106e-02 -4.887353734000000199e-02 -2.420529695000000082e-04 6.398653818000000224e-05 8.047953705999999832e-04 4.522894879000000090e-01 -7.429297381999999672e-02 -4.803352672999999795e-02 -5.402038829000000222e-04 -4.669552855000000152e-04 -6.411175354999999743e-03 -2.333957473000000064e-03 -3.708203606999999763e-02 -1.586888591000000168e-02 -1.799031910999999984e-02 -3.670033570999999689e-02 -1.620119575999999853e-02 -1.777674590000000165e-02 -4.838971259999999899e-04 -6.271800265999999922e-03 -2.365880619000000021e-03 -1.127040516000000049e-03 1.952404601999999957e-04 -4.037144139999999763e-03 -1.341648680000000031e-02 3.514182768999999881e-04 -3.013352151999999784e-03 -8.583369913999999799e-04 1.312638783999999881e-04 -4.090582215000000167e-03 -6.240753124000000514e-04 -7.541391331999999640e-05 -8.691054069000000298e-03 -4.242360958999999996e-04 -6.045178202999999632e-04 -9.853394577999999553e-04 -7.947047028999999502e-04 -5.662100885999999918e-04 -1.213232234000000001e-03 -9.865769019999999414e-04 1.715350244000000089e-04 -1.457338795999999935e-03 -8.600698428000000178e-04 2.055943054999999960e-04 -1.082528771000000091e-03
-1.420085268000000067e-02 -4.221985562000000330e-02 -7.453326892000000647e-02 -9.451117514000000530e-04 1.040007837000000036e-03 -3.138059925000000108e-03 -1.427663162999999978e-02 -4.228146769999999860e-02 -7.429297381999999672e-02 4.259418430999999949e-01 5.561430571000000123e-04 6.818118871999999842e-05 -3.093150641999999843e-03 -5.906176053999999745e-03 2.219539337999999924e-04 -3.241095763999999810e-03 -5.655108419999999893e-03 1.050860553000000018e-04 -1.224712671999999896e-03 -5.392407367000000284e-02 -3.137749957000000086e-03 -1.222736895999999981e-03 -5.389645207000000326e-02 -3.650866633000000080e-03 -1.448702690999999904e-03 1.901114544999999963e-04 -3.668391516000000119e-03 -1.829283675000000029e-04 1.106567301999999991e-04 -1.366312852000000017e-03 -9.984593829999999226e-03 3.987989130999999745e-04 -9.922313250999999744e-04 2.418965763000000135e-05 5.810939685000000073e-05 -9.798698955999999433e-04 -4.816241084999999954e-04 -1.843476509000000114e-05 -1.393769815999999990e-03 -6.037892271999999996e-04 -1.099388253000000017e-04 -1.517897829999999976e-03 -6.829634155000000473e-04 -5.270940857000000262e-05 -1.520645359000000023e-03 -7.947899488000000024e-04 -1.878758470000000032e-04 -1.832279429000000046e-03
-4.220372952999999761e-02 -6.153266377000000259e-02 -4.811087950000000196e-02 6.985603765999999709e-04 4.994109281999999789e-04 8.697525291000000359e-04 -4.219462940999999662e-02 -6.152983129000000329e-02 -4.803352672999999795e-02 5.561430571000000123e-04 5.131084096000000372e-01 7.042544734000000511e-04 -9.199630901999999305e-03 -1.330239204000000040e-03 1.564123983000000029e-04 -9.108164352000000519e-03 -4.908801531999999572e-04 5.417550618000000059e-04 -7.283925777999999615e-03 -1.270005180000000067e-02 -4.242290480000000114e-02 -7.447608171000000277e-03 -1.256334012999999958e-02 -4.230291231999999679e-02 -9.003089617000000172e-05 -3.177755139999999864e-03 2.177414317999999997e-04 -7.755934104999999933e-03 -5.683439874999999739e-03 -1.795366723000000101e-04 2.873180275000000012e-04 -1.374942145999999941e-02 -5.698156426000000043e-05 -7.197213977000000047e-03 -4.827625951999999984e-03 1.102966885999999940e-04 -1.534746550999999994e-03 -1.452511929000000054e-03 -3.649815056000000040e-03 -4.534889428999999868e-04 -3.606567012000000145e-03 -2.029395486000000037e-03 -4.870337469999999939e-04 -3.845676100000000163e-03 -1.460727716999999943e-03 -1.698898352000000013e-03 -1.602879150000000030e-03 -4.367246118999999933e-03
-7.438001643000000107e-02 -4.840781253999999756e-02 -2.175228711999999945e-04 -3.145668268000000132e-03 2.377691944000000104e-04 -1.130057695999999996e-04 -7.465836768000000401e-02 -4.850570639000000017e-02 -5.402038829000000222e-04 6.818118871999999842e-05 7.042544734000000511e-04 4.522932030999999853e-01 -5.898745490999999499e-04 -6.442758245000000140e-03 -2.414413189999999911e-03 -4.503181483000000002e-04 -6.361970881999999723e-03 -2.499602630000000159e-03 -3.647775705999999757e-02 -1.538535700999999964e-02 -1.795435223999999885e-02 -3.672439916999999804e-02 -1.612277812000000032e-02 -1.784940050000000111e-02 -6.144957215999999724e-04 -8.971823778999999516e-05 -8.673956752000000492e-03 -1.112025973000000008e-03 1.052896575000000030e-04 -4.348203654000000126e-03 -1.396617535000000028e-02 2.109389672000000005e-04 -3.090442135999999992e-03 -9.570719489000000099e-04 4.632752298000000318e-05 -4.248325203999999897e-03 -1.040158473000000073e-03 5.490782623000000154e-04 -1.072248353999999924e-03 -6.352693595999999972e-04 -4.161294427000000170e-05 -9.555115770000000052e-04 -6.551273649999999824e-04 -7.355818321000000314e-04 -1.144212537999999939e-03 -6.246548322999999564e-04 2.776253458999999803e-04 -1.172198434999999943e-03
-1.084617047999999985e-03 -6.903642695000000024e-03 -3.688757611000000047e-02 -1.293861265999999904e-03 -6.745898414999999815e-03 -3.681932292000000134e-02 -3.249516436000000029e-03 -8.885312016999999743e-03 -4.669552855000000152e-04 -3.093150641999999843e-03 -9.199630901999999305e-03 -5.898745490999999499e-04 4.165222405999999822e-01 1.152076260999999939e-04 -9.082085002999999712e-03 -1.827107154999999938e-03 -1.181370695999999984e-02 -4.735247269000000120e-02 -5.818724267000000179e-03 1.563052097999999930e-04 -1.222803266999999972e-03 -1.634056859000000087e-03 -1.182707784999999928e-02 -4.717718606000000092e-02 -1.438213870000000028e-04 -4.307951366999999976e-02 -1.894737559000000005e-03 -1.026131763000000079e-02 -5.013343705000000185e-03 1.015504368999999989e-04 -1.018078885999999968e-02 -4.831653144999999844e-03 1.772013329000000058e-04 -3.226327013999999807e-04 -4.288211261000000191e-02 -1.909316655000000080e-03 -7.436496661000000083e-04 6.013574930000000314e-05 -1.724467308999999993e-03 -3.155161271000000186e-04 7.740083065999999660e-05 -3.087178535999999911e-03 -1.011664003999999993e-03 5.431661715000000160e-05 -1.293235938999999935e-03 -1.122635664999999984e-02 4.071552861000000013e-04 -2.442901828999999997e-02
-5.412074324999999880e-02 -1.254502092999999936e-02 -1.592725423000000001e-02 -5.392555268000000235e-02 -1.241964469999999945e-02 -1.577870307000000041e-02 -5.513852718000000243e-03 -8.611875514000000070e-04 -6.411175354999999743e-03 -5.906176053999999745e-03 -1.330239204000000040e-03 -6.442758245000000140e-03 1.152076260999999939e-04 4.958982153000000004e-01 4.394086962000000123e-04 -1.198007224999999946e-02 -8.771976186999999592e-03 -2.281624230000000100e-02 1.012755421999999943e-04 -1.387161639000000085e-02 2.612179158000000191e-04 -1.183385181999999959e-02 -8.621569931000000117e-03 -2.298531381000000137e-02 -9.649975336000000264e-03 -2.696731713000000141e-02 -2.818893982000000159e-02 -4.105136090000000189e-03 -9.957345167000000025e-03 -8.353078540999999899e-03 -4.165132787999999663e-03 -1.004568422000000003e-02 -8.114882998999999389e-03 -9.778322241000000220e-03 -2.677552197000000050e-02 -2.803399218999999901e-02 -2.166564663999999950e-04 -1.081034391999999983e-02 -1.423657471999999896e-04 2.026476216999999929e-04 -3.240062491999999919e-03 2.793232473000000263e-04 -1.866172554000000098e-04 -1.062289880999999978e-02 7.281540514999999651e-04 1.385404546999999948e-04 -6.791518586999999683e-03 1.764743564999999897e-04
-3.306158921999999799e-03 -4.261504406999999661e-02 -1.781246892999999859e-02 -3.658459759000000193e-03 -4.257329581000000168e-02 -1.811599951000000125e-02 5.097969007000000127e-04 4.062734821999999725e-05 -2.333957473000000064e-03 2.219539337999999924e-04 1.564123983000000029e-04 -2.414413189999999911e-03 -9.082085002999999712e-03 4.394086962000000123e-04 4.578830646000000004e-01 -4.689641491999999717e-02 -2.251126179000000060e-02 -5.727589951000000047e-03 -1.294283799000000082e-03 1.113981228999999978e-04 -5.005523981000000421e-03 -4.735992909000000251e-02 -2.284700335999999971e-02 -5.866344699999999704e-03 -3.557657470000000210e-02 -1.785586949999999964e-02 -8.782998586000000454e-03 -9.337312184000000521e-04 -6.190009623999999898e-03 1.139334542999999983e-04 -9.534524168000000363e-04 -6.211348606999999959e-03 1.700921320999999897e-04 -3.542581486000000168e-02 -1.786484820999999917e-02 -8.509969418000000105e-03 -1.307331357999999989e-03 3.623826146000000035e-05 -2.194151748000000134e-03 -1.229698783999999892e-04 -4.009787340999999676e-05 -1.407662006000000039e-03 -1.229335951999999902e-03 -2.283495690000000085e-04 -1.878871328000000047e-03 -7.373568256999999890e-03 3.012389078999999767e-04 -6.409091565999999913e-03
-3.227352700999999973e-03 -9.302798658999999679e-03 -7.826742892000000153e-04 -1.159448047000000018e-03 -6.778462090999999926e-03 -3.675142624000000274e-02 -1.539545072999999945e-03 -6.664835142000000330e-03 -3.708203606999999763e-02 -3.241095763999999810e-03 -9.108164352000000519e-03 -4.503181483000000002e-04 -1.827107154999999938e-03 -1.198007224999999946e-02 -4.689641491999999717e-02 4.164884335999999854e-01 3.023136731000000167e-04 -9.217313862999999136e-03 -1.497904180999999916e-03 -1.161533321000000028e-02 -4.745075918000000309e-02 -5.424539980999999907e-03 1.940749308999999872e-04 -1.795177315000000056e-03 -1.369827051999999957e-04 -4.285550796999999801e-02 -1.958960321000000060e-03 -1.943688895999999946e-04 -4.262312096999999744e-02 -2.000686042000000050e-03 -1.023994257000000047e-02 -5.165461865999999673e-03 4.240079109000000220e-04 -1.035031770000000018e-02 -5.322236061999999907e-03 1.564609277999999982e-04 -1.124284679000000023e-02 2.341790123000000030e-05 -2.467667566999999854e-02 -6.562120754000000302e-04 9.451860734999999636e-05 -9.841375462000001052e-04 -4.246430556000000203e-04 1.851552161000000077e-04 -2.927349870000000090e-03 -1.018852255000000061e-03 3.340373374000000020e-04 -1.293261222999999953e-03
-5.651690864999999592e-03 -1.589585604000000102e-03 -6.638679962999999816e-03 -5.387617859999999786e-02 -1.243694293000000006e-02 -1.608095266000000162e-02 -5.424367110000000158e-02 -1.236587379999999972e-02 -1.586888591000000168e-02 -5.655108419999999893e-03 -4.908801531999999572e-04 -6.361970881999999723e-03 -1.181370695999999984e-02 -8.771976186999999592e-03 -2.251126179000000060e-02 3.023136731000000167e-04 4.959985764000000019e-01 -6.894258819999999656e-05 -1.191241418999999975e-02 -9.148691881000000845e-03 -2.310901967000000140e-02 2.705195063999999935e-04 -1.373944635999999921e-02 2.595854890999999779e-04 -9.865155235000000813e-03 -2.666535725000000051e-02 -2.791140937000000100e-02 -1.003948607999999992e-02 -2.700674738000000130e-02 -2.836087136999999869e-02 -4.232727407000000039e-03 -9.824913843000000757e-03 -8.476390636999999936e-03 -4.047222835999999754e-03 -9.764233574999999637e-03 -8.448173019999999714e-03 1.252211389999999995e-04 -6.911808826999999919e-03 6.414420207999999490e-04 7.993313358000000242e-05 -1.021601213999999945e-02 4.218865914999999733e-04 4.551877605000000148e-04 -2.924646892999999831e-03 4.783821349000000263e-05 -2.286726088999999963e-04 -1.080320105999999988e-02 -4.050458882999999994e-04
2.337218190000000010e-04 1.900553969999999948e-04 -2.737984925999999933e-03 -3.122883955999999992e-03 -4.265365726999999912e-02 -1.755890132000000048e-02 -3.353886820000000126e-03 -4.312619057000000033e-02 -1.799031910999999984e-02 1.050860553000000018e-04 5.417550618000000059e-04 -2.499602630000000159e-03 -4.735247269000000120e-02 -2.281624230000000100e-02 -5.727589951000000047e-03 -9.217313862999999136e-03 -6.894258819999999656e-05 4.580074765000000103e-01 -4.695256144999999937e-02 -2.290374459000000043e-02 -5.729738504000000433e-03 -1.393608206999999996e-03 -1.575679357999999947e-04 -4.411086066999999993e-03 -3.572918762999999914e-02 -1.820393794999999870e-02 -8.549451713999999328e-03 -3.527359450999999896e-02 -1.774932145000000100e-02 -8.622893004999999944e-03 -9.155090291999999543e-04 -6.036368609999999586e-03 -2.079437148000000106e-05 -9.867328963999999480e-04 -5.916670627000000272e-03 1.580288193999999989e-04 -7.263915828999999852e-03 3.149454775999999682e-05 -6.742420162999999619e-03 -1.278123109999999927e-03 7.166557491000000364e-05 -2.102539228000000014e-03 3.202577884000000225e-04 1.605740325000000034e-04 -1.791123747999999981e-03 -1.096191133999999947e-03 8.402626332999999517e-06 -1.701667854000000080e-03
-3.154307050000000091e-03 -8.837244023999999212e-03 -3.914332965999999902e-04 -3.338365326999999817e-03 -9.088975625999999239e-03 -7.960542168999999463e-04 -1.309080024999999909e-03 -6.774593865000000208e-03 -3.670033570999999689e-02 -1.224712671999999896e-03 -7.283925777999999615e-03 -3.647775705999999757e-02 -5.818724267000000179e-03 1.012755421999999943e-04 -1.294283799000000082e-03 -1.497904180999999916e-03 -1.191241418999999975e-02 -4.695256144999999937e-02 4.164906071999999737e-01 2.418665556000000128e-04 -8.794435668000000553e-03 -1.806810034999999917e-03 -1.181828646999999975e-02 -4.745847682999999873e-02 -1.050254295999999976e-02 -4.763447034999999941e-03 2.705032217000000010e-04 -8.080311994999999779e-05 -4.302188612999999912e-02 -2.113375413999999883e-03 -1.864559612999999998e-04 -4.317662071000000212e-02 -1.718038998999999985e-03 -1.054231289000000064e-02 -5.150905439999999870e-03 2.156769278999999865e-04 -8.826488963000000227e-04 2.485102669999999809e-04 -9.142598746999999878e-04 -1.137717572999999947e-02 6.846145134999999827e-05 -2.455141673000000094e-02 -8.375596063999999653e-04 8.678936694000000368e-05 -1.011771544000000063e-03 -5.485740192000000117e-04 1.019697736000000032e-04 -3.362512791000000101e-03
-5.869787696999999825e-03 -1.116112561999999973e-03 -6.219799633999999883e-03 -5.647856050000000377e-03 -1.356689263999999928e-03 -6.549492262999999891e-03 -5.402939823999999835e-02 -1.219448834999999932e-02 -1.620119575999999853e-02 -5.392407367000000284e-02 -1.270005180000000067e-02 -1.538535700999999964e-02 1.563052097999999930e-04 -1.387161639000000085e-02 1.113981228999999978e-04 -1.161533321000000028e-02 -9.148691881000000845e-03 -2.290374459000000043e-02 2.418665556000000128e-04 4.959633138999999802e-01 2.535880761000000117e-04 -1.167291137999999957e-02 -8.960892162000000036e-03 -2.246682600999999960e-02 -3.954914468000000211e-03 -9.794095473999999898e-03 -7.997923040000000372e-03 -1.002819140999999976e-02 -2.666454014000000164e-02 -2.822483459999999833e-02 -1.016978617000000029e-02 -2.732358190000000117e-02 -2.817318807000000064e-02 -3.765670379999999824e-03 -9.691801042000000588e-03 -8.451801616999999808e-03 1.206968842000000059e-05 -1.064834094000000064e-02 1.655885151999999996e-04 -5.942644154999999670e-05 -6.606817662999999591e-03 6.007117171999999932e-04 -1.227975512000000040e-05 -1.079561887999999983e-02 1.445172755000000026e-05 2.216294471999999876e-05 -3.359233416000000170e-03 1.461275538999999958e-04
-3.054118757999999933e-05 2.634800206000000229e-04 -2.843698712000000163e-03 4.119023862000000002e-04 3.885123509999999897e-04 -2.495934059000000198e-03 -2.855873278999999845e-03 -4.313304507000000065e-02 -1.777674590000000165e-02 -3.137749957000000086e-03 -4.242290480000000114e-02 -1.795435223999999885e-02 -1.222803266999999972e-03 2.612179158000000191e-04 -5.005523981000000421e-03 -4.745075918000000309e-02 -2.310901967000000140e-02 -5.729738504000000433e-03 -8.794435668000000553e-03 2.535880761000000117e-04 4.579888441000000143e-01 -4.706827622999999738e-02 -2.235046601000000022e-02 -5.974087252000000181e-03 -7.934169258000000518e-04 -6.600042579999999826e-03 1.619308993999999953e-04 -3.558878275999999979e-02 -1.794043676999999837e-02 -8.665903211999999994e-03 -3.554184620999999850e-02 -1.774960872000000064e-02 -9.067340449000000496e-03 -8.258035025000000058e-04 -6.054957463999999581e-03 -8.887961212999999578e-05 -9.985821909000000465e-04 -9.869035558999999624e-05 -2.298119094999999997e-03 -7.183722170999999775e-03 3.457424411000000158e-04 -7.005493827999999951e-03 -1.196336129000000019e-03 -6.897440959000000264e-06 -1.840715814999999925e-03 1.025625423000000024e-04 -7.826547063000000178e-05 -1.130192402000000044e-03
-9.626215555000000416e-04 -7.043992734999999887e-03 -3.688046502999999671e-02 -3.088106412999999835e-03 -8.916757594999999773e-03 -5.565651357000000327e-04 -3.459686855000000064e-03 -8.768369668000000616e-03 -4.838971259999999899e-04 -1.222736895999999981e-03 -7.447608171000000277e-03 -3.672439916999999804e-02 -1.634056859000000087e-03 -1.183385181999999959e-02 -4.735992909000000251e-02 -5.424539980999999907e-03 2.705195063999999935e-04 -1.393608206999999996e-03 -1.806810034999999917e-03 -1.167291137999999957e-02 -4.706827622999999738e-02 4.166940439999999857e-01 3.031511732999999861e-04 -8.949728614000000693e-03 -1.066491443000000018e-02 -5.225524330999999599e-03 1.918448812000000015e-04 -1.036171804000000050e-02 -5.333894474000000323e-03 -6.976317390999999684e-05 -1.577517278999999875e-04 -4.315226368999999784e-02 -1.802237834000000073e-03 -4.491378002999999960e-04 -4.279441635999999688e-02 -1.763707157000000015e-03 -5.268047063000000059e-04 6.532169566000000337e-05 -2.825764125000000074e-03 -8.187107484999999905e-04 1.291429595999999975e-04 -1.001570426000000054e-03 -1.143573273000000022e-02 1.468628542000000037e-04 -2.457173311000000054e-02 -8.950609768999999525e-04 2.784794790000000254e-04 -1.210629282999999912e-03
-5.413860756999999690e-02 -1.200394733000000047e-02 -1.588808832000000032e-02 -5.821566492999999572e-03 -1.293269069000000044e-03 -6.416847463999999709e-03 -5.766483816999999970e-03 -1.562316800000000065e-03 -6.271800265999999922e-03 -5.389645207000000326e-02 -1.256334012999999958e-02 -1.612277812000000032e-02 -1.182707784999999928e-02 -8.621569931000000117e-03 -2.284700335999999971e-02 1.940749308999999872e-04 -1.373944635999999921e-02 -1.575679357999999947e-04 -1.181828646999999975e-02 -8.960892162000000036e-03 -2.235046601000000022e-02 3.031511732999999861e-04 4.958039667999999955e-01 2.352857050999999878e-04 -4.231755091000000309e-03 -9.967696224999999383e-03 -8.439569900999999499e-03 -3.954515084000000125e-03 -9.767172836999999871e-03 -8.281332833999999893e-03 -9.809585290999999277e-03 -2.694309417000000095e-02 -2.812268463999999940e-02 -1.000694683999999932e-02 -2.657118421999999855e-02 -2.827133339000000023e-02 -4.002847711999999971e-05 -2.887619426000000156e-03 2.852401807000000205e-04 -1.149759925999999994e-04 -1.102101307999999932e-02 4.477293385000000116e-04 2.275977325000000102e-04 -6.946439645999999586e-03 5.698978109000000158e-04 -2.604117130000000216e-04 -1.045045411000000007e-02 2.229248706999999966e-04
-3.255893937999999876e-03 -4.253657116000000155e-02 -1.789096174999999997e-02 3.289388742000000148e-04 2.279901867999999923e-04 -2.232236592000000092e-03 5.804344900000000516e-07 1.907485816000000097e-04 -2.365880619000000021e-03 -3.650866633000000080e-03 -4.230291231999999679e-02 -1.784940050000000111e-02 -4.717718606000000092e-02 -2.298531381000000137e-02 -5.866344699999999704e-03 -1.795177315000000056e-03 2.595854890999999779e-04 -4.411086066999999993e-03 -4.745847682999999873e-02 -2.246682600999999960e-02 -5.974087252000000181e-03 -8.949728614000000693e-03 2.352857050999999878e-04 4.577108274000000199e-01 -1.134773692999999995e-03 -6.229713625000000109e-03 1.281426456000000081e-04 -1.190995660999999992e-03 -5.862860465999999993e-03 3.121500010999999990e-04 -3.550086040000000054e-02 -1.810346540000000101e-02 -8.871088212000000084e-03 -3.532056497999999656e-02 -1.749086923000000085e-02 -9.119816256000000051e-03 -2.186795129000000031e-04 2.146667869999999937e-04 -1.476226136000000078e-03 -1.233034227000000000e-03 -8.254219675999999986e-05 -1.908417362999999993e-03 -7.423133874999999701e-03 5.574308609999999555e-04 -6.582295967999999761e-03 -1.197311499999999902e-03 -7.521373193000000673e-05 -1.911075241000000048e-03
-3.965484884000000068e-04 -7.180119914999999811e-03 -7.637231011999999920e-04 -9.956490959999999765e-03 4.895769159999999480e-04 -1.373985211999999984e-02 -1.517953220999999984e-04 -7.570486593000000201e-03 -1.127040516000000049e-03 -1.448702690999999904e-03 -9.003089617000000172e-05 -6.144957215999999724e-04 -1.438213870000000028e-04 -9.649975336000000264e-03 -3.557657470000000210e-02 -1.369827051999999957e-04 -9.865155235000000813e-03 -3.572918762999999914e-02 -1.050254295999999976e-02 -3.954914468000000211e-03 -7.934169258000000518e-04 -1.066491443000000018e-02 -4.231755091000000309e-03 -1.134773692999999995e-03 4.318371866999999864e-01 4.777147664000000091e-04 -5.188838375000000107e-03 -3.356655748000000102e-03 -1.634045439999999919e-02 -1.690607993999999892e-02 -7.854944932999999296e-03 4.149222632999999901e-04 -1.507826582999999927e-03 -3.720751773999999949e-03 -1.650013117999999876e-02 -1.703379324999999833e-02 -5.787441873000000138e-04 -8.356830238000000077e-02 -4.156175519000000274e-05 -2.815936796000000075e-03 -5.092994320999999903e-05 -2.870260535999999939e-03 -2.961195364000000080e-03 1.612264279999999883e-04 -2.924758390000000135e-03 -6.021131309999999508e-04 -8.334058464999999361e-02 4.749087603000000011e-04
4.252237296999999863e-04 -5.321632477000000014e-03 6.074639684999999598e-04 -5.474791100000000153e-05 -1.365532160000000085e-02 1.257261012000000041e-06 3.041481485999999968e-04 -5.317824157000000315e-03 1.952404601999999957e-04 1.901114544999999963e-04 -3.177755139999999864e-03 -8.971823778999999516e-05 -4.307951366999999976e-02 -2.696731713000000141e-02 -1.785586949999999964e-02 -4.285550796999999801e-02 -2.666535725000000051e-02 -1.820393794999999870e-02 -4.763447034999999941e-03 -9.794095473999999898e-03 -6.600042579999999826e-03 -5.225524330999999599e-03 -9.967696224999999383e-03 -6.229713625000000109e-03 4.777147664000000091e-04 4.988153499999999907e-01 7.473414591000000404e-05 -1.626751825999999887e-02 -9.119938580999999156e-03 -1.596245177000000029e-02 1.022200208999999996e-04 -1.788387807999999857e-02 7.443431853000000197e-04 -1.619221461999999917e-02 -9.207082530000000598e-03 -1.629400683999999988e-02 -1.210638116999999958e-02 -1.705542444999999865e-02 -3.820124500000000173e-02 -7.064921646000000069e-03 -1.355833600000000069e-03 -2.568078577999999973e-03 -6.718931767999999569e-03 -1.257776203999999998e-03 -1.675042870000000060e-03 -1.179792716999999991e-02 -1.726405375000000103e-02 -3.804906526000000067e-02
-1.276829427999999966e-03 2.879052456000000021e-04 -4.359461087999999887e-03 -8.877635319000000283e-04 1.975479207000000023e-04 -3.309527325000000044e-03 -1.468066958999999930e-03 2.041244213000000126e-04 -4.037144139999999763e-03 -3.668391516000000119e-03 2.177414317999999997e-04 -8.673956752000000492e-03 -1.894737559000000005e-03 -2.818893982000000159e-02 -8.782998586000000454e-03 -1.958960321000000060e-03 -2.791140937000000100e-02 -8.549451713999999328e-03 2.705032217000000010e-04 -7.997923040000000372e-03 1.619308993999999953e-04 1.918448812000000015e-04 -8.439569900999999499e-03 1.281426456000000081e-04 -5.188838375000000107e-03 7.473414591000000404e-05 4.525958729999999819e-01 -1.677717748999999967e-02 -1.624374817999999984e-02 -1.154610426999999953e-02 -1.522045080999999975e-03 -1.246591983999999881e-04 -2.083093512000000133e-02 -1.718525595999999961e-02 -1.580445654000000102e-02 -1.139274701000000077e-02 -6.621521044000000522e-02 -3.119507535000000040e-02 -9.818991553000000830e-03 -1.160330954000000090e-03 1.969797666999999956e-04 1.641408684000000048e-04 -1.324242132999999899e-03 2.275287763000000119e-04 2.710924279000000050e-04 -6.630320268999999322e-02 -3.111840663000000132e-02 -1.003453305000000066e-02
-1.544532668000000086e-03 1.985341774999999889e-04 -3.561677799999999803e-04 -2.043503623000000121e-04 -7.420975086999999880e-03 -9.372720867999999751e-04 -9.783895932000000531e-03 4.319328927999999969e-04 -1.341648680000000031e-02 -1.829283675000000029e-04 -7.755934104999999933e-03 -1.112025973000000008e-03 -1.026131763000000079e-02 -4.105136090000000189e-03 -9.337312184000000521e-04 -1.943688895999999946e-04 -1.003948607999999992e-02 -3.527359450999999896e-02 -8.080311994999999779e-05 -1.002819140999999976e-02 -3.558878275999999979e-02 -1.036171804000000050e-02 -3.954515084000000125e-03 -1.190995660999999992e-03 -3.356655748000000102e-03 -1.626751825999999887e-02 -1.677717748999999967e-02 4.317885269000000248e-01 1.321963376999999958e-04 -4.960966378000000038e-03 -3.755738924999999992e-03 -1.632247566999999941e-02 -1.707382169999999838e-02 -8.006341381999999493e-03 -1.386992205999999995e-05 -1.601140895999999918e-03 -1.082677916000000014e-03 -8.330655734000000368e-02 5.817828599000000357e-04 -5.663953245000000322e-04 -8.380755927999999910e-02 3.041498485999999802e-04 -2.972222653000000051e-03 1.406254657999999875e-04 -2.966503130000000023e-03 -2.759552672000000102e-03 -1.259196878000000039e-04 -2.809568142000000001e-03
-1.555076821000000043e-04 -3.330839695000000194e-03 4.165057880000000066e-04 1.708471531000000027e-04 -5.306725479999999801e-03 1.817353385000000101e-04 5.228052330000000376e-04 -1.319320696000000036e-02 3.514182768999999881e-04 1.106567301999999991e-04 -5.683439874999999739e-03 1.052896575000000030e-04 -5.013343705000000185e-03 -9.957345167000000025e-03 -6.190009623999999898e-03 -4.262312096999999744e-02 -2.700674738000000130e-02 -1.774932145000000100e-02 -4.302188612999999912e-02 -2.666454014000000164e-02 -1.794043676999999837e-02 -5.333894474000000323e-03 -9.767172836999999871e-03 -5.862860465999999993e-03 -1.634045439999999919e-02 -9.119938580999999156e-03 -1.624374817999999984e-02 1.321963376999999958e-04 4.991922140000000230e-01 7.665273134999999415e-05 -1.614399919999999836e-02 -9.069821084000000144e-03 -1.567615485999999947e-02 -2.204902367999999897e-04 -1.809065597000000108e-02 5.227489738999999960e-04 -1.146893044999999951e-02 -1.728273329000000122e-02 -3.938841845999999786e-02 -1.204198446000000026e-02 -1.716229877000000070e-02 -3.844167870000000237e-02 -6.907707881999999855e-03 -1.421535395999999965e-03 -2.083269920999999796e-03 -6.983235362999999814e-03 -1.100169836999999925e-03 -1.733170903000000101e-03
-3.493891320999999855e-03 2.731237722000000225e-04 -8.494139318000000841e-03 -1.003801852999999973e-03 1.841580124999999985e-04 -4.280354198999999742e-03 -8.540131656000000048e-04 4.539504556999999813e-04 -3.013352151999999784e-03 -1.366312852000000017e-03 -1.795366723000000101e-04 -4.348203654000000126e-03 1.015504368999999989e-04 -8.353078540999999899e-03 1.139334542999999983e-04 -2.000686042000000050e-03 -2.836087136999999869e-02 -8.622893004999999944e-03 -2.113375413999999883e-03 -2.822483459999999833e-02 -8.665903211999999994e-03 -6.976317390999999684e-05 -8.281332833999999893e-03 3.121500010999999990e-04 -1.690607993999999892e-02 -1.596245177000000029e-02 -1.154610426999999953e-02 -4.960966378000000038e-03 7.665273134999999415e-05 4.526607992000000191e-01 -1.685688923000000158e-02 -1.598910757000000099e-02 -1.100735698999999977e-02 -2.071395265999999985e-03 3.841758908999999859e-04 -2.095147341999999829e-02 -6.646357354000000106e-02 -3.140375479000000192e-02 -9.816166330999999412e-03 -6.647658606999999609e-02 -3.131456724000000053e-02 -1.007602240999999968e-02 -1.209564745000000054e-03 3.564607389999999870e-04 2.717452248000000068e-04 -1.247828798999999931e-03 1.004760110000000017e-04 6.937807853000000106e-04
-2.539858389999999832e-04 -7.470079016000000065e-03 -1.076351663000000083e-03 -1.314408573000000078e-03 -2.796674373999999926e-05 -6.690946794999999558e-04 2.233609270999999900e-04 -7.337039446999999576e-03 -8.583369913999999799e-04 -9.984593829999999226e-03 2.873180275000000012e-04 -1.396617535000000028e-02 -1.018078885999999968e-02 -4.165132787999999663e-03 -9.534524168000000363e-04 -1.023994257000000047e-02 -4.232727407000000039e-03 -9.155090291999999543e-04 -1.864559612999999998e-04 -1.016978617000000029e-02 -3.554184620999999850e-02 -1.577517278999999875e-04 -9.809585290999999277e-03 -3.550086040000000054e-02 -7.854944932999999296e-03 1.022200208999999996e-04 -1.522045080999999975e-03 -3.755738924999999992e-03 -1.614399919999999836e-02 -1.685688923000000158e-02 4.318280896000000202e-01 5.758358089000000201e-05 -5.086880589999999598e-03 -3.446973319999999900e-03 -1.622110817999999899e-02 -1.711009184999999835e-02 -2.723362699999999810e-03 2.875950276999999816e-04 -2.872272347999999843e-03 -7.069197102999999959e-04 -8.335391452000000256e-02 3.986230000999999999e-04 -7.754650037999999499e-04 -8.380138364000000450e-02 2.202981873999999883e-04 -2.692096813999999942e-03 -7.426349271000000059e-05 -3.121570544000000155e-03
1.027574520999999935e-04 -4.783197571999999766e-03 4.252951336999999778e-04 -9.865671515999999846e-05 -3.329919045000000015e-03 1.850327195000000115e-04 1.072041990000000033e-04 -4.776064146999999850e-03 1.312638783999999881e-04 3.987989130999999745e-04 -1.374942145999999941e-02 2.109389672000000005e-04 -4.831653144999999844e-03 -1.004568422000000003e-02 -6.211348606999999959e-03 -5.165461865999999673e-03 -9.824913843000000757e-03 -6.036368609999999586e-03 -4.317662071000000212e-02 -2.732358190000000117e-02 -1.774960872000000064e-02 -4.315226368999999784e-02 -2.694309417000000095e-02 -1.810346540000000101e-02 4.149222632999999901e-04 -1.788387807999999857e-02 -1.246591983999999881e-04 -1.632247566999999941e-02 -9.069821084000000144e-03 -1.598910757000000099e-02 5.758358089000000201e-05 4.989539760000000213e-01 3.140535793000000155e-04 -1.605649467000000094e-02 -9.121637998999999192e-03 -1.562090833999999970e-02 -6.729096064999999689e-03 -1.350029248000000079e-03 -2.219483567999999858e-03 -1.173573837000000016e-02 -1.705800522999999930e-02 -3.842635187000000008e-02 -1.190588189999999998e-02 -1.737577703999999834e-02 -3.856116871000000307e-02 -6.811137899999999967e-03 -1.597033194999999961e-03 -1.970477411000000085e-03
