 Effective number of bins, and bins:            8          13

OBS :    1      -14.185878      0.091021

OBS :    2        1.000000      0.000000
