# d<Sz_i Sz_j >
3.816559648000000197e-03 1.814492762000000092e-02 1.650476780000000032e-02 1.651532369000000000e-02 1.650959504999999911e-02 1.619285346000000000e-02 1.648275764999999893e-02 1.762668427000000163e-02 1.757218635000000126e-02 1.503255841000000065e-02 1.712113443000000054e-02 1.694945615000000017e-02 1.636594607999999895e-02 1.544374660000000059e-02 1.623301217999999907e-02 1.559333761000000068e-02 1.658813530000000092e-02 1.598814100000000085e-02 1.607453228999999872e-02 1.666639581999999897e-02 1.677340643999999936e-02 1.689224125999999951e-02 1.645388601000000173e-02 1.605943728999999903e-02 1.588973672999999948e-02 1.707312408000000170e-02 1.622546156999999864e-02 1.645167254000000009e-02 1.696225406000000102e-02 1.687459041999999840e-02 1.563242135000000171e-02 1.649296416000000168e-02 1.689557024000000116e-02 1.685798738000000158e-02 1.718683525000000087e-02 1.717152569000000156e-02 1.644368797999999979e-02 1.665762951000000075e-02 1.583104906000000131e-02 1.613209490999999857e-02 1.646787141000000121e-02 1.600001292000000075e-02 1.678066250000000148e-02 1.596033422000000049e-02 1.715132906999999873e-02 1.655920745999999930e-02 1.638080894999999898e-02 1.661945236999999923e-02 1.623456737000000122e-02 1.659949524999999870e-02 1.673571748999999956e-02 1.598116335000000082e-02 1.616361598000000052e-02 1.636377031000000107e-02 1.596713786000000107e-02 1.616729182999999959e-02 1.777356541000000081e-02 1.643715877000000158e-02 1.670197207000000128e-02 1.699681793999999885e-02 1.602521181999999947e-02 1.637501950000000081e-02 1.680690245000000110e-02 1.628779920000000131e-02
1.814492762000000092e-02 3.753142366999999945e-03 1.789723928000000117e-02 1.696730641000000067e-02 1.625600890000000048e-02 1.601689819000000001e-02 1.630385910999999910e-02 1.599552644999999856e-02 1.576825831000000164e-02 1.752817569000000159e-02 1.619090625000000130e-02 1.704032871000000018e-02 1.605330824999999864e-02 1.625696277999999842e-02 1.668711872999999873e-02 1.621498693000000130e-02 1.634425449000000141e-02 1.635047681000000031e-02 1.617169355000000128e-02 1.652061084000000166e-02 1.641624989999999895e-02 1.724382353000000062e-02 1.650360073000000163e-02 1.542739725999999964e-02 1.594067198999999865e-02 1.668183038999999923e-02 1.619782876999999871e-02 1.642635115000000076e-02 1.709243426000000080e-02 1.672316201000000058e-02 1.570788106999999878e-02 1.629845711000000100e-02 1.698299565999999983e-02 1.665331268000000073e-02 1.727556388000000068e-02 1.659606992999999864e-02 1.691181845000000114e-02 1.619906207999999986e-02 1.584321774999999932e-02 1.592299675999999872e-02 1.706223980000000015e-02 1.641690571999999959e-02 1.718784762999999924e-02 1.639307980999999900e-02 1.761049157999999837e-02 1.634425638000000167e-02 1.639026203000000168e-02 1.670194561999999855e-02 1.659131064999999974e-02 1.602988216000000160e-02 1.652403206999999985e-02 1.648247212000000100e-02 1.592670846999999848e-02 1.650773767000000142e-02 1.553138589000000076e-02 1.618175282999999992e-02 1.619017517000000128e-02 1.740822174000000028e-02 1.604012646999999903e-02 1.718672861000000024e-02 1.608281169000000052e-02 1.640498795000000162e-02 1.663762385000000163e-02 1.604921507999999830e-02
1.650476780000000032e-02 1.789723928000000117e-02 3.778553484999999830e-03 1.830947829000000027e-02 1.678699461000000143e-02 1.689857609999999982e-02 1.667580978999999922e-02 1.604142442999999946e-02 1.681618723000000148e-02 1.563742673000000083e-02 1.876810292000000158e-02 1.678069180000000063e-02 1.688113077999999975e-02 1.636244190000000001e-02 1.730125064000000157e-02 1.643153875999999944e-02 1.727966817999999904e-02 1.696173981000000108e-02 1.712476685000000054e-02 1.710765091999999835e-02 1.736379302000000055e-02 1.713216455999999957e-02 1.721868643999999865e-02 1.651279057000000147e-02 1.695610986999999958e-02 1.689395410000000056e-02 1.639698058000000139e-02 1.638049406000000041e-02 1.720684834000000066e-02 1.711094938000000051e-02 1.630384665999999941e-02 1.747256059999999916e-02 1.697151506999999837e-02 1.683109681999999871e-02 1.732828583999999894e-02 1.682566170000000111e-02 1.706863362999999981e-02 1.740242385999999850e-02 1.666951922999999891e-02 1.683087676999999935e-02 1.739963482999999991e-02 1.636047469999999879e-02 1.756785178999999836e-02 1.635025228999999886e-02 1.821799735000000087e-02 1.666207691000000032e-02 1.690638829999999843e-02 1.761859760000000080e-02 1.680000783999999886e-02 1.587593147000000010e-02 1.688290748000000063e-02 1.644780494000000134e-02 1.654853692999999973e-02 1.688265197999999981e-02 1.679183601999999914e-02 1.663357031000000166e-02 1.693115224000000044e-02 1.640838848999999836e-02 1.829467221999999879e-02 1.668294819000000137e-02 1.640454641999999907e-02 1.703052032999999993e-02 1.691105534999999896e-02 1.636313713000000017e-02
1.651532369000000000e-02 1.696730641000000067e-02 1.830947829000000027e-02 3.851852530999999840e-03 1.730200032000000013e-02 1.640830705000000111e-02 1.658978570999999902e-02 1.613819144999999872e-02 1.698866405000000121e-02 1.610818782000000143e-02 1.682698485000000063e-02 1.820747597000000120e-02 1.614546815000000163e-02 1.623992310000000119e-02 1.648524918000000145e-02 1.596055714000000139e-02 1.669540329000000073e-02 1.657291174999999880e-02 1.598612045999999939e-02 1.671097971000000057e-02 1.705314813999999832e-02 1.665234113000000141e-02 1.659998496999999865e-02 1.643889738000000114e-02 1.673607322000000147e-02 1.711455865000000021e-02 1.596339878999999962e-02 1.647683902999999908e-02 1.716105563999999889e-02 1.630732635999999902e-02 1.621789200000000111e-02 1.677607478000000055e-02 1.652571476000000081e-02 1.675138227000000021e-02 1.698380826000000024e-02 1.690493683999999899e-02 1.683228376000000040e-02 1.692712489999999986e-02 1.631244713000000110e-02 1.624234969000000126e-02 1.720127981999999833e-02 1.608376488000000035e-02 1.733952009999999849e-02 1.618295886999999988e-02 1.734707993999999934e-02 1.655765088000000010e-02 1.674078870999999927e-02 1.726293325999999836e-02 1.638620916000000163e-02 1.542287126999999924e-02 1.667092606000000060e-02 1.593799892000000162e-02 1.638388522000000166e-02 1.647050870000000070e-02 1.624155903999999900e-02 1.608931574999999947e-02 1.616892372999999966e-02 1.669820824000000162e-02 1.664683046999999860e-02 1.822829893999999840e-02 1.569053667999999874e-02 1.628298091999999878e-02 1.635831151999999830e-02 1.610993861999999999e-02
1.650959504999999911e-02 1.625600890000000048e-02 1.678699461000000143e-02 1.730200032000000013e-02 3.774186615999999828e-03 1.731528523000000139e-02 1.593610666999999842e-02 1.568476648000000084e-02 1.628888842999999878e-02 1.551503953999999914e-02 1.657307876999999929e-02 1.576078133000000103e-02 1.745953374999999891e-02 1.500514407999999945e-02 1.651231921000000102e-02 1.583073039999999959e-02 1.604450523999999961e-02 1.624252073999999865e-02 1.638701505999999933e-02 1.652755158000000085e-02 1.620581320999999950e-02 1.666808600999999945e-02 1.613499544000000091e-02 1.580052360999999878e-02 1.594838236999999992e-02 1.622815019999999941e-02 1.586385347000000140e-02 1.601919946000000122e-02 1.659006742000000006e-02 1.645111380000000012e-02 1.555521049000000051e-02 1.632552185000000003e-02 1.655990652000000063e-02 1.661368214999999968e-02 1.661508047999999890e-02 1.597310551999999925e-02 1.661990828000000156e-02 1.610608385000000115e-02 1.594809175000000065e-02 1.577905820000000126e-02 1.666616807000000089e-02 1.530994754999999950e-02 1.632026026000000032e-02 1.570813412999999895e-02 1.747338893000000004e-02 1.595484172000000145e-02 1.629808866000000134e-02 1.644524279000000172e-02 1.578236973999999973e-02 1.534250705000000069e-02 1.624699880999999971e-02 1.569810708999999985e-02 1.615285691999999995e-02 1.574979418999999936e-02 1.544544473999999966e-02 1.590808051999999945e-02 1.632855331000000049e-02 1.611393084999999947e-02 1.614842017000000032e-02 1.626704957000000076e-02 1.681449344000000151e-02 1.594658053000000061e-02 1.640729760999999967e-02 1.596775724999999896e-02
1.619285346000000000e-02 1.601689819000000001e-02 1.689857609999999982e-02 1.640830705000000111e-02 1.731528523000000139e-02 3.872886297999999974e-03 1.755354011999999894e-02 1.533190035000000020e-02 1.627352129999999966e-02 1.550276696000000079e-02 1.639556489999999950e-02 1.615446461999999958e-02 1.588383655999999963e-02 1.720410995999999831e-02 1.583324321000000034e-02 1.564139025999999877e-02 1.583101912999999861e-02 1.574990387000000172e-02 1.524783172000000048e-02 1.574337199999999853e-02 1.665602073999999932e-02 1.621065644999999944e-02 1.546248929999999994e-02 1.557294908000000054e-02 1.604326204999999977e-02 1.656627164999999874e-02 1.589588762000000016e-02 1.595656827999999972e-02 1.607901464000000002e-02 1.649556619000000154e-02 1.543425669000000021e-02 1.636681149000000085e-02 1.658786225000000170e-02 1.607920318000000126e-02 1.635811700999999924e-02 1.607531540999999897e-02 1.627369157999999927e-02 1.638399101999999871e-02 1.572308027999999927e-02 1.542054338999999941e-02 1.613333105000000142e-02 1.561462610999999993e-02 1.655021658999999978e-02 1.612863889999999883e-02 1.681265515000000127e-02 1.525389605000000010e-02 1.565876006999999959e-02 1.612865060999999975e-02 1.572072127999999888e-02 1.560400393999999968e-02 1.574796591999999898e-02 1.530209345999999915e-02 1.585261678999999937e-02 1.553882388999999926e-02 1.552499230000000015e-02 1.589112201999999877e-02 1.566766154999999980e-02 1.592206732000000027e-02 1.587571068999999932e-02 1.626929917999999850e-02 1.495691256000000052e-02 1.771649236999999974e-02 1.592398705000000123e-02 1.605071522000000098e-02
1.648275764999999893e-02 1.630385910999999910e-02 1.667580978999999922e-02 1.658978570999999902e-02 1.593610666999999842e-02 1.755354011999999894e-02 3.878385398999999959e-03 1.754243780000000127e-02 1.627734789999999918e-02 1.567168369000000033e-02 1.627476497000000105e-02 1.632239174000000084e-02 1.598386803000000078e-02 1.592793982000000053e-02 1.771014532999999960e-02 1.523107641999999970e-02 1.606463101000000018e-02 1.584354752000000088e-02 1.564441111999999995e-02 1.598109376999999956e-02 1.646251635999999852e-02 1.681158832000000103e-02 1.678839380999999978e-02 1.594577976000000064e-02 1.571473757000000152e-02 1.652058006000000148e-02 1.639418332999999922e-02 1.612325792999999910e-02 1.667122420000000105e-02 1.689356976999999843e-02 1.608900137000000147e-02 1.616365134999999884e-02 1.671431006000000108e-02 1.619657001000000124e-02 1.686537813000000066e-02 1.607486216000000162e-02 1.707556509999999875e-02 1.618318680999999981e-02 1.635328386999999883e-02 1.530654029000000013e-02 1.632626846999999867e-02 1.581745476999999941e-02 1.720924806000000140e-02 1.618772548000000158e-02 1.722764988000000108e-02 1.583987083000000171e-02 1.633905478000000078e-02 1.668444092999999892e-02 1.587632159999999987e-02 1.574223770000000161e-02 1.604781255999999934e-02 1.580238562999999874e-02 1.617581217999999876e-02 1.602114350999999867e-02 1.611187443999999996e-02 1.557746942999999919e-02 1.611705253999999934e-02 1.594453364000000123e-02 1.656950463999999970e-02 1.651821665000000050e-02 1.613473128999999909e-02 1.602866996999999932e-02 1.811859843000000053e-02 1.560719906999999927e-02
1.762668427000000163e-02 1.599552644999999856e-02 1.604142442999999946e-02 1.613819144999999872e-02 1.568476648000000084e-02 1.533190035000000020e-02 1.754243780000000127e-02 3.853191083999999832e-03 1.546258088000000003e-02 1.540631163999999984e-02 1.659108593999999992e-02 1.616355418999999849e-02 1.558818088999999914e-02 1.514243873999999990e-02 1.584378595999999875e-02 1.660355305000000073e-02 1.639927035999999907e-02 1.583743132999999859e-02 1.548401634999999922e-02 1.607011155999999927e-02 1.577135693000000088e-02 1.629914240000000097e-02 1.647274384000000161e-02 1.521056085000000065e-02 1.614843267000000068e-02 1.661462457000000004e-02 1.594617493999999844e-02 1.577788414000000014e-02 1.635621095999999913e-02 1.653369996999999939e-02 1.557178377000000002e-02 1.616664374000000015e-02 1.599320799999999834e-02 1.600248607999999947e-02 1.671738726999999827e-02 1.625472907999999869e-02 1.644127378000000139e-02 1.587571998000000123e-02 1.560919348000000019e-02 1.550822334000000018e-02 1.616511959999999970e-02 1.567980798999999911e-02 1.605120541000000164e-02 1.556842769000000085e-02 1.715225012000000035e-02 1.560773373000000006e-02 1.623773656000000037e-02 1.636013911000000140e-02 1.570849983000000005e-02 1.589075209000000155e-02 1.544612138000000037e-02 1.562293826000000010e-02 1.543648851999999960e-02 1.563864711000000074e-02 1.598441659999999889e-02 1.563168765000000002e-02 1.566688935999999838e-02 1.603556474999999829e-02 1.583382858000000060e-02 1.676454235000000154e-02 1.565474145999999969e-02 1.555988353999999962e-02 1.617299415999999893e-02 1.698541518000000125e-02
1.757218635000000126e-02 1.576825831000000164e-02 1.681618723000000148e-02 1.698866405000000121e-02 1.628888842999999878e-02 1.627352129999999966e-02 1.627734789999999918e-02 1.546258088000000003e-02 3.736085641000000141e-03 1.694912414000000062e-02 1.687896171999999848e-02 1.678638186000000129e-02 1.664120356000000148e-02 1.649689204999999978e-02 1.692105723000000145e-02 1.778726158999999890e-02 1.777830978000000117e-02 1.609198772999999999e-02 1.610538049999999874e-02 1.680831370000000075e-02 1.656097919999999918e-02 1.694543819999999937e-02 1.646099989999999860e-02 1.577579709999999899e-02 1.649896690999999929e-02 1.690196948000000088e-02 1.611704497999999833e-02 1.668555081999999884e-02 1.669693315999999997e-02 1.648498681999999854e-02 1.561514894000000028e-02 1.658091827999999893e-02 1.645133506999999981e-02 1.677671724999999989e-02 1.686623266999999829e-02 1.668820828999999922e-02 1.645735833000000134e-02 1.669277112999999896e-02 1.634706357000000054e-02 1.568351156999999926e-02 1.688492158000000007e-02 1.626523709999999970e-02 1.705781297999999988e-02 1.639119920999999869e-02 1.698723079999999927e-02 1.624960811000000088e-02 1.662245728999999991e-02 1.646824846000000120e-02 1.582548869000000025e-02 1.535758494000000023e-02 1.621366949999999973e-02 1.592004913999999979e-02 1.546771622000000027e-02 1.600045808999999916e-02 1.622285215000000141e-02 1.611265393999999906e-02 1.673661452999999910e-02 1.640966779999999958e-02 1.627060681000000106e-02 1.631726312000000151e-02 1.616723210999999882e-02 1.614535023000000097e-02 1.638865243999999832e-02 1.639140099999999989e-02
1.503255841000000065e-02 1.752817569000000159e-02 1.563742673000000083e-02 1.610818782000000143e-02 1.551503953999999914e-02 1.550276696000000079e-02 1.567168369000000033e-02 1.540631163999999984e-02 1.694912414000000062e-02 3.773594507000000049e-03 1.703197279999999966e-02 1.613598456000000028e-02 1.520085818000000040e-02 1.551222300000000033e-02 1.607083663000000162e-02 1.570324878999999896e-02 1.541518947000000000e-02 1.720581822999999941e-02 1.555376320999999999e-02 1.578783820999999851e-02 1.576404982000000066e-02 1.640925147000000042e-02 1.596545833000000136e-02 1.545955717999999979e-02 1.580903784000000159e-02 1.620953504000000045e-02 1.590588040999999994e-02 1.567259291999999887e-02 1.612898638999999898e-02 1.564919528000000004e-02 1.546790963000000026e-02 1.614295661999999923e-02 1.621830678000000039e-02 1.530195900999999949e-02 1.638718415999999845e-02 1.548886942999999974e-02 1.651569095999999917e-02 1.565263926000000014e-02 1.598984216000000000e-02 1.555251168000000052e-02 1.633433277999999864e-02 1.573599818999999941e-02 1.643465364999999873e-02 1.585142294999999923e-02 1.684717591000000139e-02 1.540665412000000005e-02 1.600497027999999919e-02 1.588015993999999931e-02 1.524351118999999963e-02 1.517580969000000002e-02 1.596114460999999846e-02 1.496748565000000086e-02 1.469225637000000015e-02 1.562735309000000058e-02 1.515188913999999942e-02 1.571749319000000089e-02 1.574559556999999971e-02 1.547199752999999997e-02 1.523749798999999953e-02 1.633679395000000104e-02 1.556803950000000027e-02 1.595395704000000109e-02 1.584089099999999931e-02 1.491288795000000021e-02
1.712113443000000054e-02 1.619090625000000130e-02 1.876810292000000158e-02 1.682698485000000063e-02 1.657307876999999929e-02 1.639556489999999950e-02 1.627476497000000105e-02 1.659108593999999992e-02 1.687896171999999848e-02 1.703197279999999966e-02 3.947354242999999603e-03 1.912775879999999845e-02 1.658098888000000132e-02 1.646896221000000021e-02 1.691863378000000098e-02 1.615573987999999878e-02 1.730651897000000036e-02 1.647028057999999975e-02 1.823609009000000045e-02 1.649296575000000140e-02 1.689728105000000077e-02 1.720586552999999949e-02 1.684321076999999861e-02 1.649383217000000013e-02 1.686292903999999857e-02 1.723617105999999954e-02 1.657828600000000110e-02 1.620347146000000044e-02 1.701214556000000058e-02 1.712240465999999989e-02 1.652488334999999836e-02 1.703911874999999854e-02 1.716797960999999831e-02 1.673320424000000056e-02 1.726018593999999878e-02 1.662667404000000085e-02 1.685368800999999944e-02 1.716800058999999948e-02 1.652217326999999916e-02 1.620200318000000056e-02 1.726386753999999829e-02 1.602069613000000128e-02 1.715171769999999929e-02 1.675801072000000086e-02 1.786641921000000147e-02 1.654038646000000057e-02 1.722970939000000035e-02 1.734104628000000120e-02 1.618248833999999872e-02 1.625321532000000013e-02 1.652494280000000107e-02 1.556575351000000045e-02 1.605816670000000113e-02 1.651702570000000009e-02 1.648871441000000077e-02 1.630995400000000151e-02 1.699841614000000001e-02 1.665612745999999963e-02 1.655967157000000009e-02 1.663304201999999885e-02 1.618518053999999998e-02 1.699054871000000091e-02 1.674932875000000043e-02 1.605655108999999928e-02
1.694945615000000017e-02 1.704032871000000018e-02 1.678069180000000063e-02 1.820747597000000120e-02 1.576078133000000103e-02 1.615446461999999958e-02 1.632239174000000084e-02 1.616355418999999849e-02 1.678638186000000129e-02 1.613598456000000028e-02 1.912775879999999845e-02 3.892014444000000024e-03 1.801087609999999992e-02 1.631616283999999875e-02 1.690767989999999998e-02 1.610344370999999830e-02 1.694772032000000164e-02 1.661253635999999922e-02 1.581958241999999876e-02 1.798344336000000029e-02 1.659752646999999859e-02 1.717210934999999911e-02 1.672301106000000093e-02 1.612745948999999915e-02 1.645149027000000069e-02 1.699270341000000059e-02 1.657555122999999908e-02 1.676088946999999829e-02 1.692897514000000006e-02 1.715130587999999859e-02 1.577419098999999908e-02 1.648246815999999948e-02 1.698798014000000092e-02 1.672727482999999959e-02 1.718335106000000098e-02 1.687426058999999881e-02 1.690690629999999986e-02 1.648809342999999969e-02 1.597890688000000101e-02 1.573235622000000028e-02 1.698313246999999873e-02 1.572866374999999997e-02 1.722574555999999840e-02 1.612704304000000047e-02 1.743906954000000106e-02 1.618697603999999859e-02 1.675144925000000146e-02 1.638668081999999915e-02 1.617449366000000069e-02 1.567947177999999900e-02 1.635354544999999965e-02 1.563065458000000019e-02 1.627983812000000086e-02 1.671119547999999969e-02 1.589501017999999863e-02 1.610968570000000100e-02 1.671976698999999913e-02 1.634224698999999989e-02 1.662652719000000043e-02 1.646054233999999852e-02 1.638496214000000062e-02 1.619122479000000003e-02 1.659394819999999993e-02 1.646403133000000005e-02
1.636594607999999895e-02 1.605330824999999864e-02 1.688113077999999975e-02 1.614546815000000163e-02 1.745953374999999891e-02 1.588383655999999963e-02 1.598386803000000078e-02 1.558818088999999914e-02 1.664120356000000148e-02 1.520085818000000040e-02 1.658098888000000132e-02 1.801087609999999992e-02 3.718181508999999791e-03 1.718737986999999828e-02 1.619030530999999995e-02 1.602971925999999853e-02 1.631972581000000130e-02 1.593300669000000114e-02 1.593597483999999870e-02 1.627614701999999941e-02 1.826745871000000007e-02 1.633817938999999886e-02 1.640431476000000013e-02 1.591095958000000171e-02 1.598578647999999991e-02 1.608377420999999863e-02 1.573469207000000036e-02 1.614913121000000062e-02 1.710223442000000094e-02 1.654038110000000117e-02 1.498128366999999968e-02 1.664389759000000149e-02 1.637446597000000170e-02 1.628600327999999917e-02 1.700255999999999990e-02 1.619965464999999910e-02 1.641307469999999866e-02 1.640708037000000036e-02 1.594556969000000129e-02 1.583221376000000166e-02 1.659580591000000063e-02 1.514753142000000059e-02 1.685325422999999975e-02 1.583246953000000054e-02 1.722876815000000048e-02 1.592762207999999860e-02 1.647058603999999871e-02 1.652865123000000006e-02 1.573332738999999939e-02 1.540365137000000023e-02 1.608339351999999930e-02 1.563815039000000101e-02 1.604434558999999830e-02 1.600736276000000111e-02 1.541143287000000008e-02 1.597676434999999867e-02 1.604007609000000084e-02 1.642263622000000173e-02 1.643344480999999954e-02 1.640368260000000036e-02 1.644491488000000140e-02 1.618417712000000050e-02 1.683708501999999982e-02 1.646214367999999928e-02
1.544374660000000059e-02 1.625696277999999842e-02 1.636244190000000001e-02 1.623992310000000119e-02 1.500514407999999945e-02 1.720410995999999831e-02 1.592793982000000053e-02 1.514243873999999990e-02 1.649689204999999978e-02 1.551222300000000033e-02 1.646896221000000021e-02 1.631616283999999875e-02 1.718737986999999828e-02 3.855861445999999877e-03 1.765297136999999933e-02 1.570906282999999862e-02 1.558308396000000068e-02 1.593549824999999920e-02 1.563730266000000133e-02 1.611009454999999882e-02 1.603957829999999932e-02 1.799500927000000083e-02 1.605534843999999878e-02 1.587796520000000003e-02 1.557648673000000018e-02 1.683011493000000081e-02 1.597355179999999930e-02 1.627430629999999934e-02 1.627635592999999992e-02 1.667829755999999941e-02 1.550061148000000076e-02 1.620683708000000139e-02 1.594332600000000072e-02 1.616276523000000076e-02 1.698042409000000141e-02 1.650421775999999854e-02 1.574294798999999884e-02 1.648822076999999914e-02 1.589589876999999984e-02 1.612737933000000026e-02 1.596594577000000001e-02 1.538299947000000036e-02 1.677399803000000078e-02 1.652912523000000036e-02 1.667689509999999847e-02 1.584732699000000050e-02 1.612898847000000108e-02 1.636674324999999944e-02 1.600218688999999889e-02 1.503673363999999922e-02 1.589527892999999942e-02 1.513915579000000081e-02 1.587304205000000107e-02 1.578902775000000022e-02 1.548344463999999990e-02 1.581755687999999993e-02 1.576512740999999954e-02 1.651555080000000064e-02 1.563243485000000155e-02 1.596519009000000114e-02 1.567146083000000092e-02 1.625014262999999876e-02 1.640138811000000155e-02 1.579123131000000069e-02
1.623301217999999907e-02 1.668711872999999873e-02 1.730125064000000157e-02 1.648524918000000145e-02 1.651231921000000102e-02 1.583324321000000034e-02 1.771014532999999960e-02 1.584378595999999875e-02 1.692105723000000145e-02 1.607083663000000162e-02 1.691863378000000098e-02 1.690767989999999998e-02 1.619030530999999995e-02 1.765297136999999933e-02 3.771879108000000119e-03 1.729327035000000068e-02 1.639208614000000133e-02 1.667804469000000109e-02 1.646872700999999981e-02 1.643192870000000083e-02 1.695694173000000110e-02 1.709377788000000092e-02 1.863530457000000043e-02 1.535399288999999938e-02 1.594689875000000062e-02 1.703048052999999937e-02 1.687794744999999985e-02 1.668234078999999981e-02 1.716681210999999874e-02 1.741716046000000087e-02 1.604327378999999970e-02 1.624261005999999910e-02 1.679189417999999920e-02 1.654597621000000046e-02 1.765026080999999858e-02 1.658181002000000057e-02 1.700941681000000053e-02 1.696178258000000105e-02 1.607166624000000085e-02 1.591531468000000060e-02 1.712748036999999987e-02 1.609809313000000117e-02 1.716530420999999931e-02 1.640045718000000124e-02 1.703026583999999941e-02 1.663152596000000080e-02 1.620098572999999903e-02 1.688432320999999972e-02 1.601786716999999832e-02 1.539552091000000004e-02 1.565539844999999999e-02 1.565028498999999906e-02 1.575664297999999908e-02 1.635287680999999993e-02 1.582034516999999973e-02 1.625496468999999833e-02 1.612562974000000121e-02 1.648366167000000007e-02 1.634533117000000133e-02 1.656803252999999865e-02 1.602727622000000088e-02 1.650918476000000010e-02 1.670571943999999906e-02 1.650989992999999864e-02
1.559333761000000068e-02 1.621498693000000130e-02 1.643153875999999944e-02 1.596055714000000139e-02 1.583073039999999959e-02 1.564139025999999877e-02 1.523107641999999970e-02 1.660355305000000073e-02 1.778726158999999890e-02 1.570324878999999896e-02 1.615573987999999878e-02 1.610344370999999830e-02 1.602971925999999853e-02 1.570906282999999862e-02 1.729327035000000068e-02 3.945951155999999869e-03 1.560366390999999922e-02 1.577256328999999957e-02 1.547235922999999971e-02 1.642804373999999859e-02 1.600470802999999845e-02 1.644185932999999919e-02 1.576898516999999944e-02 1.681667727000000015e-02 1.604460387000000016e-02 1.625892526000000116e-02 1.603118883999999841e-02 1.588073037999999937e-02 1.644974538999999930e-02 1.679798314000000015e-02 1.563384420000000011e-02 1.585786562000000149e-02 1.615243326999999882e-02 1.618168342999999967e-02 1.649792975999999842e-02 1.579391490000000078e-02 1.641629136999999891e-02 1.660872949000000154e-02 1.560944891999999952e-02 1.507451540999999937e-02 1.655325750000000151e-02 1.592978185000000144e-02 1.639912223000000030e-02 1.553778316999999964e-02 1.672053722000000145e-02 1.582169652000000107e-02 1.586693830000000111e-02 1.565773749000000034e-02 1.573924398000000127e-02 1.513359595000000023e-02 1.564768035999999918e-02 1.556171486999999992e-02 1.533073895000000055e-02 1.570855009999999954e-02 1.575639540999999866e-02 1.587911955000000097e-02 1.561079842000000044e-02 1.574761976000000133e-02 1.593093769000000076e-02 1.634501116999999976e-02 1.555612158999999939e-02 1.527743454000000077e-02 1.619999536000000032e-02 1.511471915999999978e-02
1.658813530000000092e-02 1.634425449000000141e-02 1.727966817999999904e-02 1.669540329000000073e-02 1.604450523999999961e-02 1.583101912999999861e-02 1.606463101000000018e-02 1.639927035999999907e-02 1.777830978000000117e-02 1.541518947000000000e-02 1.730651897000000036e-02 1.694772032000000164e-02 1.631972581000000130e-02 1.558308396000000068e-02 1.639208614000000133e-02 1.560366390999999922e-02 3.803247152999999874e-03 1.737507636999999910e-02 1.636003525999999916e-02 1.663974367999999926e-02 1.619641319000000163e-02 1.665451868000000085e-02 1.683962698999999855e-02 1.773999824999999975e-02 1.828689999999999830e-02 1.626851534999999849e-02 1.602015201000000014e-02 1.625404442999999963e-02 1.705917468000000062e-02 1.684890517000000101e-02 1.639854606999999881e-02 1.639825061000000153e-02 1.691832877000000110e-02 1.683286448000000102e-02 1.719004228000000148e-02 1.703683699999999912e-02 1.695911724999999912e-02 1.696684516000000059e-02 1.619236651000000027e-02 1.626396134000000077e-02 1.697482435000000067e-02 1.630260333999999922e-02 1.714685184000000126e-02 1.650818651000000165e-02 1.754335208999999868e-02 1.641617458000000154e-02 1.664673234000000127e-02 1.657802210999999998e-02 1.613204023999999931e-02 1.576045519999999880e-02 1.621462562999999996e-02 1.601445199999999847e-02 1.581849361999999870e-02 1.651832590999999933e-02 1.639200042000000038e-02 1.584633172999999964e-02 1.664343357999999856e-02 1.646032746000000019e-02 1.690705878000000120e-02 1.654613116000000148e-02 1.594427676000000071e-02 1.625194162000000164e-02 1.675252580000000102e-02 1.628854487000000115e-02
1.598814100000000085e-02 1.635047681000000031e-02 1.696173981000000108e-02 1.657291174999999880e-02 1.624252073999999865e-02 1.574990387000000172e-02 1.584354752000000088e-02 1.583743132999999859e-02 1.609198772999999999e-02 1.720581822999999941e-02 1.647028057999999975e-02 1.661253635999999922e-02 1.593300669000000114e-02 1.593549824999999920e-02 1.667804469000000109e-02 1.577256328999999957e-02 1.737507636999999910e-02 3.835326228999999965e-03 1.767304511000000050e-02 1.646348996000000092e-02 1.649068826000000057e-02 1.667770844000000113e-02 1.644673694999999880e-02 1.596288119000000005e-02 1.558664279999999978e-02 1.820103650000000003e-02 1.576548276999999859e-02 1.679461826999999879e-02 1.678871612000000166e-02 1.707524997999999850e-02 1.593399338000000068e-02 1.643994187999999954e-02 1.666415429000000017e-02 1.668519553999999946e-02 1.683189078000000075e-02 1.622997861000000097e-02 1.674818239999999875e-02 1.644849535000000168e-02 1.616853840000000153e-02 1.616923370000000054e-02 1.704394076000000091e-02 1.582692675999999854e-02 1.636925129999999839e-02 1.618154671999999863e-02 1.775244356000000093e-02 1.560318028000000010e-02 1.627516327000000027e-02 1.632266700999999987e-02 1.618116216999999912e-02 1.596347738000000044e-02 1.622671431999999844e-02 1.592435107999999946e-02 1.569889896999999979e-02 1.569843468999999880e-02 1.545738211000000084e-02 1.559543401999999995e-02 1.626395132000000091e-02 1.582193666000000082e-02 1.603826146000000147e-02 1.612914317999999958e-02 1.592436101999999964e-02 1.639051697000000127e-02 1.670868316999999867e-02 1.613929507000000027e-02
1.607453228999999872e-02 1.617169355000000128e-02 1.712476685000000054e-02 1.598612045999999939e-02 1.638701505999999933e-02 1.524783172000000048e-02 1.564441111999999995e-02 1.548401634999999922e-02 1.610538049999999874e-02 1.555376320999999999e-02 1.823609009000000045e-02 1.581958241999999876e-02 1.593597483999999870e-02 1.563730266000000133e-02 1.646872700999999981e-02 1.547235922999999971e-02 1.636003525999999916e-02 1.767304511000000050e-02 3.685431862999999884e-03 1.799913687000000151e-02 1.635234649999999998e-02 1.628549786000000124e-02 1.627869667999999950e-02 1.603919322000000106e-02 1.627849279999999885e-02 1.593518312999999895e-02 1.710291096999999941e-02 1.575333989999999976e-02 1.697081388000000121e-02 1.641988267000000015e-02 1.567720094000000022e-02 1.642647322999999868e-02 1.625932383999999925e-02 1.645799196000000131e-02 1.668063302999999928e-02 1.631924048000000030e-02 1.643440290999999970e-02 1.602695590000000059e-02 1.590015782000000003e-02 1.576268131999999933e-02 1.672421819000000087e-02 1.568716799000000051e-02 1.654907850999999888e-02 1.597498728999999923e-02 1.719191443000000000e-02 1.646861759999999897e-02 1.624160410999999846e-02 1.661273904999999856e-02 1.606266173000000033e-02 1.555704987999999983e-02 1.588452460999999899e-02 1.530149572999999971e-02 1.573145947000000044e-02 1.604134529999999906e-02 1.586057428000000116e-02 1.569303060999999860e-02 1.566690005999999899e-02 1.587957518999999831e-02 1.621964156999999851e-02 1.582623949999999863e-02 1.596448908000000153e-02 1.610077440000000012e-02 1.623225417999999906e-02 1.609827084999999880e-02
1.666639581999999897e-02 1.652061084000000166e-02 1.710765091999999835e-02 1.671097971000000057e-02 1.652755158000000085e-02 1.574337199999999853e-02 1.598109376999999956e-02 1.607011155999999927e-02 1.680831370000000075e-02 1.578783820999999851e-02 1.649296575000000140e-02 1.798344336000000029e-02 1.627614701999999941e-02 1.611009454999999882e-02 1.643192870000000083e-02 1.642804373999999859e-02 1.663974367999999926e-02 1.646348996000000092e-02 1.799913687000000151e-02 3.646497882999999787e-03 1.796251265999999902e-02 1.675709895000000033e-02 1.632964518999999864e-02 1.627772787000000138e-02 1.648778676000000123e-02 1.675521873000000023e-02 1.557274118000000034e-02 1.739808967999999928e-02 1.706296864999999954e-02 1.738362145999999830e-02 1.569059318000000022e-02 1.667673085999999902e-02 1.700941226999999958e-02 1.669031726000000035e-02 1.673075577000000119e-02 1.642165393999999931e-02 1.614111166999999958e-02 1.617225544000000167e-02 1.590162406999999847e-02 1.611053064999999965e-02 1.712774138999999946e-02 1.607348624000000045e-02 1.659676163000000162e-02 1.626323762999999992e-02 1.742793186999999980e-02 1.626379740999999921e-02 1.679904651999999943e-02 1.669684861999999950e-02 1.651771399999999931e-02 1.581869039000000088e-02 1.642060537000000070e-02 1.625416292999999970e-02 1.610513439999999852e-02 1.638941980999999992e-02 1.581166805999999897e-02 1.568930298000000001e-02 1.663028709999999841e-02 1.621277516000000155e-02 1.716076022000000145e-02 1.682082713000000035e-02 1.607321725000000062e-02 1.646077418999999931e-02 1.617060743999999828e-02 1.596454247999999979e-02
1.677340643999999936e-02 1.641624989999999895e-02 1.736379302000000055e-02 1.705314813999999832e-02 1.620581320999999950e-02 1.665602073999999932e-02 1.646251635999999852e-02 1.577135693000000088e-02 1.656097919999999918e-02 1.576404982000000066e-02 1.689728105000000077e-02 1.659752646999999859e-02 1.826745871000000007e-02 1.603957829999999932e-02 1.695694173000000110e-02 1.600470802999999845e-02 1.619641319000000163e-02 1.649068826000000057e-02 1.635234649999999998e-02 1.796251265999999902e-02 3.744888116000000006e-03 1.795229356999999970e-02 1.689426951000000052e-02 1.599775179000000047e-02 1.602291834999999831e-02 1.689673397000000105e-02 1.622069669999999866e-02 1.624367338000000036e-02 1.806312415999999921e-02 1.622597409000000115e-02 1.542844636000000047e-02 1.611541719999999914e-02 1.686055294999999968e-02 1.729807522000000042e-02 1.712342760999999852e-02 1.601831450999999934e-02 1.655045620000000078e-02 1.647237295000000129e-02 1.561498293999999919e-02 1.625827310000000150e-02 1.665362600999999859e-02 1.612870561999999938e-02 1.730265639000000064e-02 1.601433432000000032e-02 1.751993947999999982e-02 1.648844812999999965e-02 1.631420188000000035e-02 1.694478958999999854e-02 1.656025293000000162e-02 1.535973535999999966e-02 1.629135146999999978e-02 1.611409545000000096e-02 1.610575968000000149e-02 1.626234516000000033e-02 1.558490375999999934e-02 1.640902891999999891e-02 1.608194132999999845e-02 1.613006583999999910e-02 1.705261813999999973e-02 1.660231933000000035e-02 1.599340188000000079e-02 1.618722062000000142e-02 1.662503514000000099e-02 1.627053876999999885e-02
1.689224125999999951e-02 1.724382353000000062e-02 1.713216455999999957e-02 1.665234113000000141e-02 1.666808600999999945e-02 1.621065644999999944e-02 1.681158832000000103e-02 1.629914240000000097e-02 1.694543819999999937e-02 1.640925147000000042e-02 1.720586552999999949e-02 1.717210934999999911e-02 1.633817938999999886e-02 1.799500927000000083e-02 1.709377788000000092e-02 1.644185932999999919e-02 1.665451868000000085e-02 1.667770844000000113e-02 1.628549786000000124e-02 1.675709895000000033e-02 1.795229356999999970e-02 3.955926274000000006e-03 1.842364704000000117e-02 1.611925528000000135e-02 1.685662678000000164e-02 1.698061966999999881e-02 1.716547963999999829e-02 1.700892697000000106e-02 1.672513332999999922e-02 1.846301317000000053e-02 1.575091015999999927e-02 1.731370063999999875e-02 1.728397413000000091e-02 1.704360905999999926e-02 1.741250122000000122e-02 1.718375913000000019e-02 1.687712316000000018e-02 1.690697643999999888e-02 1.645316981000000123e-02 1.672917574999999851e-02 1.705195807000000133e-02 1.617000451999999963e-02 1.745871513000000000e-02 1.693027026999999879e-02 1.770703959999999841e-02 1.638929042000000086e-02 1.641959453000000138e-02 1.720090791000000036e-02 1.677558361999999942e-02 1.571919196000000005e-02 1.686372913000000126e-02 1.624170624000000063e-02 1.645242301999999893e-02 1.667234302000000085e-02 1.631481120000000118e-02 1.668590575000000048e-02 1.651981208999999881e-02 1.670702895999999840e-02 1.681010121000000093e-02 1.698876365999999957e-02 1.659044083000000072e-02 1.672329981999999896e-02 1.712412216999999875e-02 1.656980062999999920e-02
1.645388601000000173e-02 1.650360073000000163e-02 1.721868643999999865e-02 1.659998496999999865e-02 1.613499544000000091e-02 1.546248929999999994e-02 1.678839380999999978e-02 1.647274384000000161e-02 1.646099989999999860e-02 1.596545833000000136e-02 1.684321076999999861e-02 1.672301106000000093e-02 1.640431476000000013e-02 1.605534843999999878e-02 1.863530457000000043e-02 1.576898516999999944e-02 1.683962698999999855e-02 1.644673694999999880e-02 1.627869667999999950e-02 1.632964518999999864e-02 1.689426951000000052e-02 1.842364704000000117e-02 3.756763634999999834e-03 1.723128571999999956e-02 1.691928533999999956e-02 1.658321272000000055e-02 1.635555794000000118e-02 1.644614154000000050e-02 1.680569674000000069e-02 1.633560333000000017e-02 1.743764282999999901e-02 1.636497438999999846e-02 1.696439840000000046e-02 1.684149337999999926e-02 1.758502689999999827e-02 1.672588435999999845e-02 1.658713944999999981e-02 1.608245091000000057e-02 1.606022283999999911e-02 1.624544073999999866e-02 1.701051556999999895e-02 1.591898967999999873e-02 1.682662340000000076e-02 1.588980607999999906e-02 1.681856979999999877e-02 1.618899021000000035e-02 1.639800760000000024e-02 1.681769043000000061e-02 1.604909359000000063e-02 1.602857551000000033e-02 1.675412139000000133e-02 1.597319617999999955e-02 1.627862223000000122e-02 1.633481851999999887e-02 1.666018312000000154e-02 1.626992076000000065e-02 1.641969693999999896e-02 1.656397290999999869e-02 1.668138109999999993e-02 1.653257014000000108e-02 1.616758810000000143e-02 1.641250463000000145e-02 1.645914664999999916e-02 1.591206993999999889e-02
1.605943728999999903e-02 1.542739725999999964e-02 1.651279057000000147e-02 1.643889738000000114e-02 1.580052360999999878e-02 1.557294908000000054e-02 1.594577976000000064e-02 1.521056085000000065e-02 1.577579709999999899e-02 1.545955717999999979e-02 1.649383217000000013e-02 1.612745948999999915e-02 1.591095958000000171e-02 1.587796520000000003e-02 1.535399288999999938e-02 1.681667727000000015e-02 1.773999824999999975e-02 1.596288119000000005e-02 1.603919322000000106e-02 1.627772787000000138e-02 1.599775179000000047e-02 1.611925528000000135e-02 1.723128571999999956e-02 3.742295380999999862e-03 1.603215096000000159e-02 1.642585879000000096e-02 1.590949934000000093e-02 1.593153937000000089e-02 1.655324195999999942e-02 1.643656117999999985e-02 1.511927123000000005e-02 1.765417827999999842e-02 1.656770578000000063e-02 1.619891839000000069e-02 1.645847010000000069e-02 1.615274829999999856e-02 1.607810020000000062e-02 1.623104834999999913e-02 1.602939147000000120e-02 1.611279461999999899e-02 1.681457698999999986e-02 1.577308915999999991e-02 1.632634813000000129e-02 1.578607137999999896e-02 1.681998785999999982e-02 1.599251289999999853e-02 1.634821658999999899e-02 1.665105977000000056e-02 1.555127113000000054e-02 1.510900056999999949e-02 1.631917231000000121e-02 1.577932304999999855e-02 1.553356755000000027e-02 1.576731643000000085e-02 1.571451804000000008e-02 1.603564538999999872e-02 1.582773331000000144e-02 1.549946089999999950e-02 1.630522650999999962e-02 1.683861291999999912e-02 1.586331368999999852e-02 1.581218947000000152e-02 1.579125731000000088e-02 1.531171568000000080e-02
