# <Sz_i Sz_j >
6.062665438000000018e-01 1.866670126999999887e-02 5.168196503000000060e-03 2.305018480000000074e-03 1.630091167999999941e-03 2.319371963999999810e-03 7.888254399000000500e-04 6.022785691000000040e-05 -2.225107030999999970e-04 -3.433138197000000264e-04 1.354484789000000083e-03 1.563115451000000053e-03 1.718801767000000024e-03 1.747017411000000107e-03 4.479360231000000317e-03 2.230610963000000113e-02 1.513566226999999917e-02 4.793308530999999643e-03 1.957129018000000088e-03 4.458388220999999962e-04 8.971515503000000160e-04 1.564214328999999955e-03 9.456960544000000144e-04 1.767369138000000070e-04 -1.283597658000000009e-03 1.687922042999999948e-03 2.282010339000000061e-03 1.170637378999999983e-03 7.453159955999999866e-04 2.251918119999999843e-03 5.503853246000000275e-03 1.520896895999999943e-02 3.651906470000000193e-03 2.080213290000000170e-03 1.944843305000000001e-03 5.119660599999999607e-04 9.865797141000000672e-04 1.395089157999999984e-03 1.857297438999999867e-04 2.895141947000000066e-03 6.228498295000000186e-04 5.736230201999999775e-04 1.998479687000000019e-04 5.913803418000000527e-04 5.981712354000000460e-04 1.958853265999999788e-03 2.614593917999999927e-03 4.896855650999999872e-03 3.475585427999999810e-03 3.316789240000000017e-03 3.142487196999999878e-03 2.083761075000000081e-03 2.160828080000000168e-03 2.987214037000000041e-03 2.542871659999999898e-03 1.370880503000000044e-03 -4.379430556999999963e-04 9.306125770999999899e-04 9.369247345999999737e-04 2.670643084999999983e-03 3.267468979999999922e-03 4.651175508000000153e-03 6.118940005999999772e-03 6.185141174999999637e-03 -2.359393331000000094e-01 -2.159792648000000148e-02 -5.284925789000000096e-03 -4.280862715999999603e-03 -4.083993957000000251e-03 -3.862525215999999904e-03 -1.292783531000000086e-03 -1.566651831999999996e-03 -9.275425352000000448e-04 -3.206049042000000144e-03 -2.913996397000000009e-03 -2.734272304999999913e-03 -3.429178046999999986e-03 -6.564331187999999755e-03 -2.066406596999999928e-02 -2.384817351000000085e-01 -2.594665864999999919e-02 -7.140715033000000038e-03 -1.456945767000000043e-03 -8.362134662999999536e-04 -1.340713787999999991e-03 -1.498058488000000030e-03 -5.793151110000000501e-04 7.750320569000000541e-05 3.269394077999999808e-04 -1.100306610000000062e-03 -1.989104792000000090e-03 -7.730533027000000479e-04 -3.074078446000000006e-03 -6.597842367000000298e-03 -2.932037338000000048e-02 -1.573237393999999956e-01 -2.505569100000000059e-03 -2.075416771000000021e-03 -7.926072296000000053e-04 -5.237047332000000074e-04 -7.958780542000000371e-04 -3.894734309000000240e-04 -1.680949011999999894e-03 -1.252879610000000093e-03 -1.369638247999999938e-03 -4.186422707000000075e-04 -1.878008789999999900e-03 -8.066058481999999891e-04 -1.721291101000000040e-03 -2.918332369999999867e-03 -4.531467836000000089e-03 -4.053884776999999717e-03 -1.594438241000000010e-03 -1.597218614000000007e-03 -1.629083796999999988e-03 -1.237629081999999962e-03 -1.471146385999999974e-03 -8.428576840999999799e-04 -1.063500007999999960e-03 -4.014134142000000231e-04 1.812415897999999990e-04 -4.690208393000000020e-04 -2.765955922000000065e-04 -5.401065433999999599e-04 -3.673571605000000226e-04 -2.303175201999999814e-03 -2.867229188999999897e-03 -1.347461356999999976e-03
1.866670126999999887e-02 6.068090905999999896e-01 2.193473519999999954e-02 5.137337528999999688e-03 3.769807938000000174e-03 1.122239353000000026e-03 1.740639100000000022e-03 6.792643119999999530e-05 -9.329007038000000120e-04 -7.581784108000000051e-04 -6.720964867000000283e-04 -3.956593170999999861e-04 1.255733169999999951e-03 1.965616954999999978e-03 2.603750136000000052e-03 5.657563237999999918e-03 1.576594266000000064e-02 1.573183754000000156e-02 4.649625121000000062e-03 2.328845356999999835e-03 6.713963127000000019e-04 7.597782656000000171e-04 9.264034454999999684e-04 1.944175971999999951e-05 3.215376801999999981e-04 -2.897648199000000245e-04 -1.213678031000000029e-03 -9.610184522999999776e-04 8.178091924999999519e-04 2.236351809999999937e-03 2.495910563999999970e-03 4.832169982999999849e-03 5.578857236999999920e-03 3.482038170999999984e-03 3.078900219999999854e-03 1.496146311999999902e-03 2.017158857999999839e-03 1.000519714000000027e-03 1.228231384999999964e-03 5.813053803000000198e-05 -3.212194999999999829e-04 -8.190889211000000267e-04 9.500646259000000444e-04 1.242604700000000039e-03 1.157972342000000102e-03 4.879000161999999877e-04 1.550593675999999968e-03 2.343431744000000049e-03 7.400025727999999872e-03 4.464061097999999679e-03 4.682484221999999759e-03 4.040978217000000192e-03 4.349032019999999991e-03 1.805576771000000098e-03 2.314962032000000142e-03 7.208635890000000043e-04 -6.047917699999999898e-04 -5.323707087000000525e-04 1.086780026999999973e-03 2.088233877000000068e-03 4.389344267000000119e-03 3.044905121000000044e-03 6.238139341000000122e-03 5.352964733999999655e-03 -2.388003539999999925e-01 -2.405458128000000084e-01 -2.033357426000000079e-02 -7.573056629999999970e-03 -6.076450227999999690e-03 -2.780062706000000026e-03 -1.847880185000000007e-03 -1.843831159999999997e-03 4.396886438999999787e-04 -1.561321797000000131e-04 3.449027153999999944e-04 -2.266225526999999813e-03 -2.964921617999999835e-03 -5.283383671999999920e-03 -7.147474574999999886e-03 -2.179406177999999861e-02 -1.591680887999999960e-01 -2.739175746999999994e-02 -8.089903235999999775e-03 -1.180157588000000073e-03 -2.104121931000000213e-03 -1.875984139999999903e-03 -7.086917405999999548e-04 1.703638779999999968e-04 -4.109009522000000138e-04 -2.763619066000000206e-04 1.348530257999999964e-03 -1.042887145999999977e-04 -1.897017173999999929e-03 -3.408311681000000121e-03 -7.600310505999999591e-03 -2.581965803999999864e-02 -4.341437186000000198e-03 -3.763214614000000117e-03 -2.205670561000000213e-03 -2.025481581999999826e-03 -3.847542671000000049e-04 -1.616810952000000091e-03 2.813484959999999735e-04 8.561021318000000286e-04 3.449521094999999826e-04 2.024730181999999899e-03 -1.054796537000000011e-03 -1.380682285999999988e-03 -3.743178610000000165e-04 -2.192652286999999950e-03 -1.974839094999999989e-03 -3.828981508000000103e-03 -1.999290402000000050e-03 -2.039057778999999859e-03 -3.666374770999999760e-04 -2.782318821999999955e-03 -4.673955741999999999e-04 -1.155555578000000026e-03 4.864539393000000028e-04 4.712496379999999856e-05 3.757888280999999771e-04 -1.665487904000000075e-03 -5.478497757999999714e-04 -1.209298454000000064e-03 -4.762659272000000139e-04 -2.151727277000000174e-03 -1.874402936999999998e-03 -1.777228262000000092e-03
5.168196503000000060e-03 2.193473519999999954e-02 6.067140176999999968e-01 2.148991440000000072e-02 7.052577747999999591e-03 2.479951040000000044e-03 1.969477779000000216e-03 1.119537916999999898e-03 1.510812803999999947e-05 1.029448828000000026e-03 -8.559102234999999839e-05 -8.532141052000000040e-04 -3.911169850000000220e-04 -6.597653347999999892e-04 2.975356963000000020e-04 2.167826432999999872e-03 5.136791053000000148e-03 1.606174246000000028e-02 1.662246620999999897e-02 5.168904107000000213e-03 3.026746846999999949e-03 1.835854916000000071e-03 9.800346309999999339e-04 9.186633798000000265e-05 -3.027875147000000139e-04 1.076313625999999931e-05 -1.170183945999999893e-03 -1.913918731000000028e-03 7.262267323999999774e-04 1.098246172999999947e-03 -6.421912119999999844e-04 2.742551228000000146e-03 3.224187137000000206e-03 6.986916745999999755e-03 4.447663565999999610e-03 2.509770628999999798e-03 1.778903121000000032e-03 1.202683819999999940e-03 1.560377276999999922e-03 -8.602775530000000164e-05 7.545218741000000312e-04 -8.335685206999999619e-04 -4.828828882999999794e-04 1.533890367000000044e-03 -2.376566542999999931e-04 2.381851374999999899e-04 3.205365331999999925e-03 2.991323371999999974e-03 6.674483275000000354e-03 5.521126890999999808e-03 4.701515610999999588e-03 4.233579375999999700e-03 2.603691980999999975e-03 2.757985141999999990e-03 2.055415864000000124e-03 1.296725022999999999e-03 1.514899816000000099e-03 7.752027689999999721e-04 1.593503671999999937e-03 6.181848208000000457e-04 1.417747443999999978e-03 3.338222621000000185e-03 4.097028725999999656e-03 4.894346477999999764e-03 -2.265115673000000010e-02 -2.399577639999999901e-01 -2.396232845000000056e-01 -2.299894342000000091e-02 -8.736857920999999139e-03 -3.225850615999999865e-03 -2.872565314000000147e-03 -3.148633896999999959e-03 -5.173919527000000193e-04 -2.288838732000000181e-03 8.116096251999999804e-04 -5.004035083000000312e-04 -1.920411852999999967e-03 -2.048508247999999976e-03 -3.322772371000000131e-03 -7.057793532999999744e-03 -2.732921127000000061e-02 -1.581576084000000104e-01 -2.774081444000000077e-02 -8.322250252999999209e-03 -2.573531499000000170e-03 -1.338780161999999921e-03 -1.893386328999999927e-03 5.170647035000000297e-04 -4.138148224000000211e-04 1.163424675000000074e-05 2.283758163000000098e-03 6.158354425999999597e-04 -1.006831810999999927e-03 -2.406580103999999924e-04 -2.414357597000000005e-03 -7.489560325000000143e-03 -4.195858295000000349e-03 -4.946797273000000383e-03 -3.687919906999999851e-03 -2.607549721999999955e-03 -1.583083867000000108e-03 -1.454015447000000074e-03 6.827873973999999723e-04 -9.328547017999999462e-04 6.658252804999999523e-04 2.165230490999999965e-03 1.539793540999999974e-04 -4.869713377999999914e-04 -4.942280892000000189e-04 -1.958946226999999998e-03 -2.517158712000000000e-03 -3.566654464000000146e-03 -2.765580184999999816e-03 -1.856319636999999995e-03 -2.484201359999999980e-03 -1.534904685999999990e-03 -8.678868871999999941e-04 -2.236071259999999894e-03 -9.790602451000001046e-04 -1.518610210999999906e-03 -6.276367368000000191e-04 -1.553445064000000047e-03 -8.922967507999999669e-04 1.569699833000000062e-03 -8.763600361999999934e-04 -1.253545215000000015e-03 -2.096375586999999971e-03 -2.498492143000000023e-03
2.305018480000000074e-03 5.137337528999999688e-03 2.148991440000000072e-02 6.060917390000000182e-01 2.081368248999999893e-02 6.452397167000000107e-03 1.994545099999999946e-03 6.128849851999999864e-04 -1.104399139000000063e-04 -3.824739734000000171e-04 2.508259693999999817e-04 -1.230903152000000032e-03 2.870531259000000108e-04 4.512133296000000213e-04 5.976866883000000541e-04 1.998982235000000204e-03 2.609298075000000047e-03 6.291832267000000041e-03 1.721200012999999848e-02 1.619041241000000048e-02 6.692349307999999851e-03 2.885409275000000006e-03 1.588575019999999977e-03 4.644174591999999740e-04 2.172075904999999944e-04 1.711238347000000040e-03 3.042881865000000047e-05 5.075765028999999979e-04 7.015617154000000502e-04 1.301421588999999903e-03 1.288286282999999985e-03 2.743580493000000002e-03 2.740556517999999844e-05 4.132332588000000098e-03 5.823246504000000393e-03 3.734267143000000178e-03 2.252009595999999916e-03 2.146154525000000014e-03 1.440014300000000054e-05 1.276946079000000058e-03 3.942874214000000196e-04 -5.095007771999999656e-04 4.985488740000000021e-04 2.528625701999999854e-03 6.281767698000000413e-04 1.526936624000000005e-04 4.962424075000000353e-04 1.009684947999999957e-03 5.028494738000000193e-03 6.660929173000000071e-03 7.123789448999999670e-03 4.599227295999999687e-03 5.807425613000000326e-03 3.017379010000000115e-03 1.274167937000000037e-03 1.427416689999999990e-03 2.803501266000000148e-03 1.004756280000000061e-03 2.994087884999999810e-03 2.747981951000000138e-03 6.022664449000000430e-04 2.801877111999999913e-03 2.501308624999999935e-03 2.094339465000000060e-03 -6.809222989000000142e-03 -2.241339174000000004e-02 -2.394056515999999912e-01 -2.378488500000000005e-01 -2.231298571000000022e-02 -7.401829639999999572e-03 -3.054019997000000184e-03 -4.021822532999999589e-03 -1.121169552999999944e-03 -5.537417640000000469e-04 1.025808097000000061e-03 -1.365333335000000112e-04 -6.615489597999999784e-04 -1.373862599999999988e-03 -3.604135712999999817e-03 -4.730636524999999940e-03 -8.708898397000000222e-03 -2.805532732000000015e-02 -1.595129362000000106e-01 -2.706310199000000125e-02 -8.435633908999999944e-03 -3.015660410999999961e-03 -8.074592146000000512e-04 4.314154175999999788e-04 -1.140152029000000063e-03 -6.480775767999999567e-04 9.073833415000000409e-04 -9.170333265000000372e-04 1.330810423999999965e-04 -1.643339024000000075e-03 -1.292941779000000065e-03 -3.053646092000000204e-03 -2.249916865999999818e-03 -4.763987802999999736e-03 -5.519161713999999608e-03 -4.019597970000000214e-03 -2.174617270000000005e-03 -2.092248333000000082e-03 -8.640812311999999506e-04 -9.198493382000000503e-04 1.676102656000000041e-04 -4.447882589999999927e-04 -8.629163532999999629e-04 -1.652066046000000028e-03 -5.912580791999999617e-04 -8.604494418999999918e-04 -9.123074665999999621e-04 -2.193434914999999995e-03 -2.696146012999999907e-03 -2.418176646000000200e-03 -1.874815517000000048e-03 -1.470961524000000088e-03 -2.069233205999999794e-03 -4.322288792999999952e-04 2.601034399000000255e-04 -1.057414332999999954e-04 -2.194333486999999923e-03 -5.771849560000000241e-05 -1.756360799000000056e-03 6.670340330999999516e-05 -1.034732190999999900e-03 -1.098631817000000075e-03 -7.145800835000000245e-04 -6.872111082999999806e-05
1.630091167999999941e-03 3.769807938000000174e-03 7.052577747999999591e-03 2.081368248999999893e-02 6.061863527999999945e-01 2.122074838000000130e-02 5.692629095999999882e-03 2.099006014999999989e-03 2.295113441999999961e-04 1.795158089999999897e-03 -7.731976385000000410e-04 -2.121593881999999905e-04 1.357206210999999932e-03 -7.893344612999999774e-04 3.725346432000000102e-05 -6.203216450999999611e-04 1.776577478999999925e-03 3.713953771999999823e-03 4.005161684999999569e-03 1.662152421999999949e-02 1.649757238999999959e-02 6.795764200000000213e-03 3.043869812000000053e-03 8.079199279000000419e-04 1.569460680000000054e-03 3.165764109999999834e-04 -9.083872236000000355e-04 -6.131018649000000457e-04 8.492601615000000157e-04 1.230140987000000009e-05 6.847587925000000238e-04 1.114216557000000064e-03 5.355450225000000283e-04 3.274729415000000171e-03 4.729913246999999966e-03 6.079546552000000305e-03 5.183227696999999703e-03 3.294695702000000059e-03 2.310719959000000212e-03 2.782295737999999821e-03 1.095094157000000039e-03 -1.004984594000000011e-04 1.389063539999999962e-04 1.289789709999999935e-03 5.283311568999999848e-04 1.447859990000000072e-03 6.480541252999999892e-04 4.381362786999999756e-04 5.093815233000000171e-03 5.515972560999999989e-03 6.636569949000000260e-03 6.015085721999999593e-03 6.350370198000000223e-03 2.812130191000000029e-03 4.495954566999999825e-03 3.098318493999999840e-03 1.224736512000000046e-03 1.986193423999999853e-03 1.059289365999999989e-03 3.988068711999999752e-04 -9.098859668999999869e-04 1.947326717000000046e-03 1.751732404000000106e-03 2.982570172000000106e-03 -3.991839133999999963e-03 -1.112084097000000035e-02 -2.162422328000000032e-02 -2.410955171999999980e-01 -2.378445077999999935e-01 -2.150284815000000002e-02 -4.857233437000000285e-03 -4.793642370999999687e-03 -3.075950531000000085e-03 -1.616362111000000084e-03 3.482764683000000262e-04 3.103667651999999919e-05 -1.678832376999999905e-03 -7.073996359000000230e-04 -3.578707172999999833e-04 -1.709160462000000038e-03 -3.359081610000000037e-03 -8.691777302999999580e-03 -2.685080759999999844e-02 -1.580036106000000107e-01 -2.900158884999999923e-02 -7.412913178999999859e-03 -2.768412238999999955e-03 -5.258095824999999696e-04 -9.817061164999999097e-04 -5.264435234999999963e-04 1.202345095999999896e-03 5.966678991000000159e-04 -1.075530469000000021e-04 -1.082385039000000005e-03 -6.579570554000000468e-04 -1.874502049999999913e-03 -2.406795531999999811e-03 -3.285704777999999895e-03 -5.713213963000000027e-03 -5.090942474000000051e-03 -5.852403398999999652e-03 -3.593760014000000041e-03 -2.940720351999999860e-03 -2.073572974000000100e-03 1.988221772000000091e-04 -7.910354158999999773e-05 2.534483272000000010e-05 -1.014679947000000004e-03 -1.076964151999999959e-03 -1.079225689999999908e-03 1.391252128999999913e-04 -1.017693651000000071e-03 -2.520600860000000044e-03 -2.121522901000000121e-03 -2.290284019999999990e-03 -2.303256268999999846e-03 -1.632667141000000060e-03 -1.546567753000000021e-03 -2.324581485999999836e-03 -6.550402178999999809e-04 1.982732014000000069e-04 -5.152169759999999845e-04 7.930216163999999666e-06 7.702187732000000423e-04 -4.421554364000000238e-04 -6.145774704000000338e-04 8.720607665000000498e-05 -1.208071829999999951e-03
2.319371963999999810e-03 1.122239353000000026e-03 2.479951040000000044e-03 6.452397167000000107e-03 2.122074838000000130e-02 6.065441397999999928e-01 2.166066237000000005e-02 5.239780765999999847e-03 1.682362725000000102e-03 2.122862422000000148e-03 1.667007875000000054e-03 4.140606974999999808e-04 2.815616080999999845e-04 1.284756749000000005e-03 1.645132142999999967e-03 1.313164804999999947e-03 1.747206479000000100e-03 1.125755283999999934e-03 1.802008769000000088e-03 5.616860956000000078e-03 1.716787905999999850e-02 1.712168396999999911e-02 4.561916725000000200e-03 1.484140688999999961e-03 1.981457184999999965e-03 4.580679165000000144e-04 8.212564547999999867e-04 1.535158424000000049e-03 -9.412512933999999786e-04 9.632276216999999512e-04 2.557982607000000054e-03 2.563229748000000140e-04 9.568032883999999473e-04 8.000264183999999902e-04 9.636242290999999863e-04 4.520646900999999995e-03 6.632588939000000176e-03 3.490100630999999967e-03 1.218061494000000078e-03 1.719738985999999916e-03 6.413813390000000318e-05 1.042064772000000049e-03 9.557435028999999643e-04 7.238773188999999891e-04 2.320276885000000064e-04 3.458048231999999856e-04 1.250599371000000060e-03 -2.285777981000000050e-04 5.026231923999999705e-03 5.689804986999999654e-03 4.447742721999999906e-03 5.965710780000000289e-03 6.563488907999999976e-03 4.720241249999999888e-03 5.139013268000000231e-03 3.623028998999999837e-03 3.143212055000000043e-03 1.775672486000000067e-03 2.098113048000000216e-03 -4.721378553999999879e-04 -1.009735543999999989e-04 2.074661380999999992e-03 1.565472425000000081e-03 3.103683066000000046e-03 -3.094910555000000146e-03 -6.557798299999999768e-03 -6.618293023000000261e-03 -2.402861083999999897e-02 -2.375621537000000005e-01 -2.378626289999999921e-01 -2.239657513999999960e-02 -7.355362776000000206e-03 -4.404321267999999900e-03 -3.377909686999999977e-03 -2.219653223999999789e-03 -1.852967452999999885e-04 -1.783308350000000061e-03 -4.049186165000000399e-03 -2.376700629999999904e-03 -4.024454190999999896e-03 -1.686801222999999902e-03 -3.207799172000000074e-03 -7.798153230000000324e-03 -2.790129313000000097e-02 -1.609637922999999915e-01 -2.820438705000000157e-02 -6.661700016999999932e-03 -3.468299980000000195e-03 -1.391297392000000058e-03 -1.455017188999999968e-03 2.262425890000000113e-04 -1.133663925000000022e-03 7.229332229000000646e-05 -2.498740703999999951e-03 -2.092313510999999852e-03 -1.474409217000000093e-03 -3.014544223000000271e-04 -7.248920398999999549e-04 -3.141894105000000124e-03 -5.916044742999999710e-03 -5.035670509999999600e-03 -1.996764066000000001e-03 -1.992948248999999901e-03 -1.180219133000000049e-03 -8.710001503999999922e-04 -1.214857815000000010e-04 -1.496765318999999971e-03 5.032534557000000342e-04 -7.412815374000000356e-04 5.781658361000000101e-06 3.883356810000000042e-04 -1.378446342999999899e-03 -1.482560306000000033e-03 -1.004331320000000040e-03 -1.580251366000000020e-03 -3.095055130000000116e-03 -2.242423713000000086e-03 -1.548540202999999999e-03 -1.016643202000000077e-03 -1.728412770000000093e-03 -1.112254614999999948e-03 6.376135820000000416e-04 -1.133827933999999966e-03 1.076915770000000079e-03 -1.520727068999999925e-04 -1.590654264999999965e-03 1.048869584000000068e-03 -1.640496496999999934e-03
7.888254399000000500e-04 1.740639100000000022e-03 1.969477779000000216e-03 1.994545099999999946e-03 5.692629095999999882e-03 2.166066237000000005e-02 6.062745495000000373e-01 2.010932613000000063e-02 4.828609912999999587e-03 2.844861754000000201e-03 2.914008355000000041e-04 -4.204056743000000027e-04 7.709058028999999366e-05 1.001279266999999902e-03 5.431383191999999581e-04 5.434167904000000238e-04 1.176714152999999968e-03 1.049810187000000099e-03 1.250109041999999948e-03 2.344966187000000098e-03 5.692170802000000134e-03 1.765243292999999977e-02 1.650606245000000097e-02 3.861902527000000019e-03 3.022308981000000009e-03 3.004705779999999795e-03 4.810643091999999821e-04 1.291136526000000086e-03 -3.787586249999999773e-04 1.375466765000000081e-03 1.162337705000000051e-03 5.948307845999999555e-04 7.078741748000000420e-04 1.568743350999999946e-03 1.048473569999999961e-03 3.623686820999999850e-03 4.925045440000000267e-03 5.380187825000000423e-03 2.614828798999999874e-03 1.971612841999999862e-03 1.295019491000000108e-03 6.412654291000000192e-04 -4.373890867999999908e-05 -1.109915060000000059e-04 3.805485610999999888e-04 -3.052092974999999746e-05 8.056171957000000505e-04 7.365883881999999664e-04 1.935741710999999915e-03 3.656284814999999876e-03 5.100727196000000296e-03 4.758428472000000159e-03 7.059286229000000072e-03 6.340011906000000280e-03 4.874325934000000270e-03 3.904702807000000157e-03 3.969545879000000062e-03 5.205998688999999725e-04 -3.366795985000000003e-05 9.684234013999999842e-04 2.500900409000000012e-03 1.067657049000000089e-03 1.877569765999999914e-03 3.260541965000000094e-03 -2.801432877999999928e-03 -4.163184436000000321e-03 -4.977335276000000031e-03 -7.294047136000000008e-03 -2.203976201999999912e-02 -2.415986817999999925e-01 -2.364438735999999930e-01 -2.176296227999999916e-02 -7.809820111999999856e-03 -3.771740781999999900e-03 -1.724972510000000094e-03 -1.623217483999999950e-03 -8.970405437000000511e-04 -2.934666505999999984e-03 -2.301323090000000158e-03 -1.659689130999999910e-03 -1.385216923000000093e-03 -1.162704621999999981e-03 -2.383088310999999845e-03 -6.627587154999999702e-03 -2.921137601999999889e-02 -1.605380146000000008e-01 -2.769828895000000027e-02 -6.099808760999999961e-03 -2.752350127000000122e-03 -1.222244948000000050e-03 -4.936029308999999830e-04 -4.065313294999999992e-04 -1.208973084000000003e-03 -1.168869998000000030e-03 -1.595398732999999932e-03 -3.232288613999999977e-04 -1.013333801999999990e-03 -8.888274483000000066e-04 -2.979599007999999844e-03 -3.834851788000000119e-03 -4.451145620000000226e-03 -4.263238744000000420e-03 -2.719466755999999825e-03 -1.382558203999999930e-03 -1.873513731999999939e-03 -1.997475828000000019e-03 -3.532101070000000210e-04 6.859488847000000259e-04 -4.202375081999999945e-04 -9.018590612999999876e-04 -8.133568256000000369e-04 -1.148822619999999989e-03 -1.971995798000000105e-04 -1.975201438000000198e-03 -2.407431406999999916e-03 -3.103385948999999849e-03 -2.072439965000000186e-03 -7.159779347000000361e-04 -1.319530262000000002e-03 -1.926941312999999991e-03 -4.445131625999999836e-04 1.816748704999999976e-03 -8.319322457000000214e-04 2.139270767999999941e-04 -4.135829691000000212e-04 -1.335011463999999978e-03 -1.997470291000000080e-04 -1.014440517000000019e-03
6.022785691000000040e-05 6.792643119999999530e-05 1.119537916999999898e-03 6.128849851999999864e-04 2.099006014999999989e-03 5.239780765999999847e-03 2.010932613000000063e-02 6.064262559999999969e-01 2.070977935999999964e-02 5.040702121999999716e-03 2.303948450000000044e-03 2.898122194000000030e-03 1.340136667999999951e-03 8.545178268000000509e-04 1.068443780000000003e-03 -2.902620140000000053e-04 -3.843564295999999736e-04 7.098560240000000411e-04 5.766886275999999695e-04 7.348693988000000498e-04 1.994530354999999883e-03 7.195396058000000372e-03 1.512654670999999916e-02 1.529292395999999957e-02 6.330156540000000422e-03 2.081732581000000047e-03 1.679723242000000054e-03 1.524496890000000097e-03 5.772805243000000107e-04 6.375722473999999957e-04 1.092276175000000049e-03 -3.889497186999999910e-04 8.516517827999999868e-04 1.243637810999999923e-03 2.218979726999999961e-03 -8.344604810000000056e-04 2.163449825000000187e-03 3.988191046999999684e-03 5.783627706999999729e-03 3.772252401999999939e-03 1.202712356999999970e-03 1.614625079000000076e-03 1.356064327999999914e-03 5.271261633999999594e-04 1.023216769999999928e-03 1.774843108999999905e-03 8.779941526000000157e-04 4.060497738000000021e-04 2.079272127999999987e-03 6.229737467999999596e-04 6.736177390000000270e-04 3.811087742999999962e-03 5.161528430000000313e-03 5.631148120999999833e-03 7.035444626000000173e-03 4.398654638000000158e-03 2.452186993999999794e-03 2.491230861000000123e-03 2.857880458999999826e-04 -3.228165624999999959e-04 1.606842450999999969e-03 1.679476516999999945e-03 2.467125883000000075e-03 1.944270572999999992e-03 -1.712749569000000067e-04 -1.693674019999999968e-03 -1.870282474000000078e-03 -4.138225171999999896e-03 -7.781495299000000358e-03 -2.204909438999999929e-02 -2.408871050999999985e-01 -2.397631809000000114e-01 -2.229995628000000160e-02 -7.418202274000000249e-03 -5.644888810000000048e-03 -3.979248284000000066e-03 -3.082468018000000028e-03 -2.097750023000000130e-03 -1.169782148999999908e-03 6.563749473999999640e-04 -7.254793335999999574e-04 -1.094130261000000057e-03 -7.153755569000000468e-04 -7.159319309000000426e-04 -8.697125057000000201e-03 -2.709390444000000023e-02 -1.573174984000000054e-01 -2.790590177999999894e-02 -8.295077297000000641e-03 -2.012087945000000204e-03 -3.033432559999999899e-03 -2.780977651999999795e-04 -1.460451135000000091e-03 -1.287475901000000034e-03 -7.813161353000000432e-04 4.093525031000000078e-04 -2.078652659999999971e-04 -1.308488414000000093e-03 -6.482651348999999988e-04 -1.235777855000000022e-03 -4.855548331000000307e-03 -3.879525794999999846e-03 -3.799207383999999958e-03 -4.654789872999999870e-03 -1.155666375000000091e-03 -1.529471777000000060e-03 -1.625129522999999975e-03 -4.313418312999999903e-04 -6.333163286000000535e-04 -1.166561489999999980e-03 -1.080025085999999955e-03 -9.054816327000000031e-04 2.680779399000000150e-05 1.221911776999999881e-04 -1.283273948000000038e-03 -1.888017195999999948e-03 -1.455028902000000002e-03 -3.757702399000000058e-03 -8.350971097999999610e-04 -2.682425873999999761e-04 -8.955133192999999766e-04 8.996276745999999503e-04 -8.431176244000000188e-04 2.455866745000000184e-04 -2.701091771000000146e-04 -1.537307700999999928e-03 -1.243398386999999914e-03 -8.264704985999999851e-04
-2.225107030999999970e-04 -9.329007038000000120e-04 1.510812803999999947e-05 -1.104399139000000063e-04 2.295113441999999961e-04 1.682362725000000102e-03 4.828609912999999587e-03 2.070977935999999964e-02 6.064219387000000516e-01 2.096719647999999853e-02 5.616611484999999883e-03 1.379979880000000098e-03 1.588292552000000009e-03 1.629338051999999933e-03 2.791101161000000049e-03 2.220115534999999966e-03 -9.246976447000000232e-04 -9.835803603000000794e-04 -2.323664808000000103e-04 1.584919123999999893e-03 -5.334304293999999596e-06 3.122697926000000002e-03 5.959069035000000292e-03 1.547430162000000033e-02 1.771008729999999989e-02 5.303141009000000329e-03 9.022675968000000435e-04 -1.742356189000000030e-04 2.361997965999999838e-03 1.178291595999999934e-03 6.261160781999999900e-04 -1.317114867000000094e-03 -1.190999554999999963e-04 -1.035684219000000033e-03 4.976185876000000343e-04 3.100887799000000256e-04 2.523989032999999788e-03 1.679253107999999911e-03 4.024756487999999778e-03 6.613316923999999937e-03 3.382988057000000173e-03 1.744777890999999999e-03 1.585786495000000027e-03 1.891337101999999906e-03 -6.650768989999999450e-05 1.210098716999999900e-03 4.795964806999999811e-04 1.052769037999999960e-04 2.503719460000000067e-03 1.384686084000000088e-03 3.208057546999999819e-03 1.085506776999999902e-03 3.557856409999999962e-03 4.102083387999999609e-03 5.851570815000000161e-03 6.571292795999999700e-03 5.711349844000000210e-03 3.750090268999999987e-03 3.575785756999999847e-04 1.390192248000000040e-03 2.103189552000000063e-03 2.389809126000000047e-03 2.069426577999999937e-03 -1.599589626999999882e-04 5.385127079000000087e-04 -4.526113766000000257e-05 -9.506187647000000161e-04 -1.207146013000000035e-03 -1.985212346000000006e-03 -7.436970975000000220e-03 -2.316526753999999938e-02 -2.392142345999999919e-01 -2.415712970999999987e-01 -2.344531333999999925e-02 -6.152951682000000130e-03 -3.794179569999999845e-03 -3.814483604000000212e-03 -4.396166497999999707e-03 -3.769509645999999901e-03 -1.094904066000000013e-03 9.799484873999999342e-04 7.098073791999999754e-04 -1.676929504999999897e-04 -8.276512778999999898e-04 -2.827249119999999949e-03 -6.958959179999999953e-03 -2.714981238999999991e-02 -1.583172862999999986e-01 -2.885083616000000059e-02 -6.924353565000000189e-03 -1.338958473999999959e-03 -1.266475471000000049e-03 -2.319229224999999877e-03 -9.741025232000000535e-04 1.410913131999999874e-04 3.926542378999999775e-04 1.320074387000000045e-03 6.689266085999999575e-04 -5.396649550000000078e-04 -1.374034883999999935e-04 -3.224757676999999868e-03 -3.476999903000000010e-03 -4.638725948000000342e-03 -6.286936362000000202e-03 -2.314046506999999867e-03 -1.367680371000000060e-03 -8.378907123000000051e-04 -1.692609542000000087e-03 -3.726905494999999840e-04 -4.653370904000000063e-04 6.594474221999999672e-04 6.253033735000000388e-04 -3.623870863000000085e-04 -1.958040897000000186e-03 -2.153308803999999868e-04 -5.010279613000000231e-04 -3.774111095999999966e-04 -1.506756072000000083e-03 -2.538147861000000175e-03 -1.506288107999999943e-03 -1.452396831000000044e-03 -1.029392880000000021e-03 -4.502228104999999735e-04 4.232020742000000037e-04 -1.811451771999999898e-03 -9.324808692000000239e-04 -2.976972826000000207e-04 6.349991109000000357e-04
-3.433138197000000264e-04 -7.581784108000000051e-04 1.029448828000000026e-03 -3.824739734000000171e-04 1.795158089999999897e-03 2.122862422000000148e-03 2.844861754000000201e-03 5.040702121999999716e-03 2.096719647999999853e-02 6.065366547999999636e-01 2.033165266999999859e-02 5.465691328999999939e-03 1.738146213000000108e-03 7.678606861000000392e-04 1.701878856000000034e-03 1.199362926000000027e-03 1.527899617000000017e-03 4.832953832999999891e-04 -5.398126389000000450e-04 -5.551332684000000054e-04 3.125508465999999913e-04 9.935423388000000269e-04 3.915125079999999883e-03 5.226809330999999774e-03 1.720708635999999847e-02 1.645268726999999861e-02 5.399020424000000075e-03 2.106726224000000144e-03 2.232728640999999837e-03 6.290284989999999667e-04 6.403134593000000445e-04 1.219350935000000071e-03 1.182823788000000051e-03 4.147155001999999801e-04 8.363352481999999487e-04 -4.097029355000000178e-04 1.905924558999999964e-03 1.045079471000000043e-03 2.254824852999999952e-03 3.252610611000000124e-03 5.758551488999999989e-03 2.036237108000000205e-03 3.064273410999999829e-03 1.404873374000000083e-03 1.278827399000000099e-03 2.540810397999999828e-03 -1.082220776000000019e-04 -3.158494525000000259e-04 1.761657417000000092e-03 -1.260648692999999897e-03 5.491512850000000007e-05 1.671499381999999893e-03 2.339127841999999978e-03 3.079646114000000098e-03 3.328204052000000197e-03 6.825120262999999875e-03 7.498072831000000306e-03 5.328818731000000038e-03 4.006661867999999904e-03 5.325824695000000095e-03 6.026568926999999708e-03 2.022262914000000182e-03 2.854022258000000166e-03 2.751144448000000017e-03 8.062939506000000017e-04 -1.542532747999999935e-03 -7.958152678000000131e-04 -1.252490027999999946e-05 -5.216334323000000432e-03 -3.825852260000000074e-03 -9.074830230999999386e-03 -2.401775767000000061e-02 -2.380482572000000019e-01 -2.400518993000000101e-01 -2.214321579000000026e-02 -6.845457767999999638e-03 -3.978080654999999709e-03 -2.203717764999999981e-03 -2.963559581000000005e-03 -3.487053996999999860e-03 -6.841111442999999511e-04 -4.548363869999999922e-04 -3.165744594999999749e-04 -2.279480627000000112e-04 -1.490730065999999960e-03 -2.644562621000000162e-03 -8.201481599000000691e-03 -2.670588059999999889e-02 -1.609524652000000056e-01 -2.805109156000000145e-02 -7.633209666000000115e-03 -3.065064763000000143e-03 -9.319075270999999799e-04 -1.370929408000000002e-03 -9.036241825000000368e-04 -1.037217002999999988e-03 -7.038759965999999728e-04 3.327417819000000055e-05 -3.444506708999999943e-04 -1.098635920999999939e-03 -1.502121978999999916e-03 -2.416518997999999793e-03 -3.304643169000000096e-03 -5.132609324999999785e-03 -3.346543522000000083e-03 -3.188677246999999885e-03 -2.564051056000000127e-03 -3.242067198000000029e-03 -1.774319663000000066e-03 -1.107627170000000105e-03 2.808642439999999734e-04 -5.309441811000000042e-04 4.966374975000000403e-04 1.231819745999999938e-03 6.056451946999999707e-04 -4.387765858999999997e-04 -1.086579950999999947e-03 4.469327686000000067e-05 -2.149269971000000116e-03 -2.920752903999999841e-03 -1.992980688999999948e-03 -1.861028707000000025e-03 -1.169832869999999983e-03 -1.687186356999999899e-03 -2.081444139999999877e-03 -1.537985025000000077e-03 -1.866445321000000015e-03 -5.576700604000000162e-04
1.354484789000000083e-03 -6.720964867000000283e-04 -8.559102234999999839e-05 2.508259693999999817e-04 -7.731976385000000410e-04 1.667007875000000054e-03 2.914008355000000041e-04 2.303948450000000044e-03 5.616611484999999883e-03 2.033165266999999859e-02 6.064454510000000242e-01 2.139999797000000092e-02 7.360206957999999855e-03 2.855685879000000125e-03 2.871890512000000004e-04 1.511694565999999965e-03 4.929726493000000196e-05 2.229681943000000094e-04 1.076239931000000068e-03 -2.714217334999999851e-04 6.216969569000000253e-04 5.908616934999999732e-04 2.555630650000000146e-03 1.799552024999999953e-03 5.951086411999999617e-03 1.622174457999999916e-02 1.647717750999999967e-02 7.144187504999999910e-03 4.463093258999999841e-03 2.631910008999999856e-03 7.176181799999999849e-04 -4.221280076000000236e-04 4.159980790999999846e-04 3.294308131999999821e-04 5.160769016999999689e-05 1.084748623000000075e-03 1.532708138999999909e-03 1.232180122999999980e-03 2.013479268000000107e-03 5.487327379000000180e-04 2.160757220000000117e-03 5.771589958999999784e-03 4.338986849000000048e-03 2.959690098000000106e-03 2.224805480000000089e-03 1.463878748000000101e-03 6.716912443999999973e-04 -1.458080717000000007e-03 1.507174533000000052e-03 2.010038964000000067e-03 1.724922086999999913e-03 2.575019584999999837e-03 3.154552051999999929e-03 3.369681101999999831e-03 1.126526405999999985e-03 3.273997769999999804e-03 3.490064649000000196e-03 6.909379396000000367e-03 4.339879488000000264e-03 3.480783217999999877e-03 2.000487300000000114e-03 8.477782385999999872e-04 1.696872702000000108e-03 9.217334205000000469e-04 -6.768878187999999557e-04 -2.436035744999999865e-04 -1.308808077999999969e-03 -1.629180712999999899e-04 -1.221659636999999996e-03 -3.203064241000000163e-03 -4.484827630000000342e-03 -8.170024341999999190e-03 -2.203372301999999977e-02 -2.362825271000000005e-01 -2.397604036000000050e-01 -2.411663936000000077e-02 -9.084596361999999758e-03 -2.737530666000000112e-03 -2.379001426999999974e-03 -4.041267127000000223e-03 -1.962247375000000045e-04 -7.555521447999999449e-05 -1.751556021999999891e-04 -8.550545190000000432e-04 -4.368782524999999944e-04 -1.528587461999999977e-03 -4.236369097000000292e-03 -6.518851784000000323e-03 -2.829547944000000009e-02 -1.593805254000000005e-01 -2.838757822000000097e-02 -9.028481244000000419e-03 -3.852764288999999988e-03 -1.546608350999999996e-03 -1.175180432000000070e-03 -1.282911718000000027e-03 -4.054583180000000098e-04 -2.560359435000000221e-04 -6.517215290000000173e-04 -1.152870665000000011e-03 -2.130468102999999967e-03 -1.611300523000000050e-03 -1.283677733000000102e-03 -1.984624267000000171e-03 -4.142547146000000180e-03 -5.835961072000000333e-03 -4.635798800999999837e-03 -3.572812752999999890e-03 -1.872726475999999954e-03 2.325721280999999902e-04 -6.163087757999999609e-04 4.459468931999999814e-04 -6.859162449999999531e-04 -5.033757075000000166e-04 -1.878806663000000070e-04 -1.314553577000000069e-03 -9.013601808000000016e-04 -2.186689711999999935e-04 1.289044682000000080e-04 -6.962023088000000425e-04 -1.247468036999999910e-03 -2.716876392000000182e-03 -2.374122454000000132e-03 -5.499636985999999984e-04 3.837395347000000087e-04 3.298472166999999867e-04 1.655528313999999961e-04 2.413504758000000039e-05
1.563115451000000053e-03 -3.956593170999999861e-04 -8.532141052000000040e-04 -1.230903152000000032e-03 -2.121593881999999905e-04 4.140606974999999808e-04 -4.204056743000000027e-04 2.898122194000000030e-03 1.379979880000000098e-03 5.465691328999999939e-03 2.139999797000000092e-02 6.066628076000000203e-01 2.248008777000000055e-02 5.820710649999999778e-03 3.027052989000000079e-03 1.900016602000000011e-03 4.812749910999999893e-04 1.629163632000000064e-04 2.615092572999999838e-04 -5.300339188999999944e-04 4.483900812999999977e-04 -9.244073535000000251e-04 1.073383989999999967e-03 2.008514619999999889e-04 2.681341562000000203e-03 4.793406590000000300e-03 1.656970857999999838e-02 1.704972417999999976e-02 5.249636065000000407e-03 3.111223882000000145e-03 -1.892028354000000129e-04 7.673340439999999825e-04 -1.263624702000000098e-04 6.347934966999999561e-04 -8.338308807000000466e-04 -6.215198361000000358e-05 8.681174193000000040e-05 -8.659621372000000190e-04 1.054978997999999951e-04 9.403493330999999943e-04 2.486216833999999997e-03 2.540106613000000027e-03 6.194810024000000151e-03 4.038870814999999739e-03 2.528324490999999969e-03 2.534512525000000120e-03 5.524370756000000250e-04 -5.996656397999999659e-04 1.417589581999999975e-03 4.093248745999999798e-04 7.686910141999999573e-04 2.462712588999999962e-03 1.414334762999999934e-03 1.789495189000000000e-03 1.793870184000000059e-03 2.548445492000000080e-03 3.407503889000000011e-03 6.845736017000000201e-03 6.282492270999999982e-03 4.468331899999999739e-03 3.499276718000000116e-03 2.425602201999999853e-03 1.660129245000000094e-03 2.680396508999999955e-03 -1.492987983000000065e-03 -7.016111146000000506e-04 -3.349005756999999962e-04 -4.821633175000000304e-05 -1.355411783000000066e-03 -5.861911718999999977e-04 -4.590011048999999982e-03 -5.180896760999999934e-03 -7.533260802999999783e-03 -2.137024700999999929e-02 -2.381602039999999865e-01 -2.406987339999999975e-01 -2.359256876000000169e-02 -7.812470531000000225e-03 -2.724349712999999795e-03 -4.388044814999999578e-03 3.306655405000000285e-05 -6.577956569999999495e-04 1.080690463999999917e-03 -4.294472850000000098e-04 1.058943790999999999e-03 -1.081660371999999945e-03 -1.511084261000000036e-03 -1.328265783000000038e-03 -7.136538442999999961e-03 -2.862476850000000156e-02 -1.593663898999999884e-01 -2.803125274999999916e-02 -7.548973785999999950e-03 -3.187636436000000194e-03 -1.432592089999999967e-03 -1.255951924999999933e-03 -4.035210495000000406e-06 6.523013617999999948e-04 9.611774398000000373e-04 -1.354387441000000055e-03 4.471002887000000213e-04 -1.027195427000000042e-05 -8.059143156000000410e-04 -2.138254350999999921e-03 -3.044090698999999973e-03 -5.347093919999999605e-03 -5.642388869000000348e-03 -3.416504957999999970e-03 -2.765287631000000034e-03 1.838730833999999861e-05 -5.113189488999999970e-04 1.316483935999999966e-03 -8.598245716999999757e-04 -5.549848489999999798e-05 -7.059080009000000093e-04 -6.367615412999999515e-04 -2.955143401000000052e-04 -8.436506796000000155e-04 -5.229067332999999974e-04 -1.512109211999999999e-03 -1.606016137999999923e-03 -3.168805725999999934e-03 -1.303774129000000084e-03 -1.948529203999999895e-03 -2.082558178000000135e-03 -3.990196449000000156e-04 -1.008664181999999968e-03 -1.026708092999999936e-03
