# <Sz_i Sz_j >
7.772530019000000179e-01 -1.182716872999999974e-01 -7.776493512000000330e-03 4.160973121999999615e-03 2.054842743999999929e-02 -1.209056800999999959e-01
-1.182716872999999974e-01 7.784849490999999899e-01 -1.270148601999999960e-01 4.758729831999999882e-03 -2.062206127999999944e-02 4.235230028000000306e-03
-7.776493512000000330e-03 -1.270148601999999960e-01 7.785071954000000183e-01 -1.019640101999999965e-01 -8.145928239000000542e-03 1.700597968000000168e-02
4.160973121999999615e-03 4.758729831999999882e-03 -1.019640101999999965e-01 7.771459051000000340e-01 -1.129484597999999979e-01 4.731485350999999583e-03
2.054842743999999929e-02 -2.062206127999999944e-02 -8.145928239000000542e-03 -1.129484597999999979e-01 7.767515391999999519e-01 -1.044866527999999961e-01
-1.209056800999999959e-01 4.235230028000000306e-03 1.700597968000000168e-02 4.731485350999999583e-03 -1.044866527999999961e-01 7.798431746999999747e-01
