# <Sz_i Sz_j >
7.535128572999999497e-01 -2.378314877000000105e-01 1.088756040999999952e-01 -9.953575441999999718e-02 1.001868650999999943e-01 -1.012819400000000009e-01 1.138513597999999960e-01 -2.353298735000000086e-01 -2.439182524999999879e-01 1.221960445999999978e-01 -1.206689605999999998e-01 9.866088815000000067e-02 -1.022356417000000045e-01 1.006067040999999995e-01 -1.179629699000000059e-01 1.275078635999999932e-01 1.127414419000000029e-01 -1.246042009999999978e-01 1.026523861000000065e-01 -9.932986069999999446e-02 8.942360173999999717e-02 -9.705195102999999990e-02 1.015395329000000069e-01 -1.199301507999999961e-01 -1.017384266999999953e-01 1.052623200000000064e-01 -1.072018064999999964e-01 9.861419509999999611e-02 -9.699131570999999785e-02 8.945438298999999760e-02 -9.885303534999999309e-02 1.020305076000000005e-01 9.376328416000000165e-02 -9.997047209999999906e-02 9.866271209999999403e-02 -9.469420877999999708e-02 9.535139391999999936e-02 -9.873029786999999724e-02 9.396300706999999308e-02 -9.549849311999999979e-02 -9.839648177000000218e-02 9.553018252999999349e-02 -9.827869586000000102e-02 9.854333077999999357e-02 -1.020401412000000035e-01 9.866094175999999549e-02 -9.741379185000000052e-02 9.506649205000000658e-02 1.027902997000000040e-01 -1.177519701000000057e-01 1.091033599000000021e-01 -1.029974471999999946e-01 1.049512633999999944e-01 -1.004814294000000024e-01 9.544797273999999776e-02 -1.136779110000000065e-01 -2.333039481999999998e-01 1.168166766000000023e-01 -1.179977437999999990e-01 1.066127149000000024e-01 -1.036891971999999995e-01 9.985754300000000694e-02 -1.187023041999999973e-01 1.181123104000000035e-01
-2.378314877000000105e-01 7.528809028999999819e-01 -2.475861319999999866e-01 1.145901245000000013e-01 -1.025871748999999944e-01 9.830317762000000126e-02 -1.014045273000000053e-01 1.071089147999999963e-01 1.269070345999999960e-01 -2.397104351999999883e-01 1.208924474999999998e-01 -1.158818949999999987e-01 1.028706883999999933e-01 -9.994065966000000023e-02 1.077632666000000045e-01 -1.198924479000000043e-01 -1.185102397000000057e-01 1.111518328000000028e-01 -1.158469337999999960e-01 9.630276642000000498e-02 -1.019156506000000045e-01 9.920073281999999826e-02 -1.131212431999999990e-01 1.047823341999999935e-01 9.733560982000000195e-02 -1.005067597999999979e-01 1.018559249000000055e-01 -1.018599285000000021e-01 1.004102000000000050e-01 -9.947533193999999468e-02 9.574360693000000255e-02 -1.017831966000000005e-01 -9.801103175000000500e-02 9.800625021000000658e-02 -9.627625209000000017e-02 9.521209325000000445e-02 -1.049805741000000014e-01 1.033532228999999997e-01 -9.811819750000000395e-02 9.771176299999999315e-02 1.007910603999999932e-01 -1.030317604000000054e-01 1.001130333000000011e-01 -1.098297678999999999e-01 1.027528860999999960e-01 -1.039847086999999975e-01 9.843885717000000479e-02 -1.023781012999999962e-01 -1.150168604999999983e-01 1.096909498000000066e-01 -1.243903195999999933e-01 1.100148162999999985e-01 -1.081664573000000046e-01 9.433870226000000414e-02 -9.588132914999999978e-02 1.011523267000000031e-01 1.251133096000000000e-01 -2.412622395000000031e-01 1.300323532000000060e-01 -1.265229910000000013e-01 1.091780583999999998e-01 -9.917292966000000598e-02 9.407555984000000315e-02 -1.102160630999999974e-01
1.088756040999999952e-01 -2.475861319999999866e-01 7.531918616999999649e-01 -2.433069948000000093e-01 1.060654084999999996e-01 -9.644714637000000035e-02 9.494681431000000227e-02 -9.496385242999999532e-02 -1.210738095000000042e-01 1.275785419999999892e-01 -2.334686723999999935e-01 1.153789424000000036e-01 -1.204752976999999975e-01 9.218327283999999677e-02 -9.723235327000000205e-02 9.735618349999999865e-02 9.911932432999999432e-02 -1.182254100999999974e-01 1.027986206999999957e-01 -1.076061749000000040e-01 9.932415514999999584e-02 -9.871144557000000042e-02 9.933228305999999841e-02 -9.999646621999999652e-02 -1.038772372999999943e-01 1.021724851999999961e-01 -9.906336861999999466e-02 9.885710206999999416e-02 -9.860092374999999965e-02 9.294998919999999942e-02 -9.451737739000000416e-02 9.784545589000000210e-02 9.373778064000000410e-02 -1.007700824000000023e-01 1.016907008000000057e-01 -9.388267779999999452e-02 9.774692012999999791e-02 -9.625311240999999407e-02 9.100606346999999541e-02 -9.846157173000000262e-02 -9.953337398999999308e-02 1.012166808999999945e-01 -9.611911476999999981e-02 9.700941880999999767e-02 -9.796787468999999804e-02 9.710787012999999579e-02 -9.897955518999999869e-02 8.816807068000000192e-02 9.491162793000000597e-02 -1.084905097000000013e-01 1.123273377000000017e-01 -1.141551533000000063e-01 1.055110721000000057e-01 -9.451741778000000149e-02 9.010889629000000400e-02 -9.636195323000000534e-02 -1.165831761000000050e-01 1.184063892000000034e-01 -2.367835057999999882e-01 1.228417400000000048e-01 -1.214828307999999968e-01 9.588074755999999310e-02 -9.266548850000000392e-02 9.651459737999999733e-02
-9.953575441999999718e-02 1.145901245000000013e-01 -2.433069948000000093e-01 7.547244426000000450e-01 -2.366169986999999975e-01 1.055941923999999948e-01 -9.489034252000000391e-02 9.278359208000000469e-02 1.008802213999999975e-01 -1.199363670000000021e-01 1.196347821999999977e-01 -2.331349658000000102e-01 1.152835643000000021e-01 -1.161702802999999978e-01 9.844851055000000684e-02 -9.933237008999999673e-02 -1.008881811999999961e-01 9.928916033000000085e-02 -1.108875861999999990e-01 9.828078918999999525e-02 -1.134549661999999931e-01 1.001697992000000065e-01 -1.020258626999999974e-01 9.745769985999999663e-02 8.674890574000000687e-02 -9.852345663000000586e-02 9.700546454000000263e-02 -9.780096690999999509e-02 9.457555410000000051e-02 -9.111080878999999744e-02 9.271668817000000562e-02 -9.982917531000000400e-02 -9.530982194999999824e-02 9.611189576999999706e-02 -1.024062010000000023e-01 9.591124343000000108e-02 -1.024421523000000056e-01 9.582493903000000035e-02 -9.524998224000000291e-02 9.489937564000000547e-02 9.551800840999999376e-02 -1.037346004000000016e-01 9.279509391000000107e-02 -1.048366294000000060e-01 9.949854337999999854e-02 -9.731741006999999888e-02 9.922311399000000032e-02 -9.391139665000000636e-02 -9.805176717999999902e-02 9.717311514000000205e-02 -1.209262118999999969e-01 1.182036219999999943e-01 -1.191826530999999939e-01 9.556680671999999432e-02 -1.014917429000000010e-01 1.004087530000000034e-01 9.895499348000000306e-02 -1.078805374999999983e-01 1.284427280999999865e-01 -2.338275867999999869e-01 1.194725598999999971e-01 -1.140826325999999974e-01 9.414999728999999540e-02 -9.345838246000000293e-02
1.001868650999999943e-01 -1.025871748999999944e-01 1.060654084999999996e-01 -2.366169986999999975e-01 7.555303448000000310e-01 -2.370836225000000075e-01 1.083501263000000020e-01 -9.669855558999999878e-02 -9.646631716999999606e-02 9.916177861000000093e-02 -1.227820688000000049e-01 1.153384746000000044e-01 -2.309764542999999948e-01 1.217489075999999976e-01 -1.122597733999999986e-01 9.787624783999999967e-02 9.134248071999999385e-02 -9.611864937000000331e-02 9.988442497999999725e-02 -1.130486450999999976e-01 1.029294632999999959e-01 -1.145298433000000032e-01 1.014857423000000008e-01 -9.403203748999999778e-02 -8.962853319999999901e-02 9.335644431999999548e-02 -9.586504317999999802e-02 9.006660580000000471e-02 -8.944763160999999463e-02 8.813118888000000262e-02 -9.550748379000000010e-02 9.299795532000000586e-02 8.860881669999999544e-02 -9.038310341999999942e-02 8.589228725000000453e-02 -9.447032997000000265e-02 9.024439538999999566e-02 -9.068616894000000594e-02 9.429719479999999765e-02 -9.363699619000000196e-02 -9.233154237000000542e-02 9.373707997999999875e-02 -9.649289880000000430e-02 1.002031719999999931e-01 -1.000786617999999961e-01 9.781541756000000643e-02 -9.689625049000000212e-02 8.844273530000000549e-02 8.384549737999999475e-02 -9.776782868000000182e-02 1.040397495999999949e-01 -1.188349010000000067e-01 1.135568358000000055e-01 -1.118094456000000014e-01 9.463518132999999832e-02 -9.660953575000000293e-02 -9.614083523999999992e-02 9.311413513999999836e-02 -1.167357551000000049e-01 1.221795418999999938e-01 -2.402455911999999971e-01 1.255573824000000005e-01 -1.170029181000000057e-01 1.012241831999999980e-01
-1.012819400000000009e-01 9.830317762000000126e-02 -9.644714637000000035e-02 1.055941923999999948e-01 -2.370836225000000075e-01 7.550715481999999978e-01 -2.356375901999999967e-01 1.022127550999999968e-01 9.972682133999999365e-02 -9.179900691999999529e-02 9.566290713000000223e-02 -1.136628945999999946e-01 1.158741825000000059e-01 -2.347063417999999957e-01 1.170619789999999966e-01 -1.193722170000000027e-01 -9.575561053999999406e-02 9.549294267999999808e-02 -1.017328589000000005e-01 1.039823985000000034e-01 -1.148072302999999933e-01 1.054994847000000069e-01 -1.119002325999999964e-01 9.445555419999999980e-02 9.287470824999999319e-02 -9.397261038000000177e-02 9.278182593000000589e-02 -9.433440513000000693e-02 9.313826533999999824e-02 -9.601151199000000636e-02 8.835356001999999931e-02 -9.277487858999999837e-02 -9.048991988000000541e-02 9.065832722000000121e-02 -9.589250533000000243e-02 9.253484258999999934e-02 -9.791012802000000070e-02 9.778073613000000386e-02 -8.788621077000000059e-02 8.672742061999999530e-02 9.406533395999999714e-02 -9.948715003999999973e-02 9.481566338999999899e-02 -1.072274292999999962e-01 9.689026684000000278e-02 -9.724217672000000368e-02 9.305361019999999761e-02 -9.856923766000000309e-02 -9.563995816999999733e-02 9.481098053000000525e-02 -1.057517922999999943e-01 1.014044870000000015e-01 -1.180994372000000042e-01 1.047479446999999980e-01 -1.128454983999999939e-01 1.012234136000000062e-01 9.622560965000000188e-02 -9.924479021000000289e-02 9.559423600999999993e-02 -1.219425097000000069e-01 1.237582737999999988e-01 -2.430995210999999934e-01 1.172133692999999949e-01 -1.073309229999999947e-01
1.138513597999999960e-01 -1.014045273000000053e-01 9.494681431000000227e-02 -9.489034252000000391e-02 1.083501263000000020e-01 -2.356375901999999967e-01 7.545049848999999531e-01 -2.362220308999999907e-01 -1.153900597000000056e-01 9.848709440000000259e-02 -9.345827684999999385e-02 9.202802391999999332e-02 -1.120403204999999985e-01 1.216390999000000056e-01 -2.382496865000000019e-01 1.180010489000000024e-01 9.499580809999999542e-02 -9.882029067000000500e-02 9.366213738999999705e-02 -9.603154024000000455e-02 9.682341832999999398e-02 -1.108839147000000025e-01 1.021773004999999984e-01 -1.080552951999999983e-01 -9.915828168000000165e-02 9.540997058000000308e-02 -9.710029286999999343e-02 9.267127455000000180e-02 -9.549327155999999539e-02 9.573207871000000146e-02 -9.148762606999999436e-02 9.284454961999999423e-02 9.399391611000000590e-02 -9.591260963000000639e-02 9.577991953999999419e-02 -9.406337472999999616e-02 1.013117350999999944e-01 -9.496963513999999440e-02 9.045125541000000047e-02 -9.210609379999999680e-02 -9.850500953000000670e-02 9.519758845999999608e-02 -9.389844711000000510e-02 1.005076077999999956e-01 -9.700679336999999680e-02 9.600319406000000499e-02 -9.567657731999999748e-02 9.130834143999999597e-02 9.992338299000000368e-02 -1.023971318999999935e-01 9.935791838999999404e-02 -1.059927303999999987e-01 1.017169522000000020e-01 -1.067566310000000046e-01 1.027836433999999993e-01 -1.118057331999999932e-01 -1.133538196000000026e-01 9.841447741999999332e-02 -9.521863867999999509e-02 1.006134496000000017e-01 -1.159677035999999994e-01 1.218224864999999935e-01 -2.328793433999999940e-01 1.048664165999999981e-01
-2.353298735000000086e-01 1.071089147999999963e-01 -9.496385242999999532e-02 9.278359208000000469e-02 -9.669855558999999878e-02 1.022127550999999968e-01 -2.362220308999999907e-01 7.530560372000000280e-01 1.179521290999999972e-01 -1.116312723999999951e-01 9.579627448999999961e-02 -8.970448149000000149e-02 9.872029192999999536e-02 -1.156095421000000040e-01 1.245280433000000020e-01 -2.349512680999999992e-01 -1.108738070000000048e-01 1.031748990999999949e-01 -1.007704538000000066e-01 9.369187947000000294e-02 -9.659632504000000008e-02 9.979673316999999877e-02 -1.162018836999999943e-01 1.028663125999999955e-01 9.138413502999999383e-02 -1.037766680999999969e-01 9.778807193999999869e-02 -9.680024259000000186e-02 9.226286058999999540e-02 -9.644924943999999556e-02 9.362898297999999730e-02 -9.930244766000000112e-02 -9.236029633999999489e-02 9.329854321000000117e-02 -9.645877428000000642e-02 9.562608949999999719e-02 -9.609273241000000632e-02 9.073137997999999871e-02 -9.044702199000000109e-02 8.518445655999999644e-02 9.149519100000000349e-02 -9.831227104999999689e-02 9.513101285000000185e-02 -9.780412781000000222e-02 9.467300754000000651e-02 -1.029039818000000023e-01 9.130161979999999733e-02 -8.974155408999999473e-02 -1.032471612000000066e-01 9.896232625999999699e-02 -1.082974044000000052e-01 1.023818246999999987e-01 -1.017770139000000046e-01 1.015557678999999963e-01 -1.157285601000000025e-01 1.010470103999999980e-01 1.213553121000000012e-01 -1.104573989000000034e-01 9.912928232999999867e-02 -1.002647455000000021e-01 1.024097053999999951e-01 -1.120356698000000012e-01 1.111650631999999972e-01 -2.299695570999999994e-01
-2.439182524999999879e-01 1.269070345999999960e-01 -1.210738095000000042e-01 1.008802213999999975e-01 -9.646631716999999606e-02 9.972682133999999365e-02 -1.153900597000000056e-01 1.179521290999999972e-01 7.536266207999999800e-01 -2.373672840999999922e-01 1.113121235999999931e-01 -9.793288254000000193e-02 9.493214506000000052e-02 -9.574845548999999512e-02 1.074775033999999935e-01 -2.380947844999999896e-01 -2.431081491000000039e-01 1.230870918000000064e-01 -1.183041462999999960e-01 9.755205930999999442e-02 -9.514247989000000627e-02 9.749713840000000242e-02 -1.191823924000000035e-01 1.221485030999999999e-01 1.055842998000000033e-01 -1.187697119000000051e-01 1.016043897000000057e-01 -1.013455882000000030e-01 1.022847053999999950e-01 -1.026014165000000006e-01 1.072980496999999950e-01 -1.207437445999999942e-01 -9.326560022999999533e-02 9.977474563999999546e-02 -1.040476431000000035e-01 9.621228653999999714e-02 -9.966351824999999942e-02 1.018264812999999935e-01 -1.014036365999999995e-01 9.628979541000000364e-02 9.462893359000000559e-02 -9.684757892999999729e-02 9.222022851000000188e-02 -1.019698146999999944e-01 1.030650530000000037e-01 -1.063172794000000060e-01 1.003167595999999995e-01 -9.904090952999999864e-02 -9.776658051999999322e-02 1.010055048000000066e-01 -1.114359292000000057e-01 1.025357058000000016e-01 -1.087973582999999939e-01 9.755516331999999902e-02 -9.909539066000000451e-02 1.020031614000000003e-01 1.134912475000000032e-01 -1.147362256000000053e-01 1.027311236000000016e-01 -1.072529616000000019e-01 1.017174985999999975e-01 -1.021054247000000026e-01 1.008170909999999976e-01 -1.130967308999999976e-01
1.221960445999999978e-01 -2.397104351999999883e-01 1.275785419999999892e-01 -1.199363670000000021e-01 9.916177861000000093e-02 -9.179900691999999529e-02 9.848709440000000259e-02 -1.116312723999999951e-01 -2.373672840999999922e-01 7.510498489000000388e-01 -2.386381578000000003e-01 9.857161401000000267e-02 -1.001699942999999954e-01 9.451783079999999393e-02 -1.005345692000000069e-01 1.097967356999999949e-01 1.202633741999999950e-01 -2.408847813999999976e-01 1.181645394999999987e-01 -1.160737998000000021e-01 1.008092668999999997e-01 -9.658012348000000191e-02 1.039078553999999988e-01 -1.201863945999999961e-01 -1.160326909999999934e-01 1.102724159999999981e-01 -1.109067284999999958e-01 9.927003975999999785e-02 -1.008170792000000066e-01 9.721875083000000584e-02 -9.991214887999999572e-02 1.023346272000000001e-01 9.442606661999999873e-02 -1.029736958999999952e-01 9.791575123000000047e-02 -9.225070641999999488e-02 9.342313191999999933e-02 -9.979480875000000528e-02 9.101642005000000479e-02 -9.809497772000000393e-02 -9.921847243999999677e-02 1.016479472999999994e-01 -9.749693435999999547e-02 9.653508521999999703e-02 -1.017797720000000045e-01 9.941385901999999497e-02 -9.761728265999999876e-02 9.767994944999999762e-02 9.765039703000000237e-02 -1.005193446999999990e-01 1.095993876999999950e-01 -1.061635427000000020e-01 1.021642175000000013e-01 -9.409195279000000245e-02 9.608274986999999767e-02 -1.035006103000000038e-01 -1.217534621999999955e-01 1.067556021999999938e-01 -1.159393580000000062e-01 1.080207620000000063e-01 -1.089717139000000029e-01 9.441896206000000014e-02 -9.913824786000000056e-02 9.722283659000000022e-02
-1.206689605999999998e-01 1.208924474999999998e-01 -2.334686723999999935e-01 1.196347821999999977e-01 -1.227820688000000049e-01 9.566290713000000223e-02 -9.345827684999999385e-02 9.579627448999999961e-02 1.113121235999999931e-01 -2.386381578000000003e-01 7.540384294999999959e-01 -2.295941605000000052e-01 1.065891104000000061e-01 -9.543003730999999323e-02 9.685365313999999559e-02 -1.063673521000000066e-01 -1.131806573000000010e-01 1.251717820999999897e-01 -2.329897266000000022e-01 1.176437293999999939e-01 -1.107913581000000008e-01 9.409661897000000386e-02 -1.048645383999999986e-01 1.008621544999999953e-01 1.027651215000000007e-01 -1.142861136000000027e-01 1.124870300999999961e-01 -1.172088537000000041e-01 9.725977602999999472e-02 -9.324405264000000526e-02 9.574180248999999976e-02 -1.038207473000000020e-01 -1.017720022999999974e-01 9.984201817000000478e-02 -1.007954506000000028e-01 9.707740635000000617e-02 -9.904967134000000617e-02 9.606433783999999976e-02 -9.717888002999999775e-02 9.435809933000000038e-02 9.505945004999999393e-02 -9.795407683000000032e-02 8.838424954000000111e-02 -9.662842977999999694e-02 9.303926632999999502e-02 -9.990580017000000312e-02 9.721524654999999515e-02 -9.285663345000000346e-02 -9.149607020000000146e-02 9.464111197999999781e-02 -1.070538748999999984e-01 9.497361297999999674e-02 -9.604601170000000299e-02 8.854591688000000571e-02 -9.284036846000000287e-02 9.359995178999999665e-02 9.966554572999999917e-02 -1.111907216999999948e-01 1.091214873999999946e-01 -1.217951042000000039e-01 1.048852395999999992e-01 -9.494862415999999472e-02 9.152957584000000202e-02 -9.822949209999999598e-02
9.866088815000000067e-02 -1.158818949999999987e-01 1.153789424000000036e-01 -2.331349658000000102e-01 1.153384746000000044e-01 -1.136628945999999946e-01 9.202802391999999332e-02 -8.970448149000000149e-02 -9.793288254000000193e-02 9.857161401000000267e-02 -2.295941605000000052e-01 7.540523418000000255e-01 -2.358649435999999877e-01 1.066109625000000033e-01 -9.628738387999999371e-02 9.459017487000000168e-02 9.504304672999999704e-02 -1.095279571999999979e-01 1.109524174000000030e-01 -2.320323243000000091e-01 1.182318036000000044e-01 -1.178506227999999989e-01 9.662143052999999648e-02 -9.612950581000000161e-02 -8.944652273000000542e-02 9.405617487999999582e-02 -1.111693946999999932e-01 1.012463197000000037e-01 -1.093105743000000046e-01 9.545950676999999385e-02 -9.338363784000000556e-02 9.362740198999999763e-02 9.199803780000000153e-02 -9.168348997000000389e-02 9.246635552000000147e-02 -9.610495048000000651e-02 9.288155778999999945e-02 -9.726690478999999723e-02 9.395914031999999527e-02 -8.923218303999999601e-02 -8.987390671000000664e-02 9.603516649000000405e-02 -8.889997743999999980e-02 9.181226198000000394e-02 -9.009302160000000337e-02 9.288368053999999929e-02 -9.384530079000000247e-02 8.961252050000000080e-02 8.875082786999999307e-02 -9.754234039999999661e-02 9.723794913000000095e-02 -1.013349188000000067e-01 9.703437064999999306e-02 -8.916617641000000594e-02 8.527203432999999611e-02 -1.004337958000000031e-01 -9.850690042000000146e-02 9.732038317999999744e-02 -1.176380459000000017e-01 1.053946835000000026e-01 -1.118540506999999989e-01 9.374603037999999777e-02 -9.197670281000000503e-02 8.821605768000000125e-02
-1.022356417000000045e-01 1.028706883999999933e-01 -1.204752976999999975e-01 1.152835643000000021e-01 -2.309764542999999948e-01 1.158741825000000059e-01 -1.120403204999999985e-01 9.872029192999999536e-02 9.493214506000000052e-02 -1.001699942999999954e-01 1.065891104000000061e-01 -2.358649435999999877e-01 7.550935057000000006e-01 -2.297467676999999930e-01 9.794826395000000296e-02 -1.029224611999999955e-01 -9.120121164000000169e-02 9.558740027999999833e-02 -1.097919740000000005e-01 1.166037533999999959e-01 -2.321500709000000051e-01 1.126061725000000041e-01 -1.121033968999999991e-01 9.107999517999999795e-02 9.075237575000000279e-02 -9.664333207000000425e-02 9.565336352999999348e-02 -1.057612443999999957e-01 1.001966318999999994e-01 -1.079921382000000041e-01 9.440039337000000197e-02 -9.954119399999999951e-02 -9.037051901999999803e-02 8.934894722000000233e-02 -9.624847108999999568e-02 8.856695475999999678e-02 -9.786306711999999408e-02 9.093895538000000556e-02 -9.220589662000000519e-02 9.425739232999999495e-02 9.084809810999999735e-02 -9.954849508999999430e-02 9.334674723999999979e-02 -9.500620282999999722e-02 8.903422412000000508e-02 -9.459627125000000247e-02 9.671165116999999589e-02 -9.289726631000000401e-02 -9.039487992000000416e-02 9.039570254999999832e-02 -1.016609271000000064e-01 9.858241090000000040e-02 -1.011966361999999953e-01 9.045317884999999614e-02 -9.770442047999999824e-02 9.563554372999999442e-02 9.311841309000000455e-02 -9.109912348000000215e-02 1.064756409999999959e-01 -1.170679517000000058e-01 1.086232102999999949e-01 -1.168801676999999956e-01 9.880413807000000548e-02 -1.024742314000000043e-01
1.006067040999999995e-01 -9.994065966000000023e-02 9.218327283999999677e-02 -1.161702802999999978e-01 1.217489075999999976e-01 -2.347063417999999957e-01 1.216390999000000056e-01 -1.156095421000000040e-01 -9.574845548999999512e-02 9.451783079999999393e-02 -9.543003730999999323e-02 1.066109625000000033e-01 -2.297467676999999930e-01 7.550184720999999488e-01 -2.335360851000000126e-01 1.077263789999999971e-01 9.135015529999999939e-02 -9.987059719999999419e-02 9.697536417999999547e-02 -1.159127858000000011e-01 1.166954602999999979e-01 -2.293176604999999924e-01 1.167518032999999983e-01 -1.067540401999999972e-01 -9.717030771000000067e-02 9.647273305999999604e-02 -9.409302921999999902e-02 9.413902158999999659e-02 -1.080817206999999947e-01 9.613775909999999758e-02 -1.052825108000000065e-01 9.744590258999999421e-02 8.755550563000000230e-02 -9.008659583000000470e-02 9.494475532000000439e-02 -9.504971492000000022e-02 9.941909797999999576e-02 -9.410477675999999458e-02 8.775860792999999604e-02 -9.358501717999999359e-02 -9.623880221000000179e-02 9.041634595000000441e-02 -9.359761622999999975e-02 9.855183412000000087e-02 -9.412532911000000280e-02 9.239846542000000607e-02 -9.508908633000000277e-02 8.597312090000000517e-02 8.901729692000000249e-02 -9.013358675999999514e-02 9.835682761000000274e-02 -1.016725328000000067e-01 1.017633576000000067e-01 -9.666041707000000427e-02 9.479247728999999623e-02 -1.011217004999999947e-01 -1.023681458999999988e-01 9.332399000999999639e-02 -9.822040759000000287e-02 9.981228450000000085e-02 -1.220432832999999995e-01 1.092111649999999989e-01 -1.130671364999999984e-01 1.007823364999999999e-01
-1.179629699000000059e-01 1.077632666000000045e-01 -9.723235327000000205e-02 9.844851055000000684e-02 -1.122597733999999986e-01 1.170619789999999966e-01 -2.382496865000000019e-01 1.245280433000000020e-01 1.074775033999999935e-01 -1.005345692000000069e-01 9.685365313999999559e-02 -9.628738387999999371e-02 9.794826395000000296e-02 -2.335360851000000126e-01 7.533841190000000188e-01 -2.345977764999999937e-01 -1.175813386000000016e-01 9.889211237999999404e-02 -9.689766174000000176e-02 1.000370884999999960e-01 -1.133519310999999974e-01 1.129016218999999988e-01 -2.272157633000000121e-01 1.154474746000000024e-01 1.003574212000000049e-01 -1.028699155000000059e-01 9.764685743999999834e-02 -1.054618367000000057e-01 9.954498177999999975e-02 -1.133631075000000044e-01 1.019394376999999963e-01 -1.167481303000000026e-01 -9.652008412000000204e-02 8.867816908999999470e-02 -9.946033861000000420e-02 9.875800932999999338e-02 -1.021844979000000042e-01 9.779248941000000250e-02 -1.003698581999999950e-01 9.718221925999999400e-02 9.662098805999999596e-02 -9.895612535999999404e-02 9.153581368999999524e-02 -1.068029073999999939e-01 9.712387587000000100e-02 -9.824167213999999981e-02 9.660812262000000039e-02 -9.260813817999999364e-02 -9.774892491000000683e-02 9.739769773999999714e-02 -1.074014590000000047e-01 1.066102299000000059e-01 -1.017768700000000054e-01 9.549692678000000490e-02 -9.604689255999999953e-02 1.029064368000000007e-01 1.033305159000000029e-01 -1.035204752000000034e-01 9.979214164999999914e-02 -1.030264166999999981e-01 1.040381751999999993e-01 -1.176773141999999939e-01 1.059697899999999943e-01 -1.142384518000000015e-01
1.275078635999999932e-01 -1.198924479000000043e-01 9.735618349999999865e-02 -9.933237008999999673e-02 9.787624783999999967e-02 -1.193722170000000027e-01 1.180010489000000024e-01 -2.349512680999999992e-01 -2.380947844999999896e-01 1.097967356999999949e-01 -1.063673521000000066e-01 9.459017487000000168e-02 -1.029224611999999955e-01 1.077263789999999971e-01 -2.345977764999999937e-01 7.549143498000000507e-01 1.172776118000000006e-01 -1.183385671000000000e-01 9.546445304999999493e-02 -9.266799442999999747e-02 9.942216368999999554e-02 -1.138842271999999933e-01 1.229547710999999988e-01 -2.415341605000000114e-01 -1.147572545999999971e-01 1.030827841000000050e-01 -1.001830647999999990e-01 9.938808936000000094e-02 -1.004725670999999931e-01 1.008426374000000042e-01 -1.139547790000000060e-01 1.087898266000000003e-01 8.918276628000000594e-02 -9.958855473000000069e-02 9.669717443000000467e-02 -1.011262893999999996e-01 1.051232173999999964e-01 -1.046779998999999989e-01 9.093577932999999391e-02 -9.184478135000000154e-02 -9.440095392000000252e-02 9.955943786000000240e-02 -1.027919634000000054e-01 1.061242416000000022e-01 -1.018933474000000006e-01 9.716095176000000277e-02 -9.455613507000000528e-02 9.199679755999999597e-02 9.161888588000000055e-02 -9.640701005000000545e-02 1.060582704999999959e-01 -1.061335053000000000e-01 1.022102899999999953e-01 -9.650612383999999933e-02 9.317509728999999463e-02 -1.019234006999999997e-01 -1.185973820999999956e-01 1.017177429000000050e-01 -1.034209185000000003e-01 9.786102910999999738e-02 -1.070401762000000034e-01 1.027390061999999965e-01 -1.145558569999999970e-01 1.061595114999999978e-01
1.127414419000000029e-01 -1.185102397000000057e-01 9.911932432999999432e-02 -1.008881811999999961e-01 9.134248071999999385e-02 -9.575561053999999406e-02 9.499580809999999542e-02 -1.108738070000000048e-01 -2.431081491000000039e-01 1.202633741999999950e-01 -1.131806573000000010e-01 9.504304672999999704e-02 -9.120121164000000169e-02 9.135015529999999939e-02 -1.175813386000000016e-01 1.172776118000000006e-01 7.539295850999999660e-01 -2.388995079000000021e-01 1.082662498000000056e-01 -9.692595420999999822e-02 9.392526823999999830e-02 -9.846069927999999416e-02 1.140119024999999980e-01 -2.314739600000000064e-01 -2.324528084999999966e-01 1.165132071999999963e-01 -1.151990397999999999e-01 9.759183773000000561e-02 -9.761155424999999608e-02 1.009452819999999973e-01 -1.144564260999999944e-01 1.228055754999999999e-01 1.038650378000000041e-01 -1.103251390000000026e-01 9.630807459000000070e-02 -9.721277309999999672e-02 9.763043627999999641e-02 -9.821172867999999889e-02 1.014377367000000030e-01 -1.121984610999999937e-01 -9.791129528000000470e-02 9.746743196000000331e-02 -9.902528745999999993e-02 9.613084235999999616e-02 -9.844323559999999806e-02 9.286152309999999577e-02 -9.725935926999999814e-02 9.186205838000000012e-02 9.321856142999999928e-02 -9.301104215000000064e-02 1.024886844999999963e-01 -1.011178754000000013e-01 9.631956593000000344e-02 -8.749206159000000316e-02 9.506714913000000045e-02 -9.429843631999999809e-02 -1.002939503000000038e-01 9.223944650000000245e-02 -9.650114576000000388e-02 9.477945414999999763e-02 -1.006559692000000006e-01 9.588286038000000400e-02 -9.563849470000000685e-02 9.207044778999999568e-02
-1.246042009999999978e-01 1.111518328000000028e-01 -1.182254100999999974e-01 9.928916033000000085e-02 -9.611864937000000331e-02 9.549294267999999808e-02 -9.882029067000000500e-02 1.031748990999999949e-01 1.230870918000000064e-01 -2.408847813999999976e-01 1.251717820999999897e-01 -1.095279571999999979e-01 9.558740027999999833e-02 -9.987059719999999419e-02 9.889211237999999404e-02 -1.183385671000000000e-01 -2.388995079000000021e-01 7.553939337999999726e-01 -2.308537410000000012e-01 1.053697947000000051e-01 -1.057084377000000047e-01 9.663160791000000027e-02 -1.033432462999999968e-01 1.109134264999999953e-01 1.266401974999999958e-01 -2.378271096000000029e-01 1.216637730999999972e-01 -1.183859049999999996e-01 1.002225637999999974e-01 -9.531721223000000354e-02 9.831719751999999646e-02 -1.180997443999999980e-01 -1.169782248999999968e-01 1.032046394000000061e-01 -1.184617446000000018e-01 1.038529727999999985e-01 -1.017776422000000042e-01 9.543249765000000329e-02 -9.407829328000000269e-02 9.914802875000000570e-02 9.844278897000000028e-02 -1.025835357000000059e-01 1.007766397999999980e-01 -1.044011308000000054e-01 1.019648397999999984e-01 -9.214387386000000291e-02 9.952337857000000121e-02 -9.732135996000000622e-02 -9.855706805000000181e-02 9.995958067999999308e-02 -1.071280037999999962e-01 9.947585523999999402e-02 -1.055317862000000051e-01 8.753514737999999740e-02 -9.755301823999999733e-02 9.705066368999999693e-02 1.070126485000000016e-01 -1.031472685999999944e-01 9.801179190000000596e-02 -1.049290863000000018e-01 1.003559101999999953e-01 -9.602719760000000271e-02 9.655258747000000641e-02 -9.988403710000000324e-02
1.026523861000000065e-01 -1.158469337999999960e-01 1.027986206999999957e-01 -1.108875861999999990e-01 9.988442497999999725e-02 -1.017328589000000005e-01 9.366213738999999705e-02 -1.007704538000000066e-01 -1.183041462999999960e-01 1.181645394999999987e-01 -2.329897266000000022e-01 1.109524174000000030e-01 -1.097919740000000005e-01 9.697536417999999547e-02 -9.689766174000000176e-02 9.546445304999999493e-02 1.082662498000000056e-01 -2.308537410000000012e-01 7.564711591999999651e-01 -2.305850459999999880e-01 9.768877233000000659e-02 -9.907517132000000226e-02 9.841585294999999345e-02 -9.403212413000000547e-02 -1.140358100000000013e-01 1.214962576999999988e-01 -2.366858648000000065e-01 1.123627494999999976e-01 -1.075917980999999968e-01 8.933318140000000296e-02 -9.897063396999999929e-02 1.008827488999999994e-01 9.968654480999999956e-02 -1.140197205999999991e-01 1.105675978000000004e-01 -1.126936359999999998e-01 9.667027977000000605e-02 -9.548129773999999848e-02 9.433150871999999854e-02 -9.627143622999999317e-02 -1.019680267000000057e-01 9.899999560000000143e-02 -9.875142671999999344e-02 9.672816431000000326e-02 -1.000132997999999968e-01 8.758280256000000596e-02 -9.281479102999999620e-02 9.259865647999999949e-02 8.924492759999999580e-02 -9.547170502000000558e-02 1.021355617000000021e-01 -9.777403676000000210e-02 9.569189448999999847e-02 -8.924122317999999554e-02 9.171344452999999342e-02 -9.832100431000000140e-02 -1.018359892000000044e-01 9.704066473000000359e-02 -9.552811830999999310e-02 9.870061415000000449e-02 -1.048755054999999936e-01 9.574876434000000047e-02 -9.558074452999999748e-02 9.110147176999999763e-02
-9.932986069999999446e-02 9.630276642000000498e-02 -1.076061749000000040e-01 9.828078918999999525e-02 -1.130486450999999976e-01 1.039823985000000034e-01 -9.603154024000000455e-02 9.369187947000000294e-02 9.755205930999999442e-02 -1.160737998000000021e-01 1.176437293999999939e-01 -2.320323243000000091e-01 1.166037533999999959e-01 -1.159127858000000011e-01 1.000370884999999960e-01 -9.266799442999999747e-02 -9.692595420999999822e-02 1.053697947000000051e-01 -2.305850459999999880e-01 7.557855556000000474e-01 -2.361129383999999998e-01 1.095171431000000056e-01 -1.000457649000000004e-01 9.155030219000000191e-02 8.817619022000000584e-02 -1.094641764999999961e-01 1.130959906999999959e-01 -2.297320992999999922e-01 1.199369452000000058e-01 -1.109575809999999996e-01 9.892892865999999841e-02 -9.964521682999999408e-02 -9.334323917999999554e-02 9.322436326999999912e-02 -1.159124455999999970e-01 1.027743641000000013e-01 -1.154736692000000037e-01 1.002605612999999951e-01 -9.642538934000000062e-02 9.012190383000000249e-02 9.228854795999999472e-02 -9.948880334000000103e-02 9.313488501000000142e-02 -1.032789328000000006e-01 9.634788704999999731e-02 -9.454649929000000230e-02 9.294430035999999562e-02 -9.228249688999999589e-02 -8.487403292999999571e-02 8.947968733000000174e-02 -1.027520611999999944e-01 1.001991161999999935e-01 -1.023714414999999933e-01 8.519902411999999425e-02 -9.041068580000000132e-02 9.356760027999999618e-02 9.170021612999999794e-02 -9.298501252999999411e-02 9.529644941999999841e-02 -9.855844563000000502e-02 1.002863835000000065e-01 -1.007126123000000040e-01 8.740089276000000129e-02 -8.909628568999999887e-02
8.942360173999999717e-02 -1.019156506000000045e-01 9.932415514999999584e-02 -1.134549661999999931e-01 1.029294632999999959e-01 -1.148072302999999933e-01 9.682341832999999398e-02 -9.659632504000000008e-02 -9.514247989000000627e-02 1.008092668999999997e-01 -1.107913581000000008e-01 1.182318036000000044e-01 -2.321500709000000051e-01 1.166954602999999979e-01 -1.133519310999999974e-01 9.942216368999999554e-02 9.392526823999999830e-02 -1.057084377000000047e-01 9.768877233000000659e-02 -2.361129383999999998e-01 7.539339982999999634e-01 -2.326803055999999981e-01 1.084019145999999961e-01 -9.882517768000000091e-02 -9.399238953999999868e-02 9.210646360999999449e-02 -1.153778641999999993e-01 1.195713412000000003e-01 -2.281939115000000129e-01 1.135406310999999974e-01 -1.124149026000000051e-01 9.739577818000000331e-02 9.003175312000000208e-02 -9.476242633999999720e-02 1.024487220000000059e-01 -1.123410665000000030e-01 1.065377891999999965e-01 -1.181412908000000067e-01 9.422342910000000571e-02 -9.489952892000000362e-02 -9.280045652000000478e-02 9.498667452999999539e-02 -9.619930242999999437e-02 9.992009599999999991e-02 -1.026213717000000053e-01 9.688948869999999824e-02 -9.629186183000000565e-02 9.586719633000000129e-02 9.099295424000000687e-02 -9.425574132000000271e-02 9.729173281000000340e-02 -1.028839363000000062e-01 9.877876835000000411e-02 -8.949502314000000458e-02 8.976867059000000204e-02 -9.613684458000000543e-02 -8.988153610000000626e-02 9.189725526000000477e-02 -1.054018884000000045e-01 9.841069953999999342e-02 -9.792936985000000316e-02 9.830325806999999638e-02 -9.632257197999999354e-02 8.894182122999999551e-02
-9.705195102999999990e-02 9.920073281999999826e-02 -9.871144557000000042e-02 1.001697992000000065e-01 -1.145298433000000032e-01 1.054994847000000069e-01 -1.108839147000000025e-01 9.979673316999999877e-02 9.749713840000000242e-02 -9.658012348000000191e-02 9.409661897000000386e-02 -1.178506227999999989e-01 1.126061725000000041e-01 -2.293176604999999924e-01 1.129016218999999988e-01 -1.138842271999999933e-01 -9.846069927999999416e-02 9.663160791000000027e-02 -9.907517132000000226e-02 1.095171431000000056e-01 -2.326803055999999981e-01 7.516865959999999847e-01 -2.342050876000000004e-01 1.047665665999999995e-01 9.268722745000000651e-02 -9.413238910000000514e-02 1.006695791000000034e-01 -1.157981911000000030e-01 1.147010784000000033e-01 -2.358457984000000007e-01 1.161870594999999950e-01 -1.189691140000000008e-01 -9.503136585999999442e-02 8.851906854999999630e-02 -9.473409314000000303e-02 1.023596102000000063e-01 -1.210911457999999941e-01 1.106831296999999936e-01 -1.143638451999999944e-01 9.640909379999999806e-02 9.221028829999999843e-02 -9.627682015999999843e-02 9.003736869999999504e-02 -1.060983697000000003e-01 1.009009550999999949e-01 -1.028898652999999941e-01 9.717284607999999990e-02 -9.895614262000000660e-02 -9.410232835000000018e-02 8.909313291999999829e-02 -9.965097466000000237e-02 1.020499671999999941e-01 -1.087018611000000051e-01 9.613478804000000211e-02 -9.194972640000000086e-02 8.984468344000000328e-02 9.420256695999999763e-02 -9.361089234000000148e-02 1.001125961000000064e-01 -1.035027169999999941e-01 1.082253603999999980e-01 -1.006338102000000068e-01 9.474073699000000459e-02 -9.619251852000000602e-02
1.015395329000000069e-01 -1.131212431999999990e-01 9.933228305999999841e-02 -1.020258626999999974e-01 1.014857423000000008e-01 -1.119002325999999964e-01 1.021773004999999984e-01 -1.162018836999999943e-01 -1.191823924000000035e-01 1.039078553999999988e-01 -1.048645383999999986e-01 9.662143052999999648e-02 -1.121033968999999991e-01 1.167518032999999983e-01 -2.272157633000000121e-01 1.229547710999999988e-01 1.140119024999999980e-01 -1.033432462999999968e-01 9.841585294999999345e-02 -1.000457649000000004e-01 1.084019145999999961e-01 -2.342050876000000004e-01 7.546237699000000188e-01 -2.449671475999999903e-01 -1.142772095000000043e-01 9.978679460000000612e-02 -9.639478729000000579e-02 1.026927101999999953e-01 -1.200664124000000027e-01 1.149998071000000038e-01 -2.362148034999999868e-01 1.245754215000000054e-01 9.716110617999999810e-02 -9.306421015000000685e-02 9.528710834999999657e-02 -1.043258905000000042e-01 1.057423167000000053e-01 -1.189806436999999995e-01 1.083636105999999932e-01 -1.153087349999999955e-01 -9.916400381999999902e-02 1.001587295999999960e-01 -9.687255670000000096e-02 1.045243748999999944e-01 -1.051697017000000067e-01 1.024726200999999948e-01 -1.010929212999999993e-01 9.483438650000000636e-02 9.834172701000000461e-02 -9.717222124999999600e-02 1.081759583999999941e-01 -1.102703913000000063e-01 1.013325803999999969e-01 -9.570999535999999419e-02 9.221282651999999913e-02 -9.747328674999999887e-02 -1.038333310000000009e-01 9.992387489000000012e-02 -1.107751285000000002e-01 1.050193361999999936e-01 -1.078380579000000061e-01 9.756408940999999890e-02 -9.061817836999999654e-02 9.513166537999999395e-02
-1.199301507999999961e-01 1.047823341999999935e-01 -9.999646621999999652e-02 9.745769985999999663e-02 -9.403203748999999778e-02 9.445555419999999980e-02 -1.080552951999999983e-01 1.028663125999999955e-01 1.221485030999999999e-01 -1.201863945999999961e-01 1.008621544999999953e-01 -9.612950581000000161e-02 9.107999517999999795e-02 -1.067540401999999972e-01 1.154474746000000024e-01 -2.415341605000000114e-01 -2.314739600000000064e-01 1.109134264999999953e-01 -9.403212413000000547e-02 9.155030219000000191e-02 -9.882517768000000091e-02 1.047665665999999995e-01 -2.449671475999999903e-01 7.546375999000000112e-01 1.166933774000000062e-01 -1.147690442999999977e-01 9.354047997000000669e-02 -9.593665071000000155e-02 9.442099880000000278e-02 -1.153602839999999935e-01 1.199803779999999986e-01 -2.394115548999999898e-01 -1.104349595999999933e-01 1.016198491000000065e-01 -1.016467790000000065e-01 1.035687099999999944e-01 -1.063445528000000057e-01 9.874415066000000185e-02 -1.114519934999999989e-01 1.020622312000000059e-01 9.748458538000000229e-02 -1.009330135000000017e-01 9.237626520000000174e-02 -1.047219290000000053e-01 1.009296501999999984e-01 -9.679226054999999496e-02 9.663632701999999575e-02 -9.738171858999999930e-02 -9.178622642000000553e-02 8.854142484999999452e-02 -1.022877444000000052e-01 9.848894840999999900e-02 -1.028628156999999987e-01 9.267668173000000176e-02 -9.347076528999999356e-02 8.863364962000000458e-02 9.815569312999999907e-02 -9.181825665999999997e-02 9.705016219999999805e-02 -9.885869600999999673e-02 1.016601520999999980e-01 -9.996652996999999541e-02 9.454548398999999825e-02 -9.641354074999999857e-02
