# d<Sz_i Sz_j >
4.311796706999999895e-03 2.109871539000000157e-02 1.918977558999999944e-02 1.916707637000000103e-02 1.867644238999999901e-02 1.994205245000000085e-02
2.109871539000000157e-02 4.161927438999999708e-03 2.031690935999999961e-02 1.866411764999999917e-02 1.879024936000000048e-02 1.853796997999999918e-02
1.918977558999999944e-02 2.031690935999999961e-02 4.197303674999999790e-03 2.016266581000000085e-02 1.845624120000000090e-02 1.892419870999999948e-02
1.916707637000000103e-02 1.866411764999999917e-02 2.016266581000000085e-02 4.131073376999999658e-03 2.005785986999999992e-02 1.845453965000000071e-02
1.867644238999999901e-02 1.879024936000000048e-02 1.845624120000000090e-02 2.005785986999999992e-02 4.223423260000000283e-03 1.921233464999999932e-02
1.994205245000000085e-02 1.853796997999999918e-02 1.892419870999999948e-02 1.845453965000000071e-02 1.921233464999999932e-02 4.184683522999999884e-03
