# <Sz_i Sz_j >
7.856287709000000508e-01 -8.761827498999999464e-02 3.554705936000000181e-03 -6.327054987999999880e-03 8.144128359000000345e-03 -8.920184334000000326e-02
-8.761827498999999464e-02 7.861068719999999566e-01 -1.130798313000000027e-01 1.239850372000000055e-02 -7.879564566000000700e-03 1.443496592000000078e-02
3.554705936000000181e-03 -1.130798313000000027e-01 7.837028769999999644e-01 -8.867635651999999924e-02 2.014352822999999904e-02 -4.069775735000000401e-03
-6.327054987999999880e-03 1.239850372000000055e-02 -8.867635651999999924e-02 7.818590681000000542e-01 -1.259994258000000089e-01 -4.950901714999999918e-03
8.144128359000000345e-03 -7.879564566000000700e-03 2.014352822999999904e-02 -1.259994258000000089e-01 7.766580351999999854e-01 -1.471956254000000019e-01
-8.920184334000000326e-02 1.443496592000000078e-02 -4.069775735000000401e-03 -4.950901714999999918e-03 -1.471956254000000019e-01 7.730958376000000021e-01
