# d<Sz_i Sz_j >
4.734667618000000045e-04 1.083935555000000014e-03 1.111712107999999945e-03 1.058922017000000050e-03 1.057847837999999902e-03 1.042451506999999937e-03 1.037482812999999948e-03 1.033986902000000058e-03 1.090939930999999937e-03 1.057538523000000090e-03 1.063770089999999981e-03 1.043431350999999944e-03 1.063315761000000002e-03 1.065687607000000018e-03 1.053746417000000005e-03 1.057362359999999921e-03 1.048527422000000101e-03 1.050171066000000087e-03 1.035223857000000091e-03 1.075752750999999950e-03 1.045082335000000091e-03 1.068948113000000102e-03 1.021130543000000083e-03 1.039696678999999999e-03 1.075174954000000013e-03 1.075369573999999939e-03 1.075590156999999989e-03 1.089451824999999917e-03 1.055619863000000066e-03 1.038429265000000027e-03 1.056720878000000103e-03 1.046526748999999923e-03 1.088501082000000071e-03 1.063620735000000029e-03 1.049837201999999923e-03 1.048144201000000050e-03 1.058681939000000053e-03 1.081254301999999903e-03 1.091989118999999982e-03 1.065408076000000023e-03 1.107230429000000084e-03 1.071364988999999948e-03 1.058336161000000006e-03 1.077706136999999993e-03 1.042610607999999977e-03 1.055902590000000084e-03 1.081414413000000027e-03 1.092591594999999969e-03 1.585580791999999933e-03 1.516860514999999977e-03 1.504041917000000037e-03 1.564198100999999964e-03 1.543314892999999959e-03 1.465159773999999892e-03 1.505916939000000090e-03 1.494834370000000046e-03 1.570363513000000086e-03 1.578063195000000080e-03 1.541426499999999991e-03 1.543921194000000057e-03 1.510514729000000033e-03 1.551871820999999995e-03 1.571199769000000083e-03 1.509885941000000016e-03 2.015512399999999822e-03 1.507772668000000038e-03 1.499912135000000058e-03 1.574292300000000025e-03 1.568638251000000101e-03 1.476375514999999933e-03 1.512754315000000094e-03 1.552346923000000019e-03 1.571936397000000055e-03 1.519478582999999943e-03 1.555375408000000004e-03 1.606814890999999938e-03 1.575180195999999894e-03 1.529036100999999924e-03 1.465955363999999969e-03 1.955889330000000134e-03 1.123499889999999939e-03 1.054512846999999939e-03 1.111714235999999899e-03 1.069644156000000047e-03 1.025115158000000073e-03 1.044634799000000074e-03 1.031648897999999908e-03 1.053317732999999902e-03 1.082340810000000011e-03 1.068403317999999918e-03 1.046258920000000007e-03 1.110516394999999917e-03 1.092119082000000008e-03 1.056075988000000025e-03 1.088948198000000032e-03 1.278129098000000069e-03 1.091581837000000013e-03 1.019645237999999930e-03 1.006761610000000062e-03 1.074352828999999929e-03 1.072970075000000047e-03 1.042669081000000084e-03 1.083259819000000025e-03 1.014938732000000062e-03 1.094243470000000025e-03 1.055016763999999966e-03 1.086237370999999915e-03 1.092044509000000049e-03 1.079909775999999925e-03 1.094900702000000010e-03 9.942166681999999121e-04 1.080700447999999921e-03 1.049484826000000003e-03 1.063365611000000087e-03 1.051276236000000001e-03 1.075686076000000090e-03 1.045526789000000064e-03 1.021647607000000053e-03 1.019159353000000058e-03 1.083382395000000078e-03 1.057692723999999976e-03 1.051141234999999939e-03 1.064562272000000014e-03 1.073543571000000040e-03 1.058525998999999959e-03 1.079148846999999911e-03 1.043717301000000094e-03 1.075736269000000106e-03
1.083935555000000014e-03 4.554504989999999965e-04 1.085432417999999954e-03 1.089014689999999973e-03 1.064964512999999960e-03 1.071271083000000044e-03 1.003151904999999939e-03 1.098935230000000051e-03 1.097860513000000100e-03 1.048925952999999909e-03 1.005221736000000031e-03 1.039982503999999997e-03 1.094476156000000070e-03 1.049555684000000062e-03 1.075445713999999926e-03 1.051658193999999895e-03 1.017178324000000099e-03 1.076438204999999922e-03 1.069716939000000004e-03 1.062482624999999898e-03 1.056695440000000050e-03 1.045562891000000006e-03 1.089710091000000098e-03 1.031775139000000062e-03 1.042960292000000028e-03 1.055523255999999896e-03 1.077011151999999940e-03 1.049321267999999991e-03 1.050160865000000082e-03 1.058248802999999958e-03 1.021072700000000060e-03 1.043765970999999907e-03 1.037143501000000086e-03 1.018814617999999964e-03 1.051806032000000054e-03 1.094529529999999952e-03 1.048042669000000043e-03 1.057789671000000089e-03 1.032992005999999914e-03 1.040554753999999981e-03 1.050536143999999993e-03 1.089787488000000049e-03 1.077167446999999917e-03 1.107431060000000061e-03 1.075910524000000092e-03 1.056260179999999986e-03 1.072610163000000099e-03 1.025611860000000090e-03 1.560251596999999912e-03 1.589184300000000098e-03 1.585947869000000092e-03 1.547474525999999921e-03 1.551331767999999944e-03 1.540562336000000053e-03 1.499671703999999953e-03 1.510379483000000083e-03 1.530434851000000073e-03 1.537579016000000008e-03 1.535873601000000083e-03 1.566782200999999918e-03 1.589536257999999954e-03 1.476166023000000018e-03 1.529089299000000075e-03 1.502859225000000021e-03 2.023911898000000081e-03 2.052847904999999858e-03 1.534192814999999974e-03 1.577479571000000007e-03 1.573613173999999920e-03 1.561793865999999914e-03 1.536587417999999913e-03 1.587306677000000030e-03 1.545296761000000034e-03 1.512059679999999944e-03 1.547027141999999947e-03 1.564074480999999963e-03 1.536550298999999915e-03 1.550205799000000089e-03 1.503907210000000102e-03 1.492350088000000009e-03 1.337780647000000019e-03 1.114859005999999922e-03 1.087253604000000019e-03 1.063411933999999955e-03 1.067355901999999948e-03 1.044438074000000102e-03 1.078452087000000012e-03 1.027356641999999922e-03 1.060675016000000009e-03 1.087171675999999958e-03 1.036363571000000101e-03 1.113055468000000029e-03 1.101180831999999925e-03 1.013986321999999938e-03 1.085241604999999995e-03 1.021798626000000078e-03 1.072335504999999932e-03 1.044094520000000059e-03 1.028718065000000037e-03 1.097159761000000107e-03 1.027069724999999951e-03 1.054784843999999897e-03 1.019675084999999929e-03 1.058195501000000005e-03 1.084235293999999926e-03 1.023506602999999958e-03 1.085251693000000017e-03 1.059946852000000043e-03 1.079251808000000062e-03 1.074868029999999971e-03 1.044683353999999913e-03 1.035140241000000053e-03 1.031007136999999903e-03 1.050439556999999960e-03 1.057536049000000001e-03 1.117101668000000051e-03 1.065129487999999947e-03 1.020410125999999954e-03 1.040720333999999936e-03 1.048997930000000051e-03 1.055949080999999930e-03 1.070544914999999909e-03 1.091543169999999912e-03 1.051746258999999937e-03 1.045178809999999922e-03 1.032773274000000057e-03 1.073305782999999999e-03 1.038841202000000043e-03
1.111712107999999945e-03 1.085432417999999954e-03 4.657783280000000158e-04 1.080958938000000074e-03 1.054186404000000046e-03 1.042723749999999996e-03 1.037587825999999923e-03 1.083031832000000069e-03 1.055861665999999893e-03 1.071948646000000106e-03 1.035870973999999944e-03 1.077408562000000108e-03 1.035796086999999938e-03 1.053324389999999973e-03 1.060010302999999992e-03 1.075875464000000106e-03 1.072894835999999930e-03 1.050943040999999982e-03 1.091877610999999939e-03 1.040361250999999928e-03 1.085993753999999964e-03 1.050012913999999941e-03 1.056508028999999941e-03 1.060623518999999999e-03 1.003363127000000098e-03 1.072192987999999979e-03 1.077203293000000015e-03 1.047800068999999931e-03 1.037985057999999934e-03 1.040370036999999949e-03 1.070918635999999974e-03 1.073244411999999979e-03 1.056045437000000019e-03 1.039901099000000015e-03 1.075910325000000020e-03 1.123994554000000076e-03 1.075295223999999956e-03 1.065708237999999980e-03 1.061639594000000084e-03 1.037135318000000040e-03 1.059634524999999907e-03 1.081783783999999910e-03 1.081267716000000080e-03 1.038681060000000043e-03 1.091918680999999980e-03 1.048494886000000004e-03 1.045286720000000030e-03 1.074893092000000008e-03 1.547673031999999933e-03 1.522380105000000058e-03 1.517448426000000050e-03 1.535715520000000087e-03 1.530284976000000031e-03 1.584071146999999893e-03 1.513361846000000049e-03 1.503220719999999932e-03 1.529279793000000009e-03 1.541583678999999905e-03 1.583671584000000089e-03 1.520894834999999981e-03 1.578829638999999958e-03 1.532018781999999919e-03 1.500223593999999976e-03 1.556766726999999923e-03 1.510894050000000056e-03 1.957154713000000198e-03 1.961968747000000183e-03 1.522627750999999956e-03 1.514965115000000036e-03 1.533057105000000010e-03 1.528182541999999894e-03 1.553031327000000067e-03 1.580328800000000040e-03 1.512423525000000006e-03 1.573878237000000046e-03 1.536490578000000023e-03 1.502895302000000063e-03 1.551740078999999922e-03 1.549900801999999937e-03 1.559154887000000021e-03 1.134765584000000088e-03 1.414723115000000083e-03 1.100651355999999895e-03 1.084304796999999978e-03 1.046793560999999999e-03 1.077236163000000078e-03 1.103032234000000033e-03 1.043945183000000035e-03 1.062123231000000048e-03 1.105024636000000084e-03 1.062427033999999984e-03 1.079238614000000091e-03 1.070268126000000018e-03 1.084844119999999910e-03 1.096195525999999962e-03 1.070393689000000061e-03 1.041579258999999992e-03 1.037117289000000090e-03 1.034332147000000066e-03 1.073481949999999935e-03 1.053441191999999896e-03 1.023931775999999995e-03 1.060968120999999974e-03 1.056982540999999937e-03 1.056524905999999941e-03 1.088671661000000001e-03 1.022366674999999935e-03 1.060342353000000033e-03 1.026441937000000058e-03 1.052461280999999940e-03 1.033205813999999931e-03 1.056311903999999956e-03 1.044480318000000005e-03 1.017426654000000083e-03 1.076811269000000010e-03 1.056388274000000108e-03 1.075013570999999984e-03 1.044865145999999924e-03 1.028709622999999943e-03 1.081573722000000104e-03 1.015910944999999987e-03 1.063954501999999930e-03 1.042265933000000077e-03 1.066388076000000058e-03 1.041843204000000031e-03 1.039110289999999916e-03 1.031915433000000007e-03 1.059740038000000053e-03
1.058922017000000050e-03 1.089014689999999973e-03 1.080958938000000074e-03 4.392756901000000242e-04 1.062678030999999936e-03 1.054505964999999899e-03 1.043765779000000024e-03 1.096034884000000008e-03 1.073696573999999944e-03 1.069482250999999936e-03 1.095008029000000063e-03 1.070059025000000058e-03 1.080995873999999937e-03 1.052497381000000107e-03 1.045722515999999904e-03 1.034109184999999981e-03 1.020840589000000104e-03 1.065669835999999903e-03 1.055994514000000101e-03 1.046715959999999996e-03 1.068576893000000019e-03 1.023938406999999953e-03 1.032876559999999994e-03 1.031630195000000048e-03 9.835399931000000928e-04 1.081729718999999970e-03 1.065782314999999970e-03 1.038534833999999948e-03 1.086012276999999892e-03 1.053849336000000107e-03 1.034172306999999943e-03 1.050357235999999951e-03 1.098535415999999949e-03 1.094694308000000076e-03 1.064807913999999897e-03 1.071157093999999940e-03 1.085438082000000090e-03 1.072970230000000079e-03 1.061373499999999958e-03 1.065725583000000061e-03 1.053642389999999993e-03 1.055228698000000099e-03 1.042667163999999938e-03 1.064614540999999975e-03 1.050989780999999918e-03 1.067180233999999971e-03 1.074577084000000052e-03 1.049049340999999970e-03 1.502323508999999988e-03 1.505333265999999996e-03 1.522620918999999934e-03 1.561257940000000070e-03 1.522120152999999892e-03 1.479970068000000102e-03 1.544357063000000073e-03 1.494921531000000013e-03 1.562020090999999972e-03 1.540754265000000107e-03 1.520114287000000081e-03 1.502547713000000097e-03 1.506781136999999892e-03 1.510629662000000052e-03 1.524322531000000093e-03 1.532293864999999906e-03 1.559397341000000065e-03 1.551293989999999977e-03 1.984146239999999908e-03 1.923397283000000037e-03 1.467785024000000001e-03 1.510873525000000104e-03 1.520661962000000034e-03 1.502606041999999913e-03 1.490845429999999991e-03 1.550411172999999979e-03 1.577773269999999985e-03 1.540262260999999966e-03 1.495613451999999949e-03 1.512646115000000060e-03 1.474939839000000098e-03 1.466830315999999952e-03 1.049247997000000033e-03 1.045615782000000084e-03 1.384815706999999955e-03 1.105603239000000054e-03 1.042717975000000087e-03 1.009050090999999904e-03 1.046773703999999980e-03 1.012588875999999999e-03 1.069815870999999991e-03 1.089526428999999970e-03 1.083757582999999919e-03 1.079651582000000108e-03 1.095740421000000048e-03 1.054737617999999951e-03 1.051284698000000016e-03 1.063385080999999918e-03 1.071884679000000050e-03 1.046350618000000060e-03 1.062783189999999978e-03 1.055204119000000083e-03 1.075522540999999986e-03 1.001558149000000104e-03 1.033171727999999956e-03 1.039657824999999994e-03 1.033397124000000073e-03 1.035261433999999994e-03 1.054082815000000018e-03 1.072342029000000101e-03 1.035920113000000052e-03 1.044172269999999901e-03 1.032959871999999946e-03 1.087301091000000006e-03 1.038674011000000020e-03 1.036376475999999927e-03 1.092664423999999959e-03 1.096353950000000105e-03 1.077713989000000060e-03 1.045092568999999964e-03 1.058313329999999945e-03 1.096268275000000054e-03 1.087343007999999915e-03 1.035197077999999975e-03 1.030534899999999924e-03 1.024310371000000100e-03 1.030744670000000029e-03 1.077316871000000027e-03 1.047456338999999941e-03 1.045778499999999982e-03
1.057847837999999902e-03 1.064964512999999960e-03 1.054186404000000046e-03 1.062678030999999936e-03 4.590048711000000196e-04 1.064758299999999953e-03 1.082209158000000011e-03 1.057750909999999930e-03 1.067706283000000034e-03 1.056301483999999959e-03 1.061293877000000010e-03 1.091169382999999894e-03 1.046594892999999984e-03 1.033427196000000041e-03 1.031310769000000089e-03 1.069660640000000100e-03 1.050247043000000075e-03 1.032988670000000017e-03 1.066293506999999984e-03 1.074898192000000013e-03 1.079131006000000077e-03 1.098968845999999952e-03 1.072461384000000014e-03 1.048806020999999917e-03 1.047148238000000049e-03 1.068881446999999990e-03 1.015090576000000043e-03 1.081863999000000093e-03 1.060710890999999991e-03 1.028104703999999960e-03 1.052850527999999982e-03 1.048323705000000095e-03 1.075725861000000061e-03 1.058891360000000035e-03 1.055261580999999893e-03 1.069491810999999900e-03 1.082924825000000039e-03 1.017225175000000025e-03 1.056682629000000066e-03 1.027785709000000013e-03 1.072785835000000061e-03 1.083730266999999997e-03 1.049087157999999999e-03 1.053392199000000072e-03 1.070122213999999969e-03 1.062825399000000021e-03 1.086575546999999980e-03 1.042430350999999904e-03 1.535199800999999947e-03 1.533623610999999961e-03 1.575898163000000055e-03 1.517076799000000075e-03 1.524362728999999932e-03 1.496520542000000101e-03 1.490388936999999985e-03 1.545197464999999984e-03 1.549862172999999900e-03 1.530890125999999959e-03 1.556787579000000086e-03 1.589943968999999943e-03 1.552490540999999910e-03 1.501553153999999907e-03 1.541073759000000012e-03 1.540662747999999981e-03 1.563062498000000007e-03 1.523079445000000056e-03 1.480360578000000085e-03 1.953601183999999821e-03 1.956848434000000182e-03 1.517475552000000080e-03 1.497627298999999962e-03 1.489415016999999942e-03 1.556516844000000073e-03 1.516422635999999970e-03 1.543894639999999910e-03 1.538999599000000088e-03 1.569944147000000047e-03 1.465655085000000047e-03 1.566894477999999924e-03 1.565405956000000048e-03 1.056996889000000068e-03 1.098691792000000035e-03 1.095936964000000097e-03 1.368772683999999957e-03 1.124941361000000037e-03 1.138152303000000004e-03 1.087446512000000065e-03 1.076368942999999991e-03 1.069108408999999921e-03 1.083478208999999947e-03 1.051158514000000068e-03 1.087901122000000005e-03 1.092093190000000035e-03 1.043529056000000064e-03 1.075737795000000080e-03 1.056721226000000013e-03 1.066840356999999980e-03 1.042937356999999949e-03 1.043475681999999965e-03 1.073637041999999948e-03 1.071761595000000076e-03 1.053760694999999982e-03 1.059235820999999923e-03 1.031056301999999907e-03 1.061397907000000010e-03 1.077206741999999894e-03 1.045065535000000000e-03 1.033395955999999970e-03 1.017287409000000066e-03 1.096545678000000095e-03 1.016435032000000084e-03 1.021918651999999912e-03 1.040268165000000000e-03 1.072861686999999897e-03 1.044530130000000025e-03 1.043578306999999941e-03 1.051624662000000092e-03 1.041091636999999905e-03 1.070418688999999913e-03 1.085859752000000030e-03 1.083586050999999894e-03 1.051318586999999910e-03 1.071485862000000084e-03 1.033937941000000107e-03 1.057332632000000097e-03 1.032866774000000066e-03 1.042140390999999949e-03 1.039879958999999918e-03
1.042451506999999937e-03 1.071271083000000044e-03 1.042723749999999996e-03 1.054505964999999899e-03 1.064758299999999953e-03 4.619318138999999740e-04 1.078027603000000041e-03 1.082234785999999956e-03 1.058705192999999942e-03 1.091461267999999964e-03 1.088249773000000064e-03 1.053071310000000104e-03 1.073914175999999979e-03 1.068438659000000082e-03 1.093144858999999924e-03 1.063549393999999948e-03 1.076665883000000028e-03 1.040068472999999957e-03 1.059156542999999898e-03 1.041534315000000035e-03 1.045879290999999914e-03 1.061924063000000079e-03 9.926521682999999222e-04 1.081887820000000102e-03 1.034533108000000026e-03 1.033953612999999935e-03 1.100364118999999901e-03 1.089874050000000025e-03 1.011117050999999975e-03 1.004337891000000021e-03 1.030690244000000014e-03 1.022837361000000040e-03 1.058444356000000060e-03 1.072578078999999931e-03 1.061036346999999925e-03 1.041571094000000091e-03 1.092997232000000006e-03 1.055072416000000070e-03 1.063158335999999987e-03 1.094663710000000042e-03 1.100594999000000006e-03 1.076443504999999995e-03 1.105393614000000019e-03 1.030761767000000018e-03 1.048569923000000062e-03 1.070307736000000037e-03 1.093480327999999963e-03 1.052334184999999950e-03 1.519698239000000011e-03 1.499228008999999983e-03 1.533128884000000075e-03 1.519649985000000054e-03 1.515191836000000063e-03 1.515270588000000021e-03 1.549935275000000100e-03 1.558668458999999933e-03 1.530434654999999989e-03 1.499887506000000025e-03 1.571423609999999908e-03 1.574686252999999911e-03 1.555329778999999966e-03 1.577449821000000054e-03 1.527580538999999968e-03 1.474595118999999944e-03 1.531054407999999896e-03 1.519420231000000003e-03 1.493037637000000067e-03 1.507913970000000076e-03 2.013641641000000083e-03 1.986106649000000078e-03 1.530112458000000043e-03 1.472348582999999898e-03 1.552224387000000023e-03 1.530173171000000091e-03 1.572360187999999976e-03 1.578103573000000067e-03 1.542841655000000076e-03 1.530001331999999992e-03 1.581058681000000084e-03 1.519265588999999927e-03 1.100392509000000085e-03 1.079166303999999979e-03 1.101810853999999999e-03 1.084040884000000027e-03 1.368224235000000061e-03 1.121411158999999907e-03 1.076768839999999979e-03 1.061721768000000029e-03 1.047510094000000036e-03 1.062282127000000040e-03 1.082096206000000100e-03 1.075697231999999965e-03 1.077482861000000078e-03 1.048067045999999999e-03 1.056977242000000077e-03 1.073690753999999997e-03 1.027573308000000012e-03 1.076197387000000063e-03 1.047951029999999971e-03 1.064871790000000099e-03 1.029290873999999956e-03 1.019279157999999907e-03 1.054352361000000012e-03 1.071506849999999920e-03 1.042087143999999993e-03 1.099254220000000018e-03 1.036382376999999983e-03 1.013481907999999945e-03 1.060740448000000065e-03 1.045147576000000043e-03 1.053134545000000049e-03 1.074893317999999973e-03 1.057547623999999936e-03 1.087756974000000064e-03 1.048606789999999983e-03 1.035745699000000051e-03 1.062151818000000095e-03 1.060076215000000082e-03 1.079517059000000088e-03 1.041329316999999944e-03 1.014080515999999993e-03 1.079290464999999987e-03 1.058268792000000100e-03 1.053023866999999942e-03 1.059926006000000073e-03 1.074397024000000060e-03 1.044606073999999928e-03 1.033161769000000068e-03
1.037482812999999948e-03 1.003151904999999939e-03 1.037587825999999923e-03 1.043765779000000024e-03 1.082209158000000011e-03 1.078027603000000041e-03 4.595630955999999937e-04 1.051949788000000044e-03 1.046950985000000018e-03 1.062779492000000010e-03 1.045677286000000006e-03 1.052601055000000011e-03 1.055234143000000025e-03 1.058837797000000041e-03 1.035711813999999923e-03 1.076956257000000064e-03 1.069762508000000065e-03 1.042292555999999948e-03 1.035586016999999947e-03 1.058257802999999992e-03 1.017994076000000060e-03 1.058393594999999928e-03 1.038777720999999998e-03 1.071876914000000069e-03 1.014542180999999932e-03 1.002322194000000027e-03 1.041826297999999930e-03 1.033443825999999944e-03 1.047869541000000107e-03 1.039180276999999986e-03 1.046936103000000069e-03 1.061972726999999917e-03 1.082052035000000091e-03 1.049840221000000002e-03 1.054288328000000004e-03 1.054422003999999939e-03 1.087852567999999945e-03 1.059349745000000070e-03 1.029453614999999980e-03 1.102039479000000008e-03 1.104306978999999985e-03 1.085464232999999896e-03 1.056028774000000031e-03 1.059346566999999975e-03 1.076221160000000046e-03 1.053987429999999953e-03 1.090417291999999910e-03 1.066680541999999975e-03 1.550549056000000018e-03 1.549623704999999975e-03 1.544110750000000053e-03 1.508659124000000023e-03 1.589741318000000014e-03 1.525729552999999933e-03 1.474508661999999982e-03 1.500853286000000068e-03 1.574740586000000081e-03 1.549207691999999982e-03 1.578597233000000096e-03 1.484341335000000095e-03 1.520582101999999949e-03 1.491596494999999955e-03 1.537515349000000055e-03 1.500418199999999959e-03 1.492071904000000053e-03 1.498457298000000024e-03 1.546415967000000025e-03 1.516855647999999909e-03 1.533149111999999913e-03 2.047480501000000126e-03 1.927188409999999914e-03 1.507136758000000073e-03 1.495684048999999967e-03 1.548966964999999975e-03 1.550240649000000047e-03 1.559119943000000005e-03 1.512808308000000105e-03 1.517707039999999924e-03 1.518559914000000089e-03 1.517586502999999963e-03 1.048936178000000035e-03 1.041965842000000054e-03 1.095802598000000100e-03 1.048112463000000017e-03 1.088213260000000029e-03 1.342404584000000001e-03 1.036459441999999960e-03 1.068934597999999896e-03 1.039365495999999963e-03 1.042359400999999996e-03 1.079458803999999977e-03 1.033796247999999897e-03 1.050781808000000005e-03 1.089479359000000052e-03 1.065022079000000005e-03 1.066666924999999959e-03 1.045458131000000105e-03 1.024153979000000077e-03 1.055479637000000066e-03 1.048761299999999936e-03 1.067105260000000095e-03 1.059334339000000047e-03 9.951745818999999018e-04 1.013610866000000084e-03 1.027031688999999930e-03 1.047898457999999920e-03 1.034892214999999938e-03 1.096713806000000060e-03 1.033187060000000058e-03 1.065660927999999936e-03 1.034897299000000007e-03 1.043893946000000071e-03 1.056051863999999925e-03 1.086372938000000100e-03 1.056922260999999894e-03 1.037408923000000078e-03 1.025188189999999902e-03 1.045884465000000057e-03 1.025537343999999903e-03 1.020730274000000064e-03 1.092945050999999911e-03 1.059166542000000060e-03 1.048497982999999989e-03 1.056033157000000082e-03 1.078263939000000029e-03 1.051232081999999924e-03 1.082992881000000018e-03 1.024013002000000042e-03
1.033986902000000058e-03 1.098935230000000051e-03 1.083031832000000069e-03 1.096034884000000008e-03 1.057750909999999930e-03 1.082234785999999956e-03 1.051949788000000044e-03 4.524801387000000033e-04 1.133111034000000095e-03 1.052877295999999924e-03 1.089420882999999956e-03 1.054150427000000037e-03 1.005462918999999950e-03 1.028740147000000056e-03 1.055034218000000046e-03 1.040780433000000052e-03 1.039120860999999960e-03 1.041364067000000084e-03 1.055978483999999969e-03 1.082880341999999975e-03 1.022946212000000075e-03 1.036463328000000045e-03 1.045072348000000099e-03 1.061582374999999953e-03 1.034638902999999912e-03 1.023155213999999997e-03 1.023814897999999942e-03 1.048300407999999944e-03 1.059971157000000070e-03 1.032202676999999973e-03 1.045417358999999958e-03 1.008201567999999918e-03 1.062221842000000017e-03 1.074610791000000024e-03 1.095477831000000015e-03 1.078032857000000080e-03 1.057336541000000090e-03 1.039776505999999998e-03 1.004693062000000048e-03 1.056506525000000096e-03 1.018481791999999988e-03 1.086721963999999962e-03 1.065346753000000028e-03 1.068418476000000065e-03 1.078249068000000036e-03 1.019076731999999947e-03 1.009787250999999919e-03 1.039545653999999998e-03 1.542594346999999911e-03 1.492412758000000042e-03 1.513360217000000053e-03 1.489892368000000087e-03 1.566358293000000030e-03 1.495230382999999941e-03 1.503297273999999999e-03 1.501304963000000018e-03 1.543406016999999920e-03 1.507631724000000088e-03 1.479766698000000011e-03 1.518257595000000078e-03 1.468743861000000031e-03 1.478948721000000049e-03 1.478844126999999918e-03 1.485089848000000065e-03 1.535818871999999977e-03 1.543208651999999903e-03 1.495884802000000107e-03 1.550129540999999923e-03 1.508182423000000100e-03 1.495008672000000061e-03 1.945184380999999971e-03 1.956039793999999991e-03 1.534561075999999955e-03 1.468884648999999954e-03 1.545901669000000062e-03 1.560876847999999968e-03 1.466658191999999908e-03 1.471294952000000043e-03 1.513766482999999961e-03 1.442298032999999929e-03 1.089152885000000065e-03 1.076543674000000027e-03 1.095184110999999905e-03 1.050353241000000085e-03 1.070813838000000007e-03 1.055316516000000043e-03 1.318266046000000045e-03 1.105694172999999907e-03 1.072673371999999931e-03 1.064747785999999898e-03 1.017357966000000027e-03 1.066968257000000010e-03 1.080507088999999943e-03 1.030788122000000093e-03 1.052103317000000014e-03 1.103553665999999897e-03 1.077825876000000106e-03 1.059210833000000023e-03 1.087710149000000034e-03 1.083282609000000033e-03 1.038507035000000005e-03 1.029078224000000083e-03 1.039820647999999906e-03 1.026124747000000054e-03 1.030286610999999993e-03 1.059623370000000028e-03 1.095795765000000081e-03 1.046862582000000026e-03 1.050426839000000038e-03 1.038559863999999897e-03 9.785782647999999827e-04 1.040737326999999907e-03 1.058842059999999920e-03 1.029566015999999924e-03 1.025702110000000075e-03 1.034950590000000004e-03 1.081312547000000054e-03 1.004068183000000024e-03 1.090645223000000089e-03 1.030326756000000043e-03 1.040688014000000060e-03 1.034738957999999966e-03 1.045131032000000014e-03 1.039228498000000075e-03 1.031553616000000081e-03 1.063408749000000104e-03 1.015848405000000084e-03 1.031109908999999943e-03
1.090939930999999937e-03 1.097860513000000100e-03 1.055861665999999893e-03 1.073696573999999944e-03 1.067706283000000034e-03 1.058705192999999942e-03 1.046950985000000018e-03 1.133111034000000095e-03 4.631523290000000271e-04 1.064029592999999989e-03 1.072619151999999959e-03 1.071246953999999965e-03 1.042986036999999939e-03 1.026628498000000094e-03 1.048230830999999971e-03 1.083415503000000057e-03 1.002284104000000006e-03 1.071199742999999959e-03 1.063771318000000061e-03 1.072575112000000077e-03 1.049773782000000067e-03 1.067919504000000011e-03 1.057115811999999972e-03 1.045548574999999964e-03 1.015370083999999912e-03 1.051448098000000008e-03 9.837906734000000531e-04 1.084775940999999988e-03 1.045810000000000099e-03 1.012256704000000012e-03 1.063630463999999968e-03 1.056414351999999989e-03 1.070725871000000008e-03 1.077189389000000061e-03 1.046074793999999999e-03 1.059546742000000040e-03 1.036349532000000037e-03 1.041198399000000047e-03 1.073357608999999995e-03 1.050136925999999894e-03 1.066298743000000096e-03 1.061725345000000048e-03 1.015375802000000049e-03 1.059429893000000088e-03 1.056763147999999902e-03 1.047038324999999921e-03 1.058837613999999904e-03 1.047426742000000027e-03 1.582698988999999955e-03 1.533574197000000085e-03 1.546306201999999956e-03 1.542907549000000021e-03 1.570868175999999951e-03 1.532926648000000006e-03 1.497498836000000014e-03 1.499072848000000029e-03 1.475300752999999946e-03 1.466035674999999986e-03 1.523098319000000100e-03 1.518431196000000075e-03 1.471721060000000031e-03 1.546056989000000031e-03 1.527157198999999979e-03 1.558801308999999916e-03 1.546893845000000016e-03 1.572507223000000091e-03 1.505114133000000007e-03 1.545164675000000034e-03 1.548741907000000025e-03 1.534976273999999951e-03 1.473214497999999996e-03 2.001474319000000075e-03 1.967364348999999998e-03 1.527915577999999991e-03 1.546530200000000022e-03 1.512077418999999969e-03 1.525774619000000052e-03 1.475320816000000009e-03 1.469128897999999982e-03 1.559643371999999912e-03 1.075984081999999988e-03 1.069437246000000006e-03 1.042720070999999952e-03 1.074451223999999894e-03 1.076872363000000053e-03 1.069149665000000086e-03 1.070622905000000093e-03 1.310575710000000003e-03 1.097359069999999945e-03 1.084988046000000088e-03 1.055819236000000083e-03 1.050707007000000089e-03 1.043415418000000075e-03 1.088377462000000070e-03 1.065684264999999928e-03 1.060075229999999898e-03 1.079825286999999906e-03 1.024274421999999980e-03 1.076222671000000080e-03 1.061332861999999926e-03 1.072418744999999955e-03 1.068526742000000052e-03 1.068495442000000004e-03 1.003842649000000024e-03 1.028921639999999960e-03 1.050317674999999952e-03 1.072212865999999914e-03 1.052934076000000075e-03 1.045135462000000093e-03 1.081292851000000043e-03 1.067837440000000060e-03 1.034871976999999924e-03 1.052255573000000083e-03 1.036026649000000013e-03 1.052123504000000015e-03 1.043464274000000013e-03 1.066127619999999955e-03 1.054648033999999908e-03 1.028423358999999964e-03 1.021251938000000085e-03 1.047934921999999934e-03 1.011947402999999928e-03 1.079510814000000105e-03 1.017532420000000085e-03 1.057416089999999899e-03 1.044006862999999905e-03 1.032826211999999947e-03 1.066403573999999931e-03
1.057538523000000090e-03 1.048925952999999909e-03 1.071948646000000106e-03 1.069482250999999936e-03 1.056301483999999959e-03 1.091461267999999964e-03 1.062779492000000010e-03 1.052877295999999924e-03 1.064029592999999989e-03 4.460783658000000255e-04 1.129180858000000068e-03 1.071426337000000060e-03 1.033919400000000034e-03 1.059952161000000080e-03 1.050539818000000057e-03 1.049113179000000107e-03 1.042197561000000059e-03 1.016752376999999902e-03 1.034977520999999945e-03 1.033436906000000056e-03 1.039917528000000070e-03 1.042616782000000027e-03 1.073915488999999937e-03 1.064852065999999983e-03 1.033791170000000021e-03 1.053223519999999924e-03 1.058793488999999928e-03 1.031410243000000079e-03 1.013747752999999982e-03 1.032520958999999950e-03 1.079644963000000102e-03 1.038021077999999988e-03 1.085282664000000079e-03 1.038076433999999973e-03 1.075050520000000011e-03 1.058920021999999999e-03 1.039740048999999956e-03 1.074049513999999995e-03 1.069914646999999951e-03 1.034051607999999980e-03 1.072318530000000106e-03 1.030962235999999992e-03 1.101833022000000108e-03 1.111214269999999914e-03 1.084077593999999926e-03 1.059684023000000098e-03 1.079072161999999934e-03 1.088468665999999929e-03 1.501447267999999951e-03 1.504750358000000099e-03 1.500864256000000035e-03 1.555470336999999941e-03 1.548743238999999907e-03 1.467949430000000093e-03 1.498650105000000040e-03 1.515291454999999907e-03 1.533254996000000094e-03 1.547043591999999919e-03 1.510601256999999928e-03 1.503742685000000051e-03 1.477478304000000037e-03 1.528231355999999999e-03 1.560674663999999908e-03 1.503778264999999911e-03 1.504275264000000042e-03 1.506023583000000053e-03 1.522227499000000086e-03 1.501497819000000055e-03 1.588037438000000027e-03 1.531534550999999944e-03 1.443641902999999926e-03 1.472934551999999925e-03 1.968753992000000109e-03 1.981096964999999946e-03 1.565271085999999897e-03 1.498960407000000028e-03 1.501982290999999935e-03 1.519828566000000101e-03 1.561120381000000038e-03 1.500342393999999939e-03 1.057992618999999915e-03 1.035300814000000066e-03 1.052629438000000006e-03 1.037824115000000099e-03 1.051167103000000009e-03 1.072400664999999991e-03 1.040324230999999967e-03 1.084190303999999936e-03 1.368551717999999919e-03 1.085575348999999988e-03 1.085049875000000013e-03 1.070174105999999918e-03 1.048357984999999945e-03 1.058497938999999975e-03 1.086105149000000025e-03 1.074177849000000021e-03 1.048020748000000031e-03 1.068591281999999986e-03 1.076670443000000022e-03 1.049814644000000071e-03 1.004529009000000063e-03 1.065477348999999910e-03 1.069354728999999914e-03 1.008380748999999953e-03 1.090129196000000095e-03 1.065318610999999938e-03 1.063329279999999976e-03 1.100303139000000053e-03 1.056540853999999967e-03 1.062870253999999900e-03 1.034749509000000090e-03 1.072163755999999907e-03 1.027157571999999996e-03 1.055641118999999916e-03 1.033724641000000012e-03 1.065948317999999969e-03 1.037168708999999973e-03 1.019052964999999939e-03 1.063949072999999940e-03 1.059294084999999998e-03 1.030475782000000009e-03 1.045350829999999948e-03 1.046406850000000015e-03 1.064374721000000031e-03 1.060703982000000059e-03 1.050156320000000029e-03 1.057898464999999918e-03 1.008701347999999996e-03
1.063770089999999981e-03 1.005221736000000031e-03 1.035870973999999944e-03 1.095008029000000063e-03 1.061293877000000010e-03 1.088249773000000064e-03 1.045677286000000006e-03 1.089420882999999956e-03 1.072619151999999959e-03 1.129180858000000068e-03 4.497699283000000030e-04 1.098879014000000032e-03 1.068079647000000007e-03 1.048996036000000029e-03 1.048567871000000021e-03 1.076114095000000031e-03 1.055415056000000079e-03 1.062650507999999975e-03 1.063941202999999945e-03 1.067073357000000071e-03 1.059249416000000027e-03 1.095607402000000090e-03 1.065358559999999904e-03 1.047783923000000046e-03 1.043574113999999999e-03 1.052635617000000036e-03 1.012308509000000092e-03 1.016920421999999982e-03 1.035329875999999949e-03 1.058446743000000063e-03 1.085614980999999920e-03 1.019871789999999981e-03 1.087666469000000014e-03 1.056322469000000024e-03 1.033160180999999908e-03 1.040883314000000089e-03 1.101123420999999911e-03 1.084184827999999916e-03 1.075005880999999920e-03 1.042616964999999946e-03 1.103864192000000074e-03 1.059954253999999957e-03 1.083273128999999967e-03 1.046330767000000017e-03 1.084530769999999958e-03 1.080983872999999968e-03 1.050046440999999981e-03 1.043593710999999973e-03 1.502372049000000103e-03 1.559121445000000074e-03 1.553501033999999965e-03 1.569648380000000093e-03 1.569071387999999975e-03 1.491014538999999939e-03 1.530929768000000067e-03 1.556665666999999982e-03 1.559853421999999983e-03 1.569879467000000021e-03 1.503460702000000097e-03 1.483562215999999906e-03 1.561571909999999929e-03 1.512433540000000104e-03 1.491235666999999980e-03 1.578098589000000032e-03 1.529829580999999975e-03 1.506464445000000067e-03 1.567034149999999969e-03 1.550075869999999927e-03 1.555885260999999948e-03 1.532672774000000057e-03 1.516993349000000024e-03 1.543277053000000022e-03 1.523313315999999919e-03 1.972198764000000076e-03 1.886382126999999959e-03 1.556158228999999929e-03 1.569234499000000038e-03 1.498986993000000047e-03 1.558874688000000093e-03 1.620060269999999995e-03 1.091416079999999898e-03 1.060907315000000082e-03 1.106030116000000004e-03 1.085592051000000037e-03 1.085707217999999988e-03 1.094351095999999968e-03 1.050365352000000047e-03 1.052775393000000099e-03 1.097556040000000023e-03 1.344421429999999957e-03 1.120264678000000048e-03 1.046050783000000099e-03 1.042433428999999965e-03 1.042614242999999980e-03 1.092473170000000026e-03 1.024538263999999997e-03 1.067692845999999949e-03 1.022035319999999936e-03 1.031628622000000045e-03 1.056814760000000103e-03 1.069780280999999954e-03 1.025391854999999899e-03 1.033263802000000025e-03 1.005442900999999924e-03 1.055798561000000080e-03 1.047133356000000100e-03 1.054834529999999987e-03 1.073274886000000075e-03 1.049016299999999940e-03 1.055997990000000089e-03 1.031631377000000096e-03 1.054947516999999975e-03 1.046137586999999975e-03 1.029523303999999939e-03 1.085589611000000029e-03 1.122723902000000032e-03 1.032655961000000008e-03 1.031982737999999952e-03 1.050340237000000005e-03 1.078139688999999943e-03 1.041738273999999942e-03 1.078819596999999958e-03 1.042610059999999998e-03 1.047730726000000107e-03 1.051627718000000024e-03 1.057917555999999962e-03 1.076116448999999949e-03 1.019978474999999997e-03
1.043431350999999944e-03 1.039982503999999997e-03 1.077408562000000108e-03 1.070059025000000058e-03 1.091169382999999894e-03 1.053071310000000104e-03 1.052601055000000011e-03 1.054150427000000037e-03 1.071246953999999965e-03 1.071426337000000060e-03 1.098879014000000032e-03 4.616646963999999800e-04 1.082499687000000078e-03 1.069911111999999982e-03 1.050485572999999969e-03 1.055941341000000066e-03 1.046510985000000029e-03 9.955807739999999757e-04 1.037135776999999941e-03 1.036809603000000057e-03 1.041658367000000045e-03 1.070062667000000033e-03 1.046461989000000000e-03 1.065182612999999957e-03 1.039160651999999907e-03 1.020587573999999975e-03 1.058983991000000046e-03 1.068523853000000103e-03 1.018446076000000021e-03 1.020183035000000104e-03 1.058312574999999926e-03 1.073837374000000035e-03 1.093968015000000007e-03 1.070991708000000077e-03 1.042320275999999990e-03 1.083291823000000079e-03 1.065369173999999993e-03 1.032578341000000080e-03 1.039890179000000064e-03 1.087219653999999935e-03 1.101042824999999949e-03 1.074449058000000092e-03 1.058836161000000073e-03 1.053974327000000051e-03 1.077345028000000057e-03 1.097977372000000012e-03 1.081912395999999913e-03 1.057086950999999936e-03 1.475093510999999930e-03 1.485151811000000105e-03 1.527547150000000027e-03 1.550256130999999983e-03 1.538126023000000028e-03 1.472890217999999916e-03 1.494317574000000089e-03 1.494123302000000073e-03 1.490924476000000075e-03 1.479176599000000007e-03 1.469675007999999899e-03 1.509327391999999929e-03 1.549587614999999984e-03 1.589511011000000005e-03 1.554625331999999992e-03 1.547716742000000050e-03 1.487469547999999923e-03 1.520213204999999908e-03 1.521515404000000097e-03 1.512968525000000022e-03 1.592993885999999942e-03 1.519328106999999917e-03 1.541621214999999972e-03 1.556752878999999963e-03 1.528458296000000018e-03 1.535402942000000086e-03 1.999590716000000049e-03 1.970607508999999789e-03 1.478260641999999941e-03 1.493373116000000066e-03 1.509030467000000049e-03 1.527681036999999986e-03 1.068422997999999994e-03 1.031411431000000102e-03 1.058946064000000024e-03 1.032535758000000014e-03 1.050541321999999902e-03 1.068046059999999990e-03 1.050511415999999922e-03 1.085740802000000017e-03 1.078908904000000024e-03 1.130073280000000067e-03 1.352000372999999931e-03 1.050647658000000012e-03 1.049814242999999939e-03 1.039803280999999913e-03 1.056917279000000069e-03 1.086561338999999940e-03 1.022073541000000085e-03 1.045978141000000012e-03 1.026512121999999987e-03 1.053766897999999915e-03 1.040073621999999982e-03 1.047013883000000008e-03 1.035210228999999902e-03 1.047202573999999990e-03 1.092258522999999893e-03 1.049076626000000016e-03 1.069283117000000049e-03 1.078463605999999955e-03 1.076635585000000096e-03 1.077899111999999987e-03 1.053213590999999916e-03 1.036044973000000086e-03 1.030024095000000098e-03 1.014085403999999977e-03 1.028269832999999982e-03 1.052191923000000062e-03 1.051599104000000085e-03 1.046658213000000023e-03 1.044904696999999962e-03 1.042851982000000000e-03 1.025751125000000027e-03 1.040805646999999915e-03 1.013120321999999964e-03 1.048633961000000050e-03 1.065484622999999902e-03 1.086180513000000077e-03 1.065787808999999918e-03 1.017120090999999900e-03
