# <Sz_i Sz_j >
7.819816291000000197e-01 -1.005487640999999932e-01 -1.074833027999999926e-02 6.307064537000000269e-03 -2.681902383000000101e-03 -1.324052390000000079e-01
-1.005487640999999932e-01 7.747789210000000093e-01 -9.870966431000000041e-02 4.396856662999999721e-02 1.874526384000000170e-02 -9.104037800999999555e-03
-1.074833027999999926e-02 -9.870966431000000041e-02 7.798699502000000505e-01 -1.289308321000000035e-01 -2.354273534000000077e-03 4.380479742000000236e-04
6.307064537000000269e-03 4.396856662999999721e-02 -1.289308321000000035e-01 7.722910719000000146e-01 -1.182552456999999974e-01 -5.810155840000000120e-03
-2.681902383000000101e-03 1.874526384000000170e-02 -2.354273534000000077e-03 -1.182552456999999974e-01 7.787711088000000004e-01 -1.006731352999999940e-01
-1.324052390000000079e-01 -9.104037800999999555e-03 4.380479742000000236e-04 -5.810155840000000120e-03 -1.006731352999999940e-01 7.748158021000000062e-01
