# d int_0^beta dt <Sx_i (t) Sx_j (0) >
6.639971208000000047e+01 4.586470538999999902e-01 1.692252381999999888e-01 2.534075633999999938e-02 1.185321233999999946e-01 4.115217529999999901e-01
4.586470538999999902e-01 8.448680584000000238e+01 2.806481149999999758e-01 1.773896449000000042e-01 2.312937010999999848e-02 1.179710075000000025e-01
1.692252381999999888e-01 2.806481149999999758e-01 7.655502332999999737e+01 4.222976146999999902e-01 1.296214045000000092e-01 1.916129365999999848e-02
2.534075633999999938e-02 1.773896449000000042e-01 4.222976146999999902e-01 7.833183486000000073e+01 3.899884376000000152e-01 1.686973994000000032e-01
1.185321233999999946e-01 2.312937010999999848e-02 1.296214045000000092e-01 3.899884376000000152e-01 7.076144965000000298e+01 8.114169101000000550e-01
4.115217529999999901e-01 1.179710075000000025e-01 1.916129365999999848e-02 1.686973994000000032e-01 8.114169101000000550e-01 6.485787817000000643e+01
