# d<Sz_i Sz_j >
8.485740761000000508e-04 4.215893909999999904e-03 3.899159290999999836e-03 3.902569563000000182e-03 3.883905916999999802e-03 4.194369170000000063e-03
4.215893909999999904e-03 8.460622143999999966e-04 4.225122399000000133e-03 3.895585497000000202e-03 3.886166909000000197e-03 3.915486039000000418e-03
3.899159290999999836e-03 4.225122399000000133e-03 8.453630643999999984e-04 4.213231799999999846e-03 3.879476696000000013e-03 3.912896695000000168e-03
3.902569563000000182e-03 3.895585497000000202e-03 4.213231799999999846e-03 8.400478309999999480e-04 4.211730208000000371e-03 3.905658456000000132e-03
3.883905916999999802e-03 3.886166909000000197e-03 3.879476696000000013e-03 4.211730208000000371e-03 8.428665648000000128e-04 4.235782658000000409e-03
4.194369170000000063e-03 3.915486039000000418e-03 3.912896695000000168e-03 3.905658456000000132e-03 4.235782658000000409e-03 8.447619356999999836e-04
