# <Sz_i Sz_j >
7.780635716999999563e-01 -1.076618468000000023e-01 9.215301971999999980e-03 -3.365243298000000186e-04 7.047192378000000090e-03 -1.197245376999999944e-01
-1.076618468000000023e-01 7.787369631999999653e-01 -1.132020737999999971e-01 1.505851909999999941e-03 3.968472586999999838e-04 8.459101429000000574e-03
9.215301971999999980e-03 -1.132020737999999971e-01 7.792726689000000206e-01 -1.088845707999999968e-01 4.084942630000000345e-03 -1.307543743000000053e-03
-3.365243298000000186e-04 1.505851909999999941e-03 -1.088845707999999968e-01 7.794700136000000112e-01 -1.107945152999999933e-01 2.879050705999999966e-03
7.047192378000000090e-03 3.968472586999999838e-04 4.084942630000000345e-03 -1.107945152999999933e-01 7.789689162999999805e-01 -1.058488275000000062e-01
-1.197245376999999944e-01 8.459101429000000574e-03 -1.307543743000000053e-03 2.879050705999999966e-03 -1.058488275000000062e-01 7.798746555000000136e-01
