 Effective number of bins, and bins:           29          31

OBS :    1      -21.102020      0.004225

OBS :    2        1.000000      0.000000
