 Effective number of bins, and bins:           29          31

OBS :    1        7.178687      0.097808

OBS :    2        1.000000      0.000000
