# d<Sz_i Sz_j >
1.795850818000000078e-03 8.789713702999999573e-03 7.998472975000000401e-03 7.878516728999999594e-03 7.884666056000000020e-03 8.023017578000000635e-03 7.987501544999999273e-03 8.853299934000000843e-03 8.769169074000000841e-03 7.647350358999999674e-03 7.954933130999999880e-03 7.811045949999999641e-03 8.027749917999999624e-03 7.752541477000000208e-03 8.139474073000000851e-03 8.014850433999999579e-03 7.903151675999999654e-03 8.132143377000000325e-03 8.131171419999999594e-03 7.956266268999999391e-03 8.040191271000000570e-03 8.123492657999999492e-03 7.935338327000000108e-03 8.046002345999999500e-03 7.597187465999999910e-03 7.910414402000000289e-03 8.274503803999999282e-03 7.970900339999999890e-03 8.069953385000000132e-03 7.897422559000000231e-03 8.136233060999999850e-03 8.119757825999999318e-03 8.041941742000000004e-03 7.993160844999999681e-03 8.101731140000000345e-03 7.842286683999999397e-03 7.966811974999999865e-03 8.084896668000000203e-03 7.920643788000000102e-03 7.924411843000000663e-03 8.397990932000000755e-03 8.117017981000000659e-03 8.099957600999999410e-03 8.131961768999999146e-03 7.804299219999999773e-03 8.013801859000000555e-03 7.962174596000000035e-03 8.046513187999999178e-03 8.298494458000000781e-03 8.286186213999999217e-03 7.938477157999999576e-03 7.926813775999999936e-03 7.885776980000000144e-03 8.094163814000000789e-03 7.731905156999999661e-03 8.071096939999999539e-03 8.670700926000000572e-03 7.474654419999999903e-03 7.794961278000000181e-03 8.052266884999999264e-03 7.917457843999999370e-03 8.056594223000000665e-03 7.976994028999999722e-03 7.798839929999999872e-03
8.789713702999999573e-03 1.808469081999999938e-03 8.699266448000000582e-03 8.135207763000000189e-03 7.918180437000000779e-03 8.033933550000000451e-03 8.102649967999999564e-03 8.251166810000000115e-03 7.712592633999999954e-03 8.850785600999999669e-03 7.805056894000000217e-03 7.897972108999999630e-03 8.163900422999999587e-03 7.855007085000000749e-03 8.139099683999999335e-03 8.461123718999999377e-03 8.271222491999999718e-03 8.317206666999999234e-03 8.109861187000000013e-03 7.790358453000000190e-03 7.926811806000000002e-03 8.185138191000000327e-03 8.076542387999999240e-03 8.055164094999999261e-03 7.880782385000000001e-03 7.986354196000000280e-03 8.193316816999999738e-03 8.083055416000000520e-03 8.170149625999999915e-03 7.984004286999999561e-03 8.170393007999999721e-03 7.997261243000000630e-03 7.974586166999999420e-03 7.978311284999999378e-03 8.112631416000000428e-03 7.892234552999999667e-03 7.971096068000000159e-03 8.054428339999999270e-03 8.076545477999999903e-03 7.919490213999999528e-03 8.194049639999999302e-03 8.167520221999999275e-03 8.244662224999999359e-03 8.067404676999999705e-03 7.815559846000000657e-03 8.096842615999999201e-03 8.022821831999999570e-03 8.148855922999999335e-03 8.273928167000000472e-03 8.342158396999999406e-03 8.216629624000000576e-03 7.921578840000000413e-03 7.947707015999999972e-03 8.214997071999999637e-03 7.914677510999999430e-03 7.998857756000000291e-03 7.610230489000000161e-03 8.572689712000000281e-03 7.457765804000000137e-03 8.316037899999999955e-03 7.977887459000000681e-03 8.090385313999999897e-03 8.035331737000000682e-03 8.153625520000000806e-03
7.998472975000000401e-03 8.699266448000000582e-03 1.807177954999999959e-03 8.701216818000000533e-03 8.056818743000000380e-03 8.066663797000000677e-03 8.158765275000000317e-03 8.166954844000000671e-03 8.158731400999999495e-03 7.750298679000000406e-03 8.901523906000000444e-03 7.693985712000000164e-03 8.093818355999999464e-03 7.882691885999999759e-03 8.080911346999999564e-03 8.317547205999999832e-03 7.908539286000000612e-03 8.018922216000000380e-03 8.041364699000000740e-03 7.936363603000000724e-03 7.840266188999999927e-03 8.013429137000000618e-03 7.832750948999999546e-03 7.938070814999999975e-03 7.906967289000000135e-03 8.012938311000000757e-03 8.069645695999999244e-03 7.995664004999999963e-03 8.154273950999999312e-03 8.038529908000000695e-03 8.036655515999999860e-03 8.150002744000000438e-03 7.940131657000000856e-03 7.966823684000000350e-03 7.940907949999999327e-03 7.884106324999999235e-03 8.145637214000000723e-03 8.068390560999999864e-03 7.919365391999999559e-03 7.829647106000000786e-03 8.161854795999999926e-03 8.087877142000000560e-03 8.184902125999999473e-03 7.977218306999999536e-03 7.889113855999999730e-03 8.089976239999999499e-03 8.053669431999999420e-03 7.985953490999999835e-03 8.163937604999999334e-03 8.060384159999999659e-03 8.090306005000000647e-03 7.932432110000000106e-03 7.933150227000000318e-03 8.189902782000000117e-03 7.699782807999999874e-03 7.907238828000000622e-03 7.975786286000000058e-03 7.396292839000000174e-03 8.577290673000000781e-03 7.599779866999999654e-03 7.982002048000000002e-03 7.981608058000000047e-03 8.129460738999999894e-03 8.067622781000000770e-03
7.878516728999999594e-03 8.135207763000000189e-03 8.701216818000000533e-03 1.782854154999999980e-03 9.007992722999999535e-03 8.208983300000000094e-03 8.140604431000000515e-03 8.091218456000000628e-03 8.067926838000000558e-03 7.888390426999999927e-03 7.567469729000000402e-03 8.765609308999999794e-03 7.609789298999999722e-03 8.006871210000000502e-03 8.018408617999999571e-03 8.298720679999999766e-03 7.999017610000000791e-03 8.062539974999999651e-03 8.018988317000000365e-03 8.044984854000000740e-03 7.875264539999999452e-03 8.135641564000000228e-03 8.042691713000000436e-03 7.899439907999999261e-03 8.055898677000000035e-03 8.031191995999999514e-03 8.268223897000000211e-03 8.067527377000000346e-03 8.073629203999999754e-03 7.987003646999999915e-03 7.979881515000000411e-03 7.998390856999999798e-03 8.020579735000000002e-03 7.962524747000000389e-03 8.043964752999999829e-03 8.039239475999999940e-03 7.966755035000000137e-03 8.061365091000000094e-03 7.864881000000000649e-03 7.893677991999999491e-03 8.291003333999999447e-03 8.129921377000000685e-03 8.245819720000000311e-03 8.067774126000000143e-03 7.770121924000000270e-03 8.214929023000000496e-03 7.918033768000000069e-03 8.062203570999999444e-03 8.467560153999999228e-03 8.077317891000000000e-03 8.109564479000000783e-03 7.958840537000000034e-03 7.903425957000000460e-03 8.206056903999999624e-03 7.730074806000000222e-03 7.832739340000000397e-03 8.078383431999999753e-03 7.941487409999999775e-03 7.551148496999999897e-03 8.870670767000000609e-03 7.795958296999999648e-03 8.238101147000000124e-03 8.060490564999999927e-03 8.089587699999999451e-03
7.884666056000000020e-03 7.918180437000000779e-03 8.056818743000000380e-03 9.007992722999999535e-03 1.908997752999999978e-03 8.901833125999999985e-03 8.011658195000000149e-03 8.200191653000000330e-03 7.868761469000000452e-03 7.821653838000000580e-03 7.860906223999999942e-03 7.698891111999999794e-03 9.021545522999999817e-03 7.688062841000000390e-03 7.904462778000000481e-03 8.194722058000000406e-03 7.862342955000000549e-03 8.002815009000000326e-03 8.051089880000000809e-03 8.050863692000000821e-03 8.015959576999999447e-03 8.036893135000000576e-03 7.957140931000000750e-03 7.906161038000000807e-03 8.050519350000000240e-03 7.960222572999999316e-03 8.086275569000000302e-03 8.107587136999999319e-03 8.113189111000000675e-03 7.904146102999999937e-03 8.014296262000000434e-03 8.088897256000000119e-03 8.023423424000000054e-03 7.984722931000000704e-03 7.801514685999999706e-03 7.926023265000000165e-03 8.050427525000000695e-03 8.099660042999999240e-03 7.933324036000000135e-03 7.866867766999999581e-03 8.079553418000000667e-03 8.133082814999999591e-03 8.219453018000000624e-03 8.161011770999999221e-03 7.784333424999999654e-03 7.899402430000000697e-03 8.022783565000000255e-03 7.942350015000000304e-03 8.156635209000000220e-03 8.253131690000000201e-03 8.258189531000000028e-03 8.157351694000000014e-03 8.039232089000000400e-03 8.152396689000000404e-03 7.798926329999999844e-03 7.901078520000000271e-03 8.001895897000000507e-03 7.838819660999999869e-03 7.995906521000000627e-03 7.831176473999999429e-03 8.841318526999999983e-03 7.697656942000000342e-03 7.947875119999999599e-03 8.120713429000000344e-03
8.023017578000000635e-03 8.033933550000000451e-03 8.066663797000000677e-03 8.208983300000000094e-03 8.901833125999999985e-03 1.862552423000000002e-03 8.927775630000000726e-03 8.180418938000000653e-03 7.890762822000000135e-03 8.034017355000000818e-03 7.947288699000000511e-03 8.002866597999999318e-03 7.774728594000000076e-03 8.877935308999999192e-03 7.826073588000000483e-03 8.332695197999999415e-03 8.068984382999999302e-03 8.125622711999999637e-03 8.046716149000000470e-03 8.044268409999999481e-03 8.098918572999999968e-03 8.209320076000000549e-03 8.037785323000000426e-03 7.937873931000000854e-03 7.937289032000000022e-03 7.979919049999999181e-03 8.151841458000000720e-03 8.031343905000000102e-03 8.054654556999999576e-03 8.029775746000000769e-03 7.979948291000000735e-03 8.063077244999999546e-03 7.986862012000000774e-03 8.050230995999999722e-03 7.885624719999999657e-03 7.832964479999999369e-03 8.030032109999999876e-03 8.088797312000000489e-03 7.943591733999999516e-03 7.956718365000000487e-03 8.017243368999999245e-03 8.214172227999999576e-03 8.147760106000000863e-03 8.142500738000000085e-03 7.886016605000000651e-03 7.982209217000000093e-03 8.092788759000000068e-03 8.000994258999999387e-03 8.313657191999999571e-03 8.174788295999999357e-03 8.091561505999999432e-03 8.045821512999999994e-03 8.156521567000000680e-03 8.215360547999999222e-03 7.743500631999999592e-03 7.963786957999999250e-03 8.016430374000000844e-03 8.058300273000000222e-03 7.975059161999999841e-03 8.171519874999999891e-03 7.851337197999999976e-03 8.940916405999999386e-03 7.806762424000000117e-03 8.209342579000000403e-03
7.987501544999999273e-03 8.102649967999999564e-03 8.158765275000000317e-03 8.140604431000000515e-03 8.011658195000000149e-03 8.927775630000000726e-03 1.817526501000000030e-03 8.989163192999999330e-03 8.132088714999999302e-03 7.954158678999999690e-03 7.982090518999999940e-03 8.092896917999999398e-03 8.280653447000000181e-03 7.559938708999999757e-03 8.841085303000000353e-03 8.111699852000000058e-03 8.193094988999999675e-03 7.985467838000000554e-03 8.015661414999999956e-03 8.021933386999999943e-03 8.048731252999999364e-03 8.166931486999999892e-03 8.237113471000000187e-03 8.093242458999999958e-03 8.116281661000000758e-03 7.941656167999999391e-03 8.199868743000000848e-03 8.073667701000000751e-03 8.163197336999999595e-03 8.031940702999999793e-03 8.107348756999999476e-03 7.988885334999999352e-03 8.149406794999999523e-03 8.025147376000000068e-03 7.964275733000000801e-03 8.003471834000000854e-03 8.096794072999999314e-03 8.249018849000000833e-03 8.109359045000000266e-03 8.109322191999999638e-03 8.034835304999999803e-03 8.273484007000000626e-03 8.210861006000000697e-03 8.150694223000000405e-03 8.106186805000000287e-03 8.102555193000000530e-03 8.021166899999999586e-03 8.168775246999999962e-03 8.252357502000000691e-03 8.334425755999999921e-03 8.293653720000000382e-03 8.031168019999999907e-03 8.053663340999999906e-03 8.289889840000000051e-03 7.852994465000000604e-03 8.222002048000000632e-03 8.190232166999999314e-03 8.019406104999999771e-03 7.980866132000000862e-03 8.342866758999999133e-03 8.072344258000000231e-03 7.815963106999999563e-03 8.868519090000000563e-03 7.812030408999999856e-03
8.853299934000000843e-03 8.251166810000000115e-03 8.166954844000000671e-03 8.091218456000000628e-03 8.200191653000000330e-03 8.180418938000000653e-03 8.989163192999999330e-03 1.890055846999999945e-03 7.803742235000000159e-03 8.319582820999999601e-03 7.897065938999999271e-03 7.980485150999999666e-03 8.101941882000000469e-03 8.069034484999999465e-03 7.905237650000000726e-03 9.224654359000000400e-03 8.080620539999999741e-03 8.143569826000000844e-03 8.080160742000000798e-03 8.173780069000000439e-03 8.116285666999999496e-03 8.309957574000000069e-03 8.190529546000000632e-03 8.064920643000000194e-03 7.943924903999999634e-03 7.960558086000000047e-03 8.217698122999999785e-03 7.967706260999999138e-03 8.112131369000000550e-03 8.086797002000000595e-03 8.226689065000000745e-03 8.087149599999999411e-03 8.156729894999999175e-03 8.009420524999999805e-03 8.137771888000000162e-03 7.907202227999999417e-03 8.190749622000000757e-03 8.232790412000000335e-03 8.102284871000000818e-03 8.169486565000000020e-03 8.453982126999999569e-03 8.325433592999999938e-03 8.213849005999999606e-03 8.055084635999999743e-03 8.030093679000000623e-03 8.137514357999999642e-03 8.126514859999999646e-03 8.280083371000000400e-03 8.576876253000000061e-03 8.280318025000000387e-03 8.227993088000000801e-03 8.046385070000000236e-03 8.076633306999999803e-03 8.121262431000000198e-03 7.925113661000000517e-03 8.269790407999999191e-03 7.715341225999999657e-03 7.876689770000000479e-03 8.039633247999999899e-03 8.235213502000000504e-03 8.206770134000000716e-03 8.255476249999999308e-03 7.926512312000000629e-03 8.948681070000000584e-03
8.769169074000000841e-03 7.712592633999999954e-03 8.158731400999999495e-03 8.067926838000000558e-03 7.868761469000000452e-03 7.890762822000000135e-03 8.132088714999999302e-03 7.803742235000000159e-03 1.782220757999999948e-03 8.729522506000000556e-03 7.955911245000000728e-03 7.769569589000000290e-03 7.947369154999999949e-03 7.941400823999999678e-03 8.178029980999999837e-03 9.178727923000000455e-03 8.905883968999999886e-03 7.622426857000000333e-03 7.968067797999999965e-03 7.789123501999999956e-03 8.078590309999999705e-03 8.106686344999999155e-03 8.021687878000000396e-03 7.695028397999999735e-03 7.936722223999999326e-03 7.942858926999999888e-03 8.030556911999999284e-03 7.742152547999999954e-03 7.913012856999999262e-03 7.958805573999999661e-03 8.031901322999999288e-03 8.171129269000000292e-03 7.953655423000000058e-03 7.827624414999999683e-03 7.871096505999999882e-03 7.789834903999999678e-03 7.909871610000000774e-03 7.950989643999999482e-03 7.814779767999999530e-03 7.961146409999999771e-03 8.238211626000000593e-03 8.046354349999999822e-03 8.114279643999999445e-03 8.068444270999999487e-03 7.731262768999999993e-03 8.002936856999999168e-03 7.794384916999999927e-03 8.009918370999999371e-03 8.264384964999999666e-03 8.069087630999999608e-03 8.119246987999999624e-03 7.897877715999999937e-03 7.812069014000000422e-03 8.020482735999999446e-03 7.794127710999999847e-03 8.063330149000000335e-03 7.947052444999999979e-03 7.882141661000000021e-03 7.791714683000000238e-03 7.928929156999999298e-03 8.034237120999999579e-03 7.914555353999999654e-03 7.912894938999999461e-03 8.048251291999999890e-03
7.647350358999999674e-03 8.850785600999999669e-03 7.750298679000000406e-03 7.888390426999999927e-03 7.821653838000000580e-03 8.034017355000000818e-03 7.954158678999999690e-03 8.319582820999999601e-03 8.729522506000000556e-03 1.748209516000000024e-03 8.771997292000000696e-03 7.916334076000000261e-03 8.095565223999999852e-03 7.992831391000000327e-03 8.001862514000000759e-03 8.450971422000000746e-03 7.725725915999999936e-03 9.076564861999999664e-03 7.777828504000000240e-03 8.015022210000000147e-03 7.948824861999999325e-03 8.144821526999999201e-03 7.879838272000000768e-03 8.108186656999999409e-03 8.014855394999999272e-03 7.932631045999999700e-03 8.268748404999999926e-03 8.037168087000000002e-03 7.937196828999999385e-03 8.031309010999999887e-03 8.041772883000000358e-03 8.130733524999999434e-03 8.026537882999999762e-03 7.918359352000000143e-03 7.947787855999999609e-03 7.987492929000000741e-03 8.044615278999999938e-03 8.083103298999999575e-03 7.889147508999999267e-03 8.032141596000000675e-03 8.135838581999999680e-03 8.135510143999999735e-03 8.262561632000000808e-03 8.025250370000000522e-03 7.857546571000000729e-03 7.941855891999999306e-03 7.878146407999999171e-03 8.077827661000000492e-03 8.046996338000000221e-03 8.201077721000000348e-03 8.196054455000000710e-03 8.164438305999999201e-03 8.045514587000000828e-03 8.077930175999999823e-03 7.738250634000000405e-03 7.895905356000000250e-03 7.892251147000000147e-03 7.883073294999999245e-03 7.937792105000000820e-03 7.930568055000000033e-03 8.128861851000000749e-03 8.089393549000000253e-03 8.059424311000000854e-03 8.100138741999999420e-03
7.954933130999999880e-03 7.805056894000000217e-03 8.901523906000000444e-03 7.567469729000000402e-03 7.860906223999999942e-03 7.947288699000000511e-03 7.982090518999999940e-03 7.897065938999999271e-03 7.955911245000000728e-03 8.771997292000000696e-03 1.770939766999999991e-03 8.709520816000000318e-03 7.902183466999999559e-03 7.956204076999999833e-03 8.128397098999999917e-03 8.108457034000000202e-03 7.889969114000000561e-03 7.769646314999999887e-03 8.653603992999999231e-03 7.707889939000000037e-03 8.078839410000000082e-03 8.010351416999999391e-03 7.868004386000000683e-03 8.070691972999999644e-03 7.816120209000000651e-03 8.041472508000000602e-03 8.102859368999999409e-03 8.170576186999999393e-03 7.884080358999999774e-03 7.870388122999999805e-03 8.111635496000000473e-03 8.195861754000000055e-03 8.132869992000000409e-03 8.028973451999999941e-03 8.005416410000000538e-03 8.081579384000000393e-03 8.172999947999999917e-03 7.890418974000000182e-03 7.940517427999999392e-03 7.986789305000000297e-03 8.099333764999999338e-03 8.111630869000000313e-03 8.177217517999999311e-03 8.074492729000000077e-03 7.839848498999999263e-03 7.955956000000000139e-03 8.006489218000000310e-03 8.123198305999999522e-03 8.180401610999999198e-03 8.234160158999999715e-03 8.228784058000000040e-03 7.999916423000000623e-03 8.001293479000000722e-03 8.167692464999999277e-03 7.875533432000000542e-03 8.128159821000000007e-03 7.929115622999999280e-03 7.777133260999999700e-03 7.936089097000000384e-03 7.938657409000000539e-03 7.944957966999999927e-03 8.109469746999999409e-03 8.094849551000000282e-03 8.081817306999999895e-03
7.811045949999999641e-03 7.897972108999999630e-03 7.693985712000000164e-03 8.765609308999999794e-03 7.698891111999999794e-03 8.002866597999999318e-03 8.092896917999999398e-03 7.980485150999999666e-03 7.769569589000000290e-03 7.916334076000000261e-03 8.709520816000000318e-03 1.768010335999999939e-03 8.663306674999999429e-03 7.906631755000000789e-03 8.010394029000000859e-03 8.012547918999999436e-03 7.804880081000000261e-03 8.123278769000000232e-03 7.721162077999999852e-03 8.779263065999999560e-03 7.540277506000000324e-03 7.961949926000000052e-03 7.898532373000000453e-03 7.840097542999999863e-03 7.889095022999999957e-03 7.878884609999999358e-03 8.168015299999999493e-03 7.975131665999999828e-03 7.931142073999999237e-03 7.831921457999999406e-03 8.024192016999999802e-03 8.012721698000000239e-03 7.918546401999999526e-03 7.887699761999999309e-03 8.033198014999999581e-03 7.926783212000000634e-03 7.939245447999999233e-03 7.975123893999999658e-03 7.769923318000000224e-03 7.816921953999999770e-03 8.048139129999999641e-03 8.036050153999999696e-03 8.064607902000000411e-03 7.869365686999999984e-03 7.702389096999999636e-03 8.019639325999999846e-03 8.109328031000000159e-03 7.971766887999999843e-03 8.148286116999999343e-03 8.100078087999999787e-03 7.865214338000000097e-03 7.882188372000000290e-03 7.902696885999999782e-03 8.033967292000000066e-03 7.697014678000000179e-03 7.868832457999999988e-03 7.930101925000000371e-03 7.796406026000000412e-03 7.682074040999999943e-03 7.943628992999999389e-03 7.799511809000000094e-03 7.819252057999999395e-03 7.731473699999999796e-03 7.891137782000000669e-03
8.027749917999999624e-03 8.163900422999999587e-03 8.093818355999999464e-03 7.609789298999999722e-03 9.021545522999999817e-03 7.774728594000000076e-03 8.280653447000000181e-03 8.101941882000000469e-03 7.947369154999999949e-03 8.095565223999999852e-03 7.902183466999999559e-03 8.663306674999999429e-03 1.800250356000000079e-03 8.739040998000000351e-03 8.152977520000000144e-03 8.186248737999999789e-03 7.943260922999999946e-03 8.147621673000000203e-03 8.058024252999999859e-03 7.689188611999999735e-03 8.736073582999999421e-03 7.826699002000000321e-03 8.036091251999999407e-03 7.915953042999999273e-03 7.909057016000000523e-03 7.830634229999999460e-03 8.058560919000000433e-03 8.161852049999999623e-03 8.001221390000000377e-03 7.992187721000000578e-03 7.950203552000000701e-03 8.103886698999999624e-03 7.958278557000000863e-03 7.926516235000000132e-03 8.028339081999999460e-03 7.929999277999999832e-03 8.017754262000000021e-03 8.079947263999999463e-03 7.974119808000000240e-03 8.102386160999999407e-03 8.062877826999999276e-03 8.202233503000000772e-03 8.086555536000000072e-03 7.991159016999999781e-03 7.900469212999999824e-03 8.021078642999999661e-03 8.028874775000000019e-03 7.972566902999999802e-03 8.135851381000000146e-03 8.376668025000000642e-03 8.253036490000000697e-03 7.890583236000000417e-03 8.051833324000000000e-03 8.038019647000000864e-03 7.882983447999999602e-03 7.937010700000000224e-03 8.012318605000000662e-03 7.769820053000000420e-03 7.797655013999999635e-03 8.043887510000000129e-03 8.134001067999999807e-03 8.080420539999999194e-03 7.902674638000000210e-03 8.081572373999999781e-03
7.752541477000000208e-03 7.855007085000000749e-03 7.882691885999999759e-03 8.006871210000000502e-03 7.688062841000000390e-03 8.877935308999999192e-03 7.559938708999999757e-03 8.069034484999999465e-03 7.941400823999999678e-03 7.992831391000000327e-03 7.956204076999999833e-03 7.906631755000000789e-03 8.739040998000000351e-03 1.868675309000000046e-03 8.877195714999999362e-03 8.171629357000000440e-03 7.869769743999999179e-03 7.821513983999999961e-03 8.039402427000000642e-03 8.204791092999999536e-03 7.597560260999999988e-03 8.839359991999999264e-03 7.653544844000000069e-03 7.888550805000000068e-03 7.829350626000000646e-03 7.933267468000000655e-03 7.939027790999999418e-03 7.936937255000000094e-03 7.926866745000000353e-03 8.082602189999999603e-03 7.798742830000000154e-03 8.038122947999999657e-03 7.846115982999999836e-03 7.895912484999999953e-03 7.944931460999999154e-03 7.811626735000000432e-03 7.936558806999999618e-03 7.926712807999999194e-03 7.795047282000000001e-03 8.071697879999999159e-03 8.042620594999999248e-03 8.017777873000000652e-03 8.110389593000000633e-03 7.928118132000000831e-03 7.762648498999999772e-03 7.976103840000000125e-03 7.984172717000000488e-03 8.036632122000000530e-03 8.116131718000000120e-03 7.889305076999999361e-03 7.968856866000000733e-03 7.701619415999999899e-03 7.916160624999999881e-03 7.890444337000000752e-03 7.760687175999999785e-03 7.762893754999999896e-03 7.934553831000000154e-03 7.827663130000000677e-03 8.021250728999999857e-03 7.913998799000000056e-03 7.991587127000000443e-03 7.834511489000000814e-03 7.836727894000000694e-03 7.914562365999999391e-03
8.139474073000000851e-03 8.139099683999999335e-03 8.080911346999999564e-03 8.018408617999999571e-03 7.904462778000000481e-03 7.826073588000000483e-03 8.841085303000000353e-03 7.905237650000000726e-03 8.178029980999999837e-03 8.001862514000000759e-03 8.128397098999999917e-03 8.010394029000000859e-03 8.152977520000000144e-03 8.877195714999999362e-03 1.851787738000000008e-03 9.090854707000000853e-03 8.282045078000000587e-03 8.165908864999999947e-03 8.289149655999999977e-03 8.107145779999999982e-03 8.125868847999999714e-03 7.819507293999999539e-03 8.997856304000000777e-03 7.770727994000000208e-03 7.930800914999999382e-03 8.088042386999999903e-03 8.108981862000000373e-03 8.148199105000000081e-03 8.082841477000000593e-03 8.120481667999999639e-03 8.218562734000000106e-03 8.321730358999999272e-03 8.071950185999999736e-03 8.065903843999999365e-03 7.974681767000000795e-03 7.918568533000000867e-03 8.180567982000000113e-03 8.090584011999999575e-03 8.042346808000000805e-03 8.174744810999999209e-03 8.208789006000000166e-03 8.165329822000000001e-03 8.319171724999999476e-03 8.290688362000000339e-03 7.965488333999999268e-03 8.104821201999999961e-03 8.112169153999999188e-03 8.283796020999999871e-03 8.323753164999999482e-03 8.143483139999999412e-03 8.231068536999999394e-03 8.100546287000000290e-03 8.081599448000000019e-03 8.091404870000000818e-03 7.815381535999999310e-03 8.121223634000000399e-03 8.017358505000000621e-03 7.906184333999999661e-03 7.988134440999999572e-03 8.214463762999999960e-03 8.032776655999999266e-03 8.118683297999999479e-03 8.307150333000000095e-03 8.333807747000000418e-03
8.014850433999999579e-03 8.461123718999999377e-03 8.317547205999999832e-03 8.298720679999999766e-03 8.194722058000000406e-03 8.332695197999999415e-03 8.111699852000000058e-03 9.224654359000000400e-03 9.178727923000000455e-03 8.450971422000000746e-03 8.108457034000000202e-03 8.012547918999999436e-03 8.186248737999999789e-03 8.171629357000000440e-03 9.090854707000000853e-03 1.901858885999999907e-03 8.072649840999999993e-03 8.546542626000000822e-03 8.417931029000000342e-03 8.311676154999999427e-03 8.315795795999999379e-03 8.567830965000000285e-03 7.975023842000000460e-03 8.880482949000000417e-03 8.283573755000000691e-03 8.220576549000000247e-03 8.354269150999999935e-03 8.147100012999999516e-03 8.237113577999999325e-03 8.212334042999999348e-03 8.565590927000000729e-03 8.397354291999999804e-03 8.330659412000000763e-03 8.299427764000000263e-03 8.305042275000000529e-03 8.250177839999999277e-03 8.561038618000000114e-03 8.362603471999999552e-03 8.302636941999999229e-03 8.185753287000000628e-03 8.551270269999999493e-03 8.556943783999999484e-03 8.630060663999999243e-03 8.299946015000000260e-03 8.161475653999999622e-03 8.178598751999999195e-03 8.290299088000000621e-03 8.357656781000000548e-03 8.697737243999999548e-03 8.513479545999999565e-03 8.411271244999999133e-03 8.212900134000000740e-03 8.284905207999999563e-03 8.241082640999999875e-03 8.115058523999999288e-03 8.244632965000000049e-03 8.384878481000000369e-03 8.091245013000000763e-03 8.242319737999999341e-03 8.236766187000000086e-03 8.238958613999999500e-03 8.181159215000000789e-03 8.422802241999999967e-03 8.419978320000000294e-03
7.903151675999999654e-03 8.271222491999999718e-03 7.908539286000000612e-03 7.999017610000000791e-03 7.862342955000000549e-03 8.068984382999999302e-03 8.193094988999999675e-03 8.080620539999999741e-03 8.905883968999999886e-03 7.725725915999999936e-03 7.889969114000000561e-03 7.804880081000000261e-03 7.943260922999999946e-03 7.869769743999999179e-03 8.282045078000000587e-03 8.072649840999999993e-03 1.855081577000000041e-03 8.798661364999999998e-03 8.037340441999999557e-03 7.868318710000000646e-03 8.016429153000000085e-03 8.123495220000000530e-03 8.069000834999999483e-03 8.762219001000000340e-03 8.832068934999999510e-03 7.660577755999999593e-03 8.158899549000000681e-03 7.945767135000000175e-03 8.199113561999999550e-03 7.959244335000000697e-03 8.034568851000000247e-03 7.748716660000000075e-03 8.092767189000000388e-03 7.997929262000000664e-03 7.958623528999999794e-03 7.855944998000000470e-03 7.874688922000000132e-03 8.081449152000000358e-03 7.940429069999999437e-03 8.002969783000000309e-03 8.090916397999999357e-03 8.159739588000000307e-03 8.126588982999999669e-03 8.094703267000000202e-03 7.740849844999999826e-03 8.039729331999999340e-03 7.976490802000000407e-03 8.008040602999999882e-03 8.074290463000000778e-03 8.203351953999999877e-03 8.155099237000000209e-03 8.080019823999999226e-03 7.802299381000000165e-03 8.040719362999999842e-03 7.705627486000000276e-03 7.963127247999999409e-03 7.978959117000000711e-03 7.910264300000000720e-03 7.978504561000000772e-03 7.997818636999999911e-03 7.882015161000000686e-03 8.116238624000000554e-03 8.052700628000000402e-03 8.124776054999999567e-03
8.132143377000000325e-03 8.317206666999999234e-03 8.018922216000000380e-03 8.062539974999999651e-03 8.002815009000000326e-03 8.125622711999999637e-03 7.985467838000000554e-03 8.143569826000000844e-03 7.622426857000000333e-03 9.076564861999999664e-03 7.769646314999999887e-03 8.123278769000000232e-03 8.147621673000000203e-03 7.821513983999999961e-03 8.165908864999999947e-03 8.546542626000000822e-03 8.798661364999999998e-03 1.846926768000000003e-03 8.904840214000000684e-03 8.121802390000000191e-03 8.259019439000000670e-03 8.171711054000000557e-03 8.075465392000000589e-03 8.165104330999999396e-03 7.555494609999999570e-03 8.895689970999999183e-03 7.962745409999999469e-03 8.203627692000000499e-03 8.036686103000000372e-03 8.024114077000000719e-03 8.157760809999999377e-03 8.257371580000000613e-03 8.275949147000000172e-03 8.171400587999999923e-03 8.239405875999999962e-03 7.975054395000000240e-03 8.101201740999999790e-03 8.067743026999999942e-03 8.048580188000000607e-03 7.941582787999999435e-03 8.266313953999999617e-03 8.262995311999999162e-03 8.472359101999999212e-03 8.138376424999999720e-03 8.062928781999999933e-03 8.159320626999999951e-03 8.047150834999999142e-03 8.047325367999999535e-03 8.196612370000000078e-03 8.259575942999999171e-03 8.176824395000000661e-03 8.229916542000000751e-03 8.019322316999999770e-03 8.308694975999999718e-03 7.990728113000000743e-03 7.998315896000000522e-03 8.155728867999999243e-03 7.979109273999999627e-03 7.993995728000000828e-03 8.217106735000000162e-03 8.030771297000000031e-03 8.156619268999999728e-03 8.158412760999999430e-03 8.164390972000000121e-03
8.131171419999999594e-03 8.109861187000000013e-03 8.041364699000000740e-03 8.018988317000000365e-03 8.051089880000000809e-03 8.046716149000000470e-03 8.015661414999999956e-03 8.080160742000000798e-03 7.968067797999999965e-03 7.777828504000000240e-03 8.653603992999999231e-03 7.721162077999999852e-03 8.058024252999999859e-03 8.039402427000000642e-03 8.289149655999999977e-03 8.417931029000000342e-03 8.037340441999999557e-03 8.904840214000000684e-03 1.874219870000000095e-03 8.846451018000000763e-03 8.247772114000000848e-03 8.279183173999999160e-03 7.976355343999999570e-03 8.266017114999999610e-03 8.007492724000000311e-03 7.754945949000000179e-03 9.073383998999999880e-03 7.788442803000000282e-03 8.272717522999999823e-03 8.020354559999999869e-03 8.223736714000000336e-03 8.226592430000000469e-03 8.055806319999999146e-03 8.136678277000000681e-03 8.003199406000000016e-03 7.894125420000000157e-03 7.976324933000000089e-03 8.080877320999999350e-03 8.067213333999999694e-03 8.147849117000000377e-03 8.452559594000000343e-03 8.260567963999999527e-03 8.289765252000000015e-03 8.173491516999999845e-03 8.021581951999999516e-03 8.140321829999999995e-03 8.041824418000000432e-03 8.255655149000000470e-03 8.168704577000000452e-03 8.342131043000000287e-03 8.232806145000000353e-03 8.026289754000000276e-03 7.973276466000000368e-03 8.300525621999999687e-03 8.048819913999999409e-03 8.060829542999999389e-03 8.104475154000000126e-03 8.077089985999999500e-03 7.956883071999999377e-03 8.170862753000000117e-03 8.108343708999999830e-03 8.234298767999999671e-03 8.153767132000000473e-03 8.151715828999999205e-03
7.956266268999999391e-03 7.790358453000000190e-03 7.936363603000000724e-03 8.044984854000000740e-03 8.050863692000000821e-03 8.044268409999999481e-03 8.021933386999999943e-03 8.173780069000000439e-03 7.789123501999999956e-03 8.015022210000000147e-03 7.707889939000000037e-03 8.779263065999999560e-03 7.689188611999999735e-03 8.204791092999999536e-03 8.107145779999999982e-03 8.311676154999999427e-03 7.868318710000000646e-03 8.121802390000000191e-03 8.846451018000000763e-03 1.813703319000000086e-03 8.675397079999999303e-03 7.995184097999999406e-03 7.859645002999999727e-03 7.956377658999999256e-03 7.834566531000000320e-03 7.948020345999999570e-03 7.882088997999999250e-03 8.801038268999999969e-03 7.766357486999999997e-03 7.974713397000000176e-03 8.010427117999999180e-03 8.078801664000000854e-03 8.204213398999999837e-03 7.984275009999999839e-03 8.050349982000000459e-03 7.984596021000000404e-03 8.046604685000000035e-03 8.030072931000000261e-03 7.832585055000000629e-03 7.929090134000000081e-03 8.188478117999999431e-03 8.160262664999999235e-03 8.256883970000000045e-03 8.010391002999999940e-03 7.816799648000000156e-03 8.004768451000000146e-03 8.076144816999999282e-03 8.069669972999999816e-03 8.144358921999999765e-03 8.110342592999999350e-03 8.149002642000000712e-03 7.920482722999999670e-03 7.994435314000000736e-03 8.155586111000000249e-03 7.948260659000000797e-03 7.987905120999999956e-03 8.018706470999999864e-03 7.959844299999999442e-03 7.894966962000000282e-03 8.110266285999999381e-03 8.000695328999999495e-03 7.953277229999999864e-03 7.785051402999999988e-03 8.075727379999999775e-03
8.040191271000000570e-03 7.926811806000000002e-03 7.840266188999999927e-03 7.875264539999999452e-03 8.015959576999999447e-03 8.098918572999999968e-03 8.048731252999999364e-03 8.116285666999999496e-03 8.078590309999999705e-03 7.948824861999999325e-03 8.078839410000000082e-03 7.540277506000000324e-03 8.736073582999999421e-03 7.597560260999999988e-03 8.125868847999999714e-03 8.315795795999999379e-03 8.016429153000000085e-03 8.259019439000000670e-03 8.247772114000000848e-03 8.675397079999999303e-03 1.825227575000000100e-03 8.959062348000000620e-03 8.059286618999999402e-03 7.981950325000000679e-03 7.867270640000000037e-03 7.863592120000000366e-03 8.324312211000000836e-03 7.664531357999999905e-03 8.872711285999999864e-03 7.533943545000000401e-03 8.090151735000000385e-03 8.173648742000000009e-03 8.056415517999999595e-03 7.853362091000000086e-03 7.921193009000000382e-03 7.806339661000000207e-03 8.172797359000000608e-03 8.001580652000000321e-03 7.914406706000000347e-03 7.884217544000000216e-03 8.208463796999999895e-03 8.158451514999999835e-03 8.157558230999999160e-03 7.957817405999999955e-03 7.820038111000000500e-03 8.013480885000000276e-03 7.930893898000000372e-03 8.102663082000000072e-03 8.142926830999999699e-03 8.408484355999999368e-03 8.253782261999999259e-03 7.936132917000000495e-03 7.946990884999999630e-03 8.251896183999999149e-03 7.867686217000000037e-03 7.924529112999999583e-03 8.028422767000000307e-03 7.882809073999999874e-03 7.957242459999999684e-03 7.978687683000000239e-03 8.032452581999999230e-03 8.171904306000000312e-03 8.024762304000000041e-03 8.051445015000000330e-03
8.123492657999999492e-03 8.185138191000000327e-03 8.013429137000000618e-03 8.135641564000000228e-03 8.036893135000000576e-03 8.209320076000000549e-03 8.166931486999999892e-03 8.309957574000000069e-03 8.106686344999999155e-03 8.144821526999999201e-03 8.010351416999999391e-03 7.961949926000000052e-03 7.826699002000000321e-03 8.839359991999999264e-03 7.819507293999999539e-03 8.567830965000000285e-03 8.123495220000000530e-03 8.171711054000000557e-03 8.279183173999999160e-03 7.995184097999999406e-03 8.959062348000000620e-03 1.804533407999999979e-03 9.010617049000000517e-03 8.132346764999999478e-03 7.897205762999999143e-03 7.905830262999999358e-03 8.266912221999999505e-03 8.039414521000000022e-03 7.892772783999999625e-03 8.512745791000000256e-03 7.617408235999999916e-03 8.140595045000000723e-03 8.064880584999999796e-03 8.015599850999999623e-03 8.080799894000000386e-03 7.876600862000000119e-03 8.133110844000000783e-03 8.089336997000000709e-03 8.154267608999999500e-03 7.980142795999999386e-03 8.388158110000000153e-03 8.352187871000000055e-03 8.485290341000000305e-03 8.264692833999999835e-03 7.867222446999999619e-03 8.101066562999999568e-03 8.066440775999999743e-03 8.025872011999999819e-03 8.436516187000000361e-03 8.335442910999999594e-03 8.263880838999999173e-03 8.052705704999999631e-03 8.050624855000000635e-03 8.324395958999999262e-03 8.128553534000000635e-03 7.885435208999999265e-03 8.112758899999999301e-03 8.068221812000000645e-03 8.060040838000000207e-03 8.287803841000000379e-03 8.197435513999999993e-03 8.150337816000000762e-03 8.077753030999999459e-03 8.171607895000000329e-03
7.935338327000000108e-03 8.076542387999999240e-03 7.832750948999999546e-03 8.042691713000000436e-03 7.957140931000000750e-03 8.037785323000000426e-03 8.237113471000000187e-03 8.190529546000000632e-03 8.021687878000000396e-03 7.879838272000000768e-03 7.868004386000000683e-03 7.898532373000000453e-03 8.036091251999999407e-03 7.653544844000000069e-03 8.997856304000000777e-03 7.975023842000000460e-03 8.069000834999999483e-03 8.075465392000000589e-03 7.976355343999999570e-03 7.859645002999999727e-03 8.059286618999999402e-03 9.010617049000000517e-03 1.843873949000000107e-03 8.739824825000000810e-03 8.048657740999999935e-03 7.962120042000000314e-03 8.121177719000000420e-03 7.998358719000000713e-03 8.153292265999999289e-03 7.618560806999999727e-03 8.912604133999999650e-03 7.843061182000000270e-03 8.065640585000000487e-03 7.924974269999999349e-03 7.910919549999999301e-03 7.765507799999999891e-03 7.817782651999999680e-03 7.948544010999999618e-03 8.106128284999999933e-03 8.120432017000000710e-03 8.303638095999999955e-03 8.260478011999999870e-03 8.182317269999999504e-03 8.133845582999999629e-03 7.922250772999999552e-03 7.994030419000000554e-03 8.040785913000000201e-03 7.959590375000000564e-03 8.224628317000000355e-03 8.288346884000000192e-03 8.050909515999999863e-03 7.953659687000000367e-03 7.892393551000000118e-03 8.138937234999999229e-03 7.812086509000000338e-03 8.092196843999999514e-03 7.841454382999999209e-03 8.003856610000000329e-03 7.795836835000000131e-03 8.107834785000000294e-03 8.143907007000000114e-03 8.024874111000000407e-03 8.061740553999999920e-03 8.075996676999999679e-03
8.046002345999999500e-03 8.055164094999999261e-03 7.938070814999999975e-03 7.899439907999999261e-03 7.906161038000000807e-03 7.937873931000000854e-03 8.093242458999999958e-03 8.064920643000000194e-03 7.695028397999999735e-03 8.108186656999999409e-03 8.070691972999999644e-03 7.840097542999999863e-03 7.915953042999999273e-03 7.888550805000000068e-03 7.770727994000000208e-03 8.880482949000000417e-03 8.762219001000000340e-03 8.165104330999999396e-03 8.266017114999999610e-03 7.956377658999999256e-03 7.981950325000000679e-03 8.132346764999999478e-03 8.739824825000000810e-03 1.816435946000000048e-03 7.539844292000000107e-03 8.052597509000000015e-03 8.139016399000000360e-03 7.980133227999999454e-03 8.191776605999999752e-03 8.013727732000000548e-03 7.729914810000000289e-03 8.817656228999999624e-03 8.107470562000000658e-03 8.103268675999999310e-03 8.010880278999999923e-03 7.860534689000000033e-03 8.074369503999999365e-03 8.088381127999999878e-03 8.168970443000000622e-03 8.076501308000000323e-03 8.269908342000000662e-03 8.324023547999999384e-03 8.309858498000000440e-03 8.109793015000000063e-03 7.885515197999999268e-03 7.917730593999999789e-03 7.934651488000000683e-03 8.038988602000000580e-03 8.110849466999999272e-03 8.278603988000000219e-03 8.206257611000000382e-03 8.056469503999999851e-03 7.962370967000000771e-03 8.161935276999999697e-03 7.728663884999999699e-03 8.015085111999999470e-03 7.939685628999999800e-03 8.087855367999999961e-03 7.850307302000000473e-03 8.088207057000000241e-03 8.176647480000000245e-03 8.052486240000000101e-03 8.143975463000000664e-03 8.011800956000000862e-03
