Spin-spin correlation function <S_i S_j>
1.590811517   -0.3767292278 -0.3675992573 -0.7532311296
-0.3767292278 1.154857268   -0.4832946641 -1.371500682 
-0.3675992573 -0.4832946641 1.417552763   -0.3418893322
-0.7532311296 -1.371500682  -0.3418893322 1.506810329  

1.34785486    -0.3808992694 -0.4535568048 -0.3241156422
-0.3808992694 1.517284862   -0.3871337505 -0.5975965187
-0.4535568048 -0.3871337505 1.280414686   -0.3473295268
-0.3241156422 -0.5975965187 -0.3473295268 1.31071495   

1.377743175   -0.3632643114 -0.3340867512 -0.4791193184
-0.3632643114 1.500333261   -0.5380672526 -0.6813334139
-0.3340867512 -0.5380672526 1.253159545   -0.2050257899
-0.4791193184 -0.6813334139 -0.2050257899 1.56602748   

1.144570502   -0.3436915675 -0.4665575892 -0.2371751021
-0.3436915675 1.739987572   -0.5267922548 -0.5031510638
-0.4665575892 -0.5267922548 1.445444026   -0.2589672921
-0.2371751021 -0.5031510638 -0.2589672921 1.349181632  

1.176601089   -0.275964406  -0.3737236704 -0.3230937458
-0.275964406  1.537587411   -0.447586148  -0.4136858743
-0.3737236704 -0.447586148  1.381824715   -0.4421510843
-0.3230937458 -0.4136858743 -0.4421510843 1.526101483  

1.263894536   -0.2558560451 -0.2800971869 -0.2958210798
-0.2558560451 1.810321934   -0.3787775509 -0.3794111517
-0.2800971869 -0.3787775509 1.20392791    -0.2081210876
-0.2958210798 -0.3794111517 -0.2081210876 1.551425828  

1.575913542   -0.6871049424 -0.4288711988 -0.5644502533
-0.6871049424 1.453420509   -0.4096659967 -0.6235552641
-0.4288711988 -0.4096659967 1.209873516   -0.2776691742
-0.5644502533 -0.6235552641 -0.2776691742 1.408665759  

1.423644297   -0.4254847887 -0.3772500265 -0.282583737 
-0.4254847887 1.574091578   -0.3150522366 -0.3619552669
-0.3772500265 -0.3150522366 1.316383716   -0.2897624434
-0.282583737  -0.3619552669 -0.2897624434 1.490106499  

2.551333804    -0.8039754737  -0.07393415797 0.4519062626  
-0.8039754737  1.825418653    0.01539174504  -0.1947372089 
-0.07393415797 0.01539174504  1.602552741    -0.6129925316 
0.4519062626   -0.1947372089  -0.6129925316  1.962502767   

2.59453793    -0.5306867814 0.08085720039 -0.3707272203
-0.5306867814 1.839663214   0.1218725622  -1.019414978 
0.08085720039 0.1218725622  2.070857836   -1.263650977 
-0.3707272203 -1.019414978  -1.263650977  1.76344569   

2.494233131   -1.013533896  0.07000803084 -0.5433543135
-1.013533896  1.75557041    -0.8744859461 -4.016957529 
0.07000803084 -0.8744859461 1.970288271   -1.808476887 
-0.5433543135 -4.016957529  -1.808476887  1.891076139  

2.466288529    -0.08371330763 0.0828802359   -1.264523687  
-0.08371330763 1.835922618    -1.531837285   -2.538931805  
0.0828802359   -1.531837285   1.908321097    -0.9021353502 
-1.264523687   -2.538931805   -0.9021353502  2.003311259   

2.44360824     -2.661911114   0.006756375002 -0.4517965923 
-2.661911114   2.11271817     -0.6180669344  -0.3658785056 
0.006756375002 -0.6180669344  1.929806478    -0.737531295  
-0.4517965923  -0.3658785056  -0.737531295   1.705687926   

2.025449775   -0.5118909212 -0.1939204333 -0.5008017203
-0.5118909212 2.001652132   -0.7865366814 0.01213683299
-0.1939204333 -0.7865366814 2.479511749   0.08457976864
-0.5008017203 0.01213683299 0.08457976864 1.797212492  

1.527890179   -0.5668213841 0.1337486654  -0.5093353261
-0.5668213841 1.74313766    -0.2819199452 -0.4292389945
0.1337486654  -0.2819199452 1.690395987   -0.3424410285
-0.5093353261 -0.4292389945 -0.3424410285 1.507207525  

1.430553494   -0.4328026506 -0.4198195109 -0.1155504565
-0.4328026506 1.21896388    -0.2510987727 -0.3034281783
-0.4198195109 -0.2510987727 1.786945408   -0.5025767733
-0.1155504565 -0.3034281783 -0.5025767733 1.28543304   

1.376953561   -0.4555531548 -0.6735054973 -0.1872440831
-0.4555531548 0.8255672787  -0.2146647293 -0.2923952851
-0.6735054973 -0.2146647293 2.040696554   -0.5446319998
-0.1872440831 -0.2923952851 -0.5446319998 1.620758391  

1.567773753    -0.01060305659 -0.3683111881  -0.7211841659 
-0.01060305659 1.782905774    -0.9049492998  -0.6073142361 
-0.3683111881  -0.9049492998  1.958448578    -0.1937938592 
-0.7211841659  -0.6073142361  -0.1937938592  1.764683787   

1.295325103   -0.3228444179 -0.3756726871 -0.5014077387
-0.3228444179 1.791951853   -0.690861165  -0.4931178509
-0.3756726871 -0.690861165  1.561680769   -0.1624657591
-0.5014077387 -0.4931178509 -0.1624657591 1.553158019  

1.474933042   -0.4972386229 -0.7086485049 -0.4653089485
-0.4972386229 1.37625758    -0.3750666462 -0.5848413843
-0.7086485049 -0.3750666462 1.192400198   -0.6973555838
-0.4653089485 -0.5848413843 -0.6973555838 1.484937776  

1.43785899    -0.2870895436 -0.5996013265 -0.5286555216
-0.2870895436 1.302646205   -0.4163181024 -0.7063814187
-0.5996013265 -0.4163181024 1.5332936     -0.4145024855
-0.5286555216 -0.7063814187 -0.4145024855 1.354886048  

1.966304966    -0.3137021628  -0.07222509648 -0.9451171181 
-0.3137021628  1.574892119    -0.6287038561  -0.6789892592 
-0.07222509648 -0.6287038561  1.935177053    -0.1131940741 
-0.9451171181  -0.6789892592  -0.1131940741  1.611579102   

2.343979608   0.05925363741 0.6277720786  -1.48505683  
0.05925363741 1.37910269    -0.513222997  -0.492159726 
0.6277720786  -0.513222997  2.147814439   -0.2909019589
-1.48505683   -0.492159726  -0.2909019589 2.107675757  

2.386190294   -0.3136281504 0.7443998504  -0.8782806761
-0.3136281504 1.235800362   -0.3846269111 -0.6135880977
0.7443998504  -0.3846269111 2.157075234   -1.054310047 
-0.8782806761 -0.6135880977 -1.054310047  1.978092329  

1.770516999   -0.7854848755 0.00544935165 -0.2485539648
-0.7854848755 1.263465797   0.04730253851 -0.7269212309
0.00544935165 0.04730253851 2.018715213   -0.7682054538
-0.2485539648 -0.7269212309 -0.7682054538 1.542104915  

1.447128208   -0.2747989261 -0.4480240709 -0.1979917087
-0.2747989261 1.383565256   -0.3169334643 -0.2923315341
-0.4480240709 -0.3169334643 1.515030266   -0.3204976331
-0.1979917087 -0.2923315341 -0.3204976331 1.298687403  

1.453703103   -0.6078515086 -0.6841257456 -0.3581124396
-0.6078515086 1.346487634   -0.4790986362 -0.5681875307
-0.6841257456 -0.4790986362 1.691938884   -0.3524506349
-0.3581124396 -0.5681875307 -0.3524506349 1.095273886  

1.224916812   -0.2052136141 -0.4379491751 -0.2772376954
-0.2052136141 1.60965164    -0.5452313278 -0.5219120617
-0.4379491751 -0.5452313278 1.396232264   -0.2270462991
-0.2772376954 -0.5219120617 -0.2270462991 1.449857286  

2.040125383   -0.742342201  -0.3644682318 -0.3077185416
-0.742342201  1.487445973   -0.6727830242 -1.059554196 
-0.3644682318 -0.6727830242 1.519035365   -0.4025268697
-0.3077185416 -1.059554196  -0.4025268697 1.267630453  

2.580606093   -0.8353372233 0.4600733484  0.1631121273 
-0.8353372233 2.076130334   -0.3210294992 -0.4909012885
0.4600733484  -0.3210294992 1.857956076   -0.456077368 
0.1631121273  -0.4909012885 -0.456077368  1.820783629  

2.234900564   -0.6765316523 0.6722540117  -0.77989727  
-0.6765316523 2.364466106   -0.5911394348 -0.9948459069
0.6722540117  -0.5911394348 2.379670267   0.12676276   
-0.77989727   -0.9948459069 0.12676276    1.364713565  

1.650204761   -0.1554098487 0.1349894615  -1.070819789 
-0.1554098487 1.859908662   -0.8820925933 -0.6547388935
0.1349894615  -0.8820925933 2.686271888   0.5172375043 
-1.070819789  -0.6547388935 0.5172375043  2.010990946  

1.607122143   0.2540133376  -0.2680519361 -0.5497989469
0.2540133376  1.974559812   -1.220310757  0.02407889148
-0.2680519361 -1.220310757  2.410618258   0.5646708843 
-0.5497989469 0.02407889148 0.5646708843  2.401931659  

1.751129266    -0.5516033125  -0.7066611075  -0.6156033687 
-0.5516033125  1.587552028    -0.5269126386  -0.05935786931
-0.7066611075  -0.5269126386  1.858441503    0.2393520917  
-0.6156033687  -0.05935786931 0.2393520917   2.55501504    

1.802369664   -0.2329985559 -0.7341438942 -2.068546628 
-0.2329985559 2.156851004   -1.156546208  0.7133974639 
-0.7341438942 -1.156546208  1.581006476   -0.4335817452
-2.068546628  0.7133974639  -0.4335817452 1.961483735  

1.272265591   -0.6175861264 -0.6900422305 -0.5486283029
-0.6175861264 1.353876731   -0.4253314927 -0.8211654967
-0.6900422305 -0.4253314927 1.516535966   -0.4569549316
-0.5486283029 -0.8211654967 -0.4569549316 1.390632755  

1.288028484   -0.3454388906 -0.4576234497 -0.3809762859
-0.3454388906 1.366087982   -0.2369238209 -0.5539556879
-0.4576234497 -0.2369238209 1.207936523   -0.8595538986
-0.3809762859 -0.5539556879 -0.8595538986 1.896725303  

1.317320679   -0.588197514  -0.5780628993 -0.3039478428
-0.588197514  1.464452779   -0.2754142405 -0.7612365251
-0.5780628993 -0.2754142405 1.27944623    -0.4511116312
-0.3039478428 -0.7612365251 -0.4511116312 1.61299139   

1.698053417   -0.5954602123 -0.4124945568 -0.3643241936
-0.5954602123 1.399574322   -0.6310203516 -1.163051498 
-0.4124945568 -0.6310203516 1.291030251   -0.2857562159
-0.3643241936 -1.163051498  -0.2857562159 1.259433074  

1.345698985   -0.6993959    -0.3656575448 -0.5162915115
-0.6993959    1.405880645   -0.7156430261 -0.5427931888
-0.3656575448 -0.7156430261 1.653419329   -0.335620156 
-0.5162915115 -0.5427931888 -0.335620156  1.46214323   

2.101047422    -0.07722229359 0.1839483211   -1.465024478  
-0.07722229359 1.101342996    -0.3347874485  -0.4904963322 
0.1839483211   -0.3347874485  2.513658401    -0.4861958728 
-1.465024478   -0.4904963322  -0.4861958728  2.229925021   

1.976430524   -0.397475435  0.4401304806  -0.7684086694
-0.397475435  1.805294144   -0.9134215597 -0.6667969068
0.4401304806  -0.9134215597 2.376785992   -0.1650613616
-0.7684086694 -0.6667969068 -0.1650613616 1.491723729  

1.766974005    -0.1988472588  0.2591487995   -0.5354443891 
-0.1988472588  2.038523096    -1.126347032   -0.5615960915 
0.2591487995   -1.126347032   1.91309394     0.005768365807
-0.5354443891  -0.5615960915  0.005768365807 1.31680868    

1.136039667   -0.3391733084 -0.3504549049 -0.2885867504
-0.3391733084 1.772921292   -0.3702167027 -0.600806856 
-0.3504549049 -0.3702167027 1.234208056   -0.2803396464
-0.2885867504 -0.600806856  -0.2803396464 1.496974947  

1.266791632   -0.3041942264 -0.3269540911 -0.3815132456
-0.3041942264 1.689370172   -0.232911984  -0.5749745473
-0.3269540911 -0.232911984  1.141415806   -0.4367399328
-0.3815132456 -0.5749745473 -0.4367399328 1.564566066  

1.220706004   -0.5274225538 -0.3098291932 -0.414880296 
-0.5274225538 1.783588023   -0.3593401832 -0.5942413198
-0.3098291932 -0.3593401832 1.198204882   -0.3479081621
-0.414880296  -0.5942413198 -0.3479081621 1.336533136  

1.431228206   -0.5559219385 -0.2788411069 -0.3295321409
-0.5559219385 1.816689251   -0.2382414495 -0.5627140299
-0.2788411069 -0.2382414495 0.9757935982  -0.3539013098
-0.3295321409 -0.5627140299 -0.3539013098 1.400273975  

1.383305088   -0.4869738214 -0.2554870135 -0.401097088 
-0.4869738214 1.439801258   -0.2756804757 -0.5099158292
-0.2554870135 -0.2756804757 1.202907573   -0.4649572677
-0.401097088  -0.5099158292 -0.4649572677 1.512687015  

1.344233992   -0.2663281834 -0.6558967308 -0.2678447648
-0.2663281834 1.379804931   -0.5315407809 -0.3750841985
-0.6558967308 -0.5315407809 1.753486474   -0.4178271193
-0.2678447648 -0.3750841985 -0.4178271193 1.22125179   

1.333266318   -0.5214286265 -0.5979445407 -0.3589612896
-0.5214286265 1.533275574   -0.8984114289 -0.4056231315
-0.5979445407 -0.8984114289 1.505092722   -0.7716648146
-0.3589612896 -0.4056231315 -0.7716648146 1.365042847  

1.492279541   -0.14693577   -0.5950409036 -0.3762562445
-0.14693577   2.318687434   -0.6395495929 0.1382190184 
-0.5950409036 -0.6395495929 1.847078906   -0.916151    
-0.3762562445 0.1382190184  -0.916151     1.999929436  

1.228159118   0.08905231282 -1.304065036  -0.5186359289
0.08905231282 2.575753137   -0.7318542419 0.5688188494 
-1.304065036  -0.7318542419 2.187115588   -0.9583545823
-0.5186359289 0.5688188494  -0.9583545823 2.081740862  

0.89953404     -0.06932619054 -0.4798813959  -0.0230396283 
-0.06932619054 2.39483327     -1.142666179   0.6569830194  
-0.4798813959  -1.142666179   2.421150755    -0.9330429689 
-0.0230396283  0.6569830194   -0.9330429689  2.511055998   

1.503208979   -0.5858151673 -0.8496417556 -0.427404585 
-0.5858151673 2.36585382    -0.2305005968 0.6215384897 
-0.8496417556 -0.2305005968 1.55599605    -2.052480385 
-0.427404585  0.6215384897  -2.052480385  2.235552115  

2.011047979   -0.5148817179 -0.6522382389 -1.262359961 
-0.5148817179 2.029006048   -0.3152272082 0.3347312106 
-0.6522382389 -0.3152272082 1.432834093   -0.3467505744
-1.262359961  0.3347312106  -0.3467505744 2.257998158  

2.025398273   -0.5766520499 0.2417490563  -0.3169673374
-0.5766520499 1.716216158   0.08658442798 -0.3161151123
0.2417490563  0.08658442798 2.258936867   -0.7503624445
-0.3169673374 -0.3161151123 -0.7503624445 1.960139362  

2.36631002    -0.8305620754 -0.7115153708 -1.556369976 
-0.8305620754 2.191923703   0.2090296099  0.4633935929 
-0.7115153708 0.2090296099  1.510314699   -0.4031474719
-1.556369976  0.4633935929  -0.4031474719 2.206924122  

1.775976819    -0.1195944551  -0.4973981464  -1.040590128  
-0.1195944551  1.859575519    -0.5685877911  -0.2979448358 
-0.4973981464  -0.5685877911  1.606769578    -0.09524511219
-1.040590128   -0.2979448358  -0.09524511219 1.820204689   

1.730716111   -0.3309509523 -0.3742150784 -0.5851288335
-0.3309509523 1.434419525   -1.030671273  -1.077068724 
-0.3742150784 -1.030671273  1.802103075   -0.5606639183
-0.5851288335 -1.077068724  -0.5606639183 1.14710011   

2.310813867   -0.5640616675 0.1805073267  -1.448458711 
-0.5640616675 1.47166627    -0.1700349008 -2.285275012 
0.1805073267  -0.1700349008 1.926019205   -0.1556651614
-1.448458711  -2.285275012  -0.1556651614 1.930649834  

2.080931196  -0.06965417  0.495718575  -3.610048111
-0.06965417  1.34500674   -0.125066379 -1.878868336
0.495718575  -0.125066379 2.465823468  -0.65449005 
-3.610048111 -1.878868336 -0.65449005  2.027159409 

1.339616841   -0.4490487419 -0.271551134  -0.1118617395
-0.4490487419 1.635119168   -0.2416805237 -0.4469377511
-0.271551134  -0.2416805237 1.363724477   -0.4876147439
-0.1118617395 -0.4469377511 -0.4876147439 1.451779585  

1.461355976   -0.2151152531 -0.458552363  -0.2004634608
-0.2151152531 1.427489033   -0.3941303201 -0.2513960656
-0.458552363  -0.3941303201 1.697007719   -0.2990502892
-0.2004634608 -0.2513960656 -0.2990502892 1.088706086  

1.167370738   -0.3573026651 -0.4989999538 -0.4163437407
-0.3573026651 1.287722576   -0.5671237718 -0.3806018239
-0.4989999538 -0.5671237718 1.54676661    -0.4591679215
-0.4163437407 -0.3806018239 -0.4591679215 1.602393669  

1.50200691    -0.3679996817 -0.3786029146 -0.5251693987
-0.3679996817 0.9415177304  -0.279490018  -0.776224903 
-0.3786029146 -0.279490018  1.697878383   -0.6777075694
-0.5251693987 -0.776224903  -0.6777075694 1.612317832  

1.940136971   -0.1946013594 0.3498369199  -0.6182119653
-0.1946013594 1.042854508   -0.1858383474 -0.4173535815
0.3498369199  -0.1858383474 2.151959138   -0.8465962178
-0.6182119653 -0.4173535815 -0.8465962178 2.211105848  

1.851558949   -0.3819005368 0.3621893502  -1.189717315 
-0.3819005368 1.277799911   -0.5881797485 -2.862145988 
0.3621893502  -0.5881797485 2.050421095   -0.2753362869
-1.189717315  -2.862145988  -0.2753362869 1.606734364  

1.93060042     -0.4629512691  0.1276085671   -1.477367737  
-0.4629512691  1.81151976     -0.7415081196  -0.202458793  
0.1276085671   -0.7415081196  1.783562315    -0.01282880531
-1.477367737   -0.202458793   -0.01282880531 2.005665701   

1.374652985   -0.2195299164 -0.5740294027 -1.282012254 
-0.2195299164 1.742218742   -0.5103214972 0.1031258439 
-0.5740294027 -0.5103214972 1.763230325   -0.3460644724
-1.282012254  0.1031258439  -0.3460644724 2.078075644  

1.287914086   0.3334039828  -0.7650408085 -0.7658248526
0.3334039828  2.593113529   -2.13036587   0.1079210838 
-0.7650408085 -2.13036587   2.045793846   -0.3291273732
-0.7658248526 0.1079210838  -0.3291273732 2.208677144  

1.707399185   0.2490451902  -0.1590751238 -0.7699678623
0.2490451902  2.098669093   -0.9477384012 -0.1115686537
-0.1590751238 -0.9477384012 1.756990648   0.21229657   
-0.7699678623 -0.1115686537 0.21229657    1.774219099  

2.185723343   0.06016592701 0.1240982434  -0.8901762806
0.06016592701 1.986341324   -0.3919315623 -0.4956721624
0.1240982434  -0.3919315623 1.76400437    -0.4214714642
-0.8901762806 -0.4956721624 -0.4214714642 2.057922158  

2.176059778    -0.06377182213 -0.8006842467  -2.113892984  
-0.06377182213 2.371140545    -0.1232364461  0.04350677957 
-0.8006842467  -0.1232364461  1.460226091    -0.474495445  
-2.113892984   0.04350677957  -0.474495445   1.926589949   

1.943409935   -1.050601827  -0.6490122833 -1.16973986  
-1.050601827  2.337016548   -0.551589134  0.3436713331 
-0.6490122833 -0.551589134  1.59894353    -0.4795565771
-1.16973986   0.3436713331  -0.4795565771 2.368381587  

1.924062369   -2.974512231  0.4697281974  0.2560316259 
-2.974512231  2.448676232   0.05057886873 0.08846000003
0.4697281974  0.05057886873 2.307680799   -2.289035108 
0.2560316259  0.08846000003 -2.289035108  2.277933635  

2.122035905   -1.703466511  -0.7003215021 -0.1390367055
-1.703466511  2.322457789   0.3412503271  -0.2008936235
-0.7003215021 0.3412503271  2.04433173    -0.6658813168
-0.1390367055 -0.2008936235 -0.6658813168 1.854794749  

1.703180658   -0.4827430171 -0.3751201617 0.2705629829 
-0.4827430171 2.20434429    -0.1690604891 0.1376481675 
-0.3751201617 -0.1690604891 1.949663995   -0.9212550405
0.2705629829  0.1376481675  -0.9212550405 1.911174246  

1.527558254   -0.6279094724 -0.3257840197 0.04186260861
-0.6279094724 2.083893393   -0.21286685   -0.1398833767
-0.3257840197 -0.21286685   1.715964975   -1.496147123 
0.04186260861 -0.1398833767 -1.496147123  1.998474779  

1.480634112   -0.7373238254 -0.6059578632 -0.3238485227
-0.7373238254 1.658546614   -0.4018730055 -0.5058129224
-0.6059578632 -0.4018730055 1.638923235   -0.6468979244
-0.3238485227 -0.5058129224 -0.6468979244 1.24663226   

1.735299978   -0.2447989181 -0.1415155505 -0.4937680065
-0.2447989181 1.805837789   -0.8269785748 -0.3128550773
-0.1415155505 -0.8269785748 2.521922507   0.6099151107 
-0.4937680065 -0.3128550773 0.6099151107  2.36942271   

1.806163082   1.338664841   0.2123397998  -1.713942924 
1.338664841   2.119514735   -1.00166751   -0.6287742762
0.2123397998  -1.00166751   2.665964053   0.1283797362 
-1.713942924  -0.6287742762 0.1283797362  1.784327596  

1.656608991   -0.2884774315 -0.5442282076 -0.5074166159
-0.2884774315 2.539153162   -0.8780795347 0.3642045005 
-0.5442282076 -0.8780795347 2.193767669   -0.3374867907
-0.5074166159 0.3642045005  -0.3374867907 1.929121026  

1.461132469   -0.3519787577 -0.7247023309 -0.9036506832
-0.3519787577 2.39353562    -0.8002185097 0.5814487008 
-0.7247023309 -0.8002185097 1.787387139   -0.4923834147
-0.9036506832 0.5814487008  -0.4923834147 2.282151052  

2.42775987     -0.01432175212 -0.4850690566  -3.630090788  
-0.01432175212 1.994340449    -0.3716252524  0.1476563569  
-0.4850690566  -0.3716252524  1.289411947    0.1791070945  
-3.630090788   0.1476563569   0.1791070945   2.267630073   

2.134664742   0.05329490512 -0.7822189034 -2.174227175 
0.05329490512 1.956385215   -0.8598810591 0.2032696593 
-0.7822189034 -0.8598810591 1.92704524    0.4678921253 
-2.174227175  0.2032696593  0.4678921253  2.260534544  

2.173707766   0.2194643863  -0.3192397902 -0.9854873332
0.2194643863  2.437308917   -0.7971792672 0.2157874298 
-0.3192397902 -0.7971792672 1.426695832   0.5111637286 
-0.9854873332 0.2157874298  0.5111637286  2.063730236  

2.305653773   -0.2040567814 -0.5227034901 -0.9651358218
-0.2040567814 2.463602778   -0.1079612312 0.1928178792 
-0.5227034901 -0.1079612312 1.416880864   -0.3372575247
-0.9651358218 0.1928178792  -0.3372575247 2.147524559  

2.304712679   -0.9664702284 0.1954329221  -0.149715033 
-0.9664702284 2.193278842   -0.3084344817 0.1870866342 
0.1954329221  -0.3084344817 1.665988339   -0.5441037843
-0.149715033  0.1870866342  -0.5441037843 2.18568167   

2.367572147   -1.461530751  -0.6872510373 -1.02642809  
-1.461530751  2.161979653   -0.384221799  0.1615617902 
-0.6872510373 -0.384221799  1.30100004    -0.3086758691
-1.02642809   0.1615617902  -0.3086758691 2.359999499  

2.115637863   -0.3125351955 -0.3914015952 -0.9217369878
-0.3125351955 2.110490989   -0.1552666061 0.07616364242
-0.3914015952 -0.1552666061 1.634224013   -0.6882542081
-0.9217369878 0.07616364242 -0.6882542081 2.137173597  

1.213384844   -0.8543348475 -1.887450991  -0.3550289075
-0.8543348475 1.756747083   -0.428198992  -0.503357874 
-1.887450991  -0.428198992  1.368941759   -0.7297474823
-0.3550289075 -0.503357874  -0.7297474823 1.444984834  

2.002317605   0.1291006082  -1.226988463  -1.196849212 
0.1291006082  2.131911867   -0.7615133936 -0.0856838549
-1.226988463  -0.7615133936 1.755512491   -0.4024122732
-1.196849212  -0.0856838549 -0.4024122732 1.937089941  

1.739632715   -0.2584723517 -0.6555547939 -0.5072314965
-0.2584723517 2.297804421   -0.3275550954 0.3440027018 
-0.6555547939 -0.3275550954 1.917985696   -0.6541861602
-0.5072314965 0.3440027018  -0.6541861602 2.441375206  

2.358236591   0.3869331527  -0.3308308166 -1.312663085 
0.3869331527  2.676536349   -2.038194998  0.4778714108 
-0.3308308166 -2.038194998  1.95355049    0.3241232191 
-1.312663085  0.4778714108  0.3241232191  1.978376668  

2.839575883   0.2885113141  0.543600399   -1.310809146 
0.2885113141  1.983538691   -1.87726906   -0.5205848457
0.543600399   -1.87726906   1.631079968   0.1890527675 
-1.310809146  -0.5205848457 0.1890527675  2.001464078  

1.989151201    -0.1663299742  0.4302517374   0.5512937976  
-0.1663299742  1.556459757    -0.02789732747 -0.5029310545 
0.4302517374   -0.02789732747 2.278553139    -0.9282554005 
0.5512937976   -0.5029310545  -0.9282554005  2.101497035   

1.611185072   -0.2691762642 -0.5163598739 -0.3479347557
-0.2691762642 0.9980586445  -0.5642670849 -0.5930151555
-0.5163598739 -0.5642670849 1.925914134   -0.535435713 
-0.3479347557 -0.5930151555 -0.535435713  1.089669187  

2.152787319   -0.3943902253 -0.2737494951 -0.2165479489
-0.3943902253 1.724548866   -0.8917837069 -0.7783915797
-0.2737494951 -0.8917837069 1.864378591   -0.2426480117
-0.2165479489 -0.7783915797 -0.2426480117 0.6839029849 

2.33185138     -0.3237696223  0.5917108518   -0.9938692397 
-0.3237696223  1.792047948    -1.432729984   -0.6342367208 
0.5917108518   -1.432729984   2.27940605     -0.05563063513
-0.9938692397  -0.6342367208  -0.05563063513 1.561340601   

1.71830599    -1.22350293   0.03918438281 -0.3632270738
-1.22350293   1.840651176   -0.3565501988 -0.3453884446
0.03918438281 -0.3565501988 2.563428649   -0.6972890314
-0.3632270738 -0.3453884446 -0.6972890314 2.086814315  


