 Effective number of bins, and bins:            7          12

OBS :    1      -12.335821      0.065491

OBS :    2        1.000000      0.000000
