 Effective number of bins, and bins:            7          12

OBS :    1      -21.017750      0.004452

OBS :    2        1.000000      0.000000
