# d<Sz_i Sz_j >
1.238753382999999977e-03 7.278202545999999662e-03 6.390161339999999614e-03 6.584779207999999842e-03 6.258835592000000156e-03 7.132820148000000061e-03
7.278202545999999662e-03 1.244918676999999920e-03 7.210489452000000410e-03 6.448352989000000028e-03 6.603449857999999992e-03 6.289414275000000318e-03
6.390161339999999614e-03 7.210489452000000410e-03 1.246643224999999938e-03 7.103663470000000368e-03 6.235605961000000030e-03 6.472629998000000058e-03
6.584779207999999842e-03 6.448352989000000028e-03 7.103663470000000368e-03 1.230272723000000066e-03 6.896528122999999802e-03 6.185164731000000055e-03
6.258835592000000156e-03 6.603449857999999992e-03 6.235605961000000030e-03 6.896528122999999802e-03 1.213516065999999940e-03 6.900114425999999759e-03
7.132820148000000061e-03 6.289414275000000318e-03 6.472629998000000058e-03 6.185164731000000055e-03 6.900114425999999759e-03 1.203427830999999901e-03
