# <Sz_i Sz_j >
7.898813300000000481e-01 -4.098638124999999799e-01 1.230386101000000010e-01 -1.542382036999999928e-01 1.290874254999999915e-01 -3.992246668000000165e-01
-4.098638124999999799e-01 7.895646053000000553e-01 -3.993279827999999809e-01 1.256155982999999920e-01 -1.457126633999999976e-01 1.253388930000000068e-01
1.230386101000000010e-01 -3.993279827999999809e-01 7.881723259999999787e-01 -4.154150046000000263e-01 1.287949009999999894e-01 -1.494931570999999959e-01
-1.542382036999999928e-01 1.256155982999999920e-01 -4.154150046000000263e-01 7.877945038000000455e-01 -4.035691228000000130e-01 1.299995726000000018e-01
1.290874254999999915e-01 -1.457126633999999976e-01 1.287949009999999894e-01 -4.035691228000000130e-01 7.876857605000000540e-01 -4.252840823999999853e-01
-3.992246668000000165e-01 1.253388930000000068e-01 -1.494931570999999959e-01 1.299995726000000018e-01 -4.252840823999999853e-01 7.887919481999999816e-01
