# d<Sz_i Sz_j >
2.064444509000000136e-02 1.162415752999999968e-01 9.827185456999999735e-02 1.028721066999999934e-01 9.480787465999999941e-02 9.214025030000000394e-02 1.056475800999999992e-01 1.004375024999999977e-01 8.418884843000000451e-02 1.021218735999999960e-01 1.084401601999999964e-01 9.427187843999999817e-02 8.892624051000000418e-02 8.385865285000000668e-02 8.344661614999999977e-02 9.504327448999999595e-02 8.547404191000000651e-02 1.041525137000000045e-01 9.847911295000000287e-02 1.034172941999999956e-01 8.654515277999999534e-02 8.740136797000000457e-02 9.961888489999999596e-02 8.087193106999999992e-02 7.937285171999999833e-02 9.491149922000000072e-02 9.271533367999999775e-02 8.880560115999999726e-02 9.480874560999999479e-02 9.086168405000000226e-02 9.612926911999999935e-02 8.857565929999999810e-02 1.031335564000000066e-01 9.411545072999999428e-02 9.081347647000000134e-02 8.884946703000000390e-02 9.293049756000000550e-02 8.122967238000000645e-02 6.795670958999999733e-02 8.733573010999999553e-02 9.103749965000000610e-02 8.579256074999999648e-02 8.584569429999999723e-02 1.024651585999999948e-01 1.040910277000000050e-01 9.745718935000000083e-02 8.547313223999999932e-02 8.132090194999999633e-02 7.746282270000000303e-02 8.662755954999999675e-02 9.181411104999999406e-02 1.025064153000000006e-01 9.321853571999999533e-02 1.008513005999999990e-01 9.673558624000000439e-02 1.041857716000000045e-01 1.066121898000000068e-01 1.052911098999999989e-01 9.502140761999999796e-02 8.859192776999999519e-02 8.854597505000000313e-02 9.076468928000000491e-02 9.958524079000000140e-02 1.237851447000000021e-01
1.162415752999999968e-01 1.919063874999999905e-02 1.022909210000000069e-01 1.030811851000000001e-01 1.014801065999999946e-01 8.541091012000000260e-02 9.325477975000000253e-02 9.153428784000000595e-02 9.115968906999999399e-02 9.337165311999999495e-02 9.383113428000000589e-02 9.736099400999999320e-02 9.876584515000000342e-02 8.838426849000000085e-02 8.050782441999999872e-02 9.108563065999999986e-02 9.173517326999999777e-02 9.013846598999999959e-02 8.799036388000000541e-02 1.030442579000000053e-01 9.390030454000000693e-02 9.063419171000000607e-02 8.985220328000000090e-02 8.152296012000000147e-02 8.740744525999999404e-02 9.944617010999999562e-02 9.729463570000000672e-02 8.116718742999999570e-02 9.231711877999999871e-02 8.914780280999999584e-02 9.865587237999999537e-02 8.928347255999999343e-02 1.023343188999999986e-01 9.981459406999999839e-02 1.028449805000000022e-01 9.015928164000000522e-02 9.036561874000000050e-02 8.743867931000000315e-02 9.006592423999999764e-02 8.814074857999999735e-02 9.736546181999999883e-02 9.289742227000000185e-02 8.995499726000000251e-02 1.025046304999999991e-01 9.852446199999999321e-02 9.473874706000000312e-02 9.254123572000000353e-02 9.814925506999999660e-02 9.248436730999999578e-02 8.238793338000000022e-02 9.741901187000000240e-02 9.925176011000000353e-02 9.398124827999999875e-02 9.781933798000000402e-02 9.901184276999999700e-02 9.705986292000000348e-02 1.035502667999999987e-01 1.039021106000000000e-01 9.565742283000000512e-02 8.760591390999999950e-02 8.462043627000000179e-02 8.912901066999999455e-02 1.022473108999999991e-01 1.036326458000000061e-01
9.827185456999999735e-02 1.022909210000000069e-01 1.777163009000000057e-02 1.264485719000000008e-01 1.107347184000000012e-01 8.873832835000000641e-02 9.383483980000000002e-02 9.627218884999999560e-02 9.419411684999999534e-02 1.042435349999999983e-01 1.013702915000000010e-01 9.670983998000000359e-02 1.031285450999999964e-01 9.407505491999999803e-02 9.059032760000000628e-02 9.849297676000000334e-02 9.854584825999999909e-02 9.181311842000000611e-02 1.050169261999999992e-01 1.108795699999999967e-01 1.022014311000000036e-01 9.698662852999999362e-02 9.506230045999999878e-02 7.938674380000000641e-02 8.504328294999999316e-02 1.017432214000000001e-01 9.568301553999999931e-02 7.635206201999999998e-02 9.032936805999999819e-02 9.601323226999999849e-02 9.934284150000000091e-02 9.988837340999999481e-02 1.037406002999999993e-01 1.008921824000000023e-01 1.136969884000000042e-01 9.256710985999999641e-02 9.319322068999999487e-02 8.865280581999999965e-02 9.612654314000000644e-02 9.554653178999999996e-02 1.008363716999999965e-01 1.038755799999999951e-01 9.986388208999999461e-02 1.057408813000000058e-01 9.454152590000000633e-02 7.154663007000000574e-02 9.049922766000000063e-02 1.007480800000000037e-01 8.975000042000000344e-02 9.179849698000000502e-02 9.919636058000000367e-02 9.863898492000000573e-02 9.443926719999999608e-02 1.015352947000000006e-01 1.004163314000000029e-01 1.039223950999999951e-01 1.094801323999999992e-01 1.123649793000000008e-01 1.080596075999999961e-01 9.461299623999999686e-02 8.946402872000000506e-02 9.529724397000000069e-02 1.001335693999999971e-01 1.057467254000000051e-01
1.028721066999999934e-01 1.030811851000000001e-01 1.264485719000000008e-01 1.868431791000000133e-02 1.326583285000000056e-01 9.526691317999999575e-02 1.003464842000000024e-01 9.944469677999999424e-02 9.506904587999999434e-02 1.078688510999999961e-01 1.035887882000000038e-01 1.133078391999999962e-01 1.099580748999999941e-01 1.077705505000000064e-01 9.930743040999999438e-02 1.093779306000000062e-01 1.013592692000000045e-01 1.011265016000000017e-01 1.058955044000000068e-01 1.120332277000000015e-01 1.022347326999999972e-01 9.719827978999999452e-02 1.031374251999999936e-01 9.213013016000000388e-02 9.902669189000000427e-02 1.071252010000000032e-01 9.669684671999999315e-02 8.222587374999999754e-02 8.779776828999999450e-02 9.381076764000000068e-02 9.978905137000000647e-02 1.067605647000000046e-01 1.115142041999999944e-01 1.120358899999999991e-01 1.169904068999999963e-01 9.665779892999999678e-02 9.658463918000000092e-02 9.695674641000000260e-02 9.761491707000000129e-02 9.930239992000000626e-02 9.894522128999999611e-02 1.020218662000000054e-01 9.130060695000000170e-02 1.002537669999999936e-01 1.038803529999999947e-01 9.935786640999999531e-02 9.811727255999999620e-02 1.051144383000000015e-01 1.041499622000000014e-01 8.996854846000000572e-02 9.664686862999999351e-02 9.169135286000000551e-02 9.897761026000000129e-02 9.852754484999999562e-02 1.161595381000000010e-01 1.034970105999999945e-01 1.093587023999999935e-01 1.227179225000000068e-01 1.095704898000000038e-01 9.536196885999999318e-02 1.013163026999999994e-01 1.026534021999999935e-01 1.056573932999999993e-01 1.173948509000000001e-01
9.480787465999999941e-02 1.014801065999999946e-01 1.107347184000000012e-01 1.326583285000000056e-01 1.788571255999999929e-02 1.086081646999999956e-01 9.874685723999999942e-02 9.787398194999999412e-02 1.047165926000000052e-01 1.061744159999999937e-01 1.037127850999999962e-01 1.075569150999999973e-01 1.092045576000000018e-01 9.838609897000000215e-02 8.996946693000000550e-02 1.119052051999999964e-01 1.045161014999999999e-01 9.816753508999999378e-02 1.038183901000000048e-01 1.086217274000000066e-01 9.538889424999999478e-02 9.785008723999999436e-02 9.718138983000000619e-02 9.075478435000000621e-02 1.007672718000000023e-01 1.081748451999999944e-01 1.018920442000000037e-01 8.834335313999999717e-02 8.650793528000000343e-02 9.859775986999999575e-02 1.046146827999999973e-01 1.034599551999999950e-01 1.101743149000000005e-01 1.170725147999999993e-01 1.167581267000000061e-01 9.137896468999999466e-02 9.222185255999999776e-02 9.878355313999999388e-02 9.400639497000000400e-02 1.000830501000000011e-01 1.015157636999999974e-01 9.363736728999999537e-02 1.098311532999999979e-01 1.151567814000000051e-01 1.056557256000000000e-01 1.034030125000000022e-01 9.128567946000000488e-02 1.056744612999999944e-01 1.053499809000000009e-01 1.024762795000000032e-01 9.412756070000000141e-02 1.022926900000000056e-01 9.505077934000000228e-02 1.048016112000000055e-01 1.140059685999999933e-01 1.046139257999999933e-01 1.070079141999999983e-01 1.180433511999999935e-01 1.086233365000000006e-01 9.804851823000000632e-02 9.681707554000000548e-02 1.032933324000000069e-01 1.046358037000000019e-01 1.131639004999999976e-01
9.214025030000000394e-02 8.541091012000000260e-02 8.873832835000000641e-02 9.526691317999999575e-02 1.086081646999999956e-01 1.547561276000000013e-02 1.128375660000000003e-01 8.049750396999999502e-02 9.228321707999999346e-02 1.000058221999999969e-01 1.024620702000000050e-01 1.033074164999999989e-01 9.601973097999999540e-02 8.334180586000000668e-02 8.695004602000000471e-02 9.644860513000000357e-02 9.033514103999999711e-02 9.875512593000000672e-02 9.529443030999999731e-02 9.744736318999999702e-02 8.690060032999999406e-02 8.760542440000000652e-02 9.280012173000000419e-02 8.277336069000000573e-02 9.465910477000000212e-02 9.105238490000000517e-02 9.019282987000000473e-02 8.433468029000000532e-02 8.522704255999999368e-02 9.740892714000000396e-02 9.535309645999999473e-02 9.358139859000000338e-02 1.025533042000000006e-01 9.919535091999999443e-02 9.725580958000000498e-02 8.764033737000000157e-02 8.135181303999999836e-02 8.700223213999999650e-02 8.302540377000000582e-02 9.250103077999999313e-02 9.526613693999999577e-02 9.377138179999999767e-02 9.301952725999999838e-02 9.965453170999999388e-02 9.724056619000000234e-02 9.252935834000000637e-02 9.227932448999999482e-02 8.843389143999999535e-02 9.044906165999999637e-02 9.711825877999999412e-02 9.348614899000000367e-02 8.954065719999999839e-02 8.747001187000000288e-02 9.577178457000000422e-02 9.906125781999999824e-02 1.107568480999999994e-01 1.064614829999999956e-01 9.992110897000000547e-02 9.795807652000000643e-02 9.277894965999999854e-02 9.137955924000000507e-02 1.014684767000000043e-01 9.911444000999999893e-02 1.074694766000000024e-01
1.056475800999999992e-01 9.325477975000000253e-02 9.383483980000000002e-02 1.003464842000000024e-01 9.874685723999999942e-02 1.128375660000000003e-01 1.599230182999999972e-02 1.049798911999999945e-01 9.216695205000000057e-02 1.022452809999999934e-01 1.072518846999999942e-01 9.430759833000000592e-02 9.324201019000000201e-02 9.091333426000000606e-02 7.760759803000000234e-02 8.600943503999999851e-02 9.114155021000000523e-02 1.030938641999999961e-01 9.354957452999999867e-02 1.056043775999999934e-01 9.096011191000000218e-02 9.161283292999999883e-02 9.854343215999999961e-02 8.570479742999999317e-02 8.490434774999999767e-02 8.645260872000000429e-02 9.343879756999999564e-02 8.367011860999999662e-02 9.082803008999999761e-02 9.892758993000000389e-02 9.699295866000000321e-02 8.402441618000000556e-02 1.028026677000000028e-01 1.020392977000000034e-01 9.836761228000000246e-02 8.240958748000000444e-02 9.071315305999999579e-02 8.574876819000000483e-02 8.017293237000000516e-02 8.702028547000000003e-02 9.311016233999999669e-02 9.256088732999999402e-02 9.359291772000000176e-02 1.071676188999999974e-01 9.749181734999999571e-02 9.512049405000000402e-02 8.833527017999999453e-02 9.193389335000000384e-02 8.704719674999999990e-02 8.928193084999999640e-02 1.012560380000000065e-01 9.893663065999999673e-02 9.040431221000000406e-02 9.771007708999999986e-02 1.077320222999999938e-01 1.048151754000000019e-01 1.082304372999999958e-01 9.798939360000000209e-02 9.993726879000000562e-02 9.432313489999999412e-02 9.146719821000000306e-02 9.547879480000000252e-02 1.012455364000000024e-01 1.033627990999999996e-01
1.004375024999999977e-01 9.153428784000000595e-02 9.627218884999999560e-02 9.944469677999999424e-02 9.787398194999999412e-02 8.049750396999999502e-02 1.049798911999999945e-01 1.582080448999999972e-02 8.558839919999999823e-02 9.853965902000000332e-02 1.032657258999999939e-01 9.587762531000000588e-02 9.052925076999999987e-02 8.610730582999999438e-02 8.219405876999999472e-02 9.140610679999999766e-02 8.989005238000000175e-02 9.733635624000000486e-02 9.471266559999999557e-02 1.013773042000000041e-01 8.575289698999999377e-02 8.569168729999999956e-02 9.923130270999999669e-02 8.023547456000000577e-02 8.760239619000000089e-02 8.843260730999999431e-02 8.450728390999999451e-02 7.276133849999999459e-02 8.663368594999999728e-02 9.313672521999999399e-02 9.379182626000000245e-02 8.445245053000000057e-02 9.493379096000000017e-02 9.620731131000000158e-02 7.865516974000000272e-02 8.268268374999999948e-02 8.160020724000000003e-02 8.515676628000000414e-02 8.365497917000000450e-02 8.800113310000000355e-02 8.655695617000000452e-02 8.734481081000000646e-02 8.599368938000000184e-02 1.029362518999999976e-01 9.532204311000000430e-02 8.555378501999999497e-02 7.609072428999999471e-02 9.183904173000000115e-02 8.509863500000000580e-02 8.752137221000000356e-02 9.826281490999999590e-02 9.410602999999999330e-02 8.613622881000000675e-02 9.898911913999999812e-02 9.605784155999999574e-02 8.511231536999999681e-02 9.692792471000000187e-02 9.994228162000000359e-02 9.052849803000000140e-02 8.502130729000000053e-02 8.857090926999999780e-02 9.320535342999999862e-02 9.493209362000000484e-02 1.000492025000000035e-01
8.418884843000000451e-02 9.115968906999999399e-02 9.419411684999999534e-02 9.506904587999999434e-02 1.047165926000000052e-01 9.228321707999999346e-02 9.216695205000000057e-02 8.558839919999999823e-02 1.531458100000000072e-02 9.906823258999999937e-02 8.834003861000000457e-02 9.534861763999999407e-02 1.045126722999999980e-01 9.383677561000000611e-02 9.187099785999999768e-02 9.710869197999999480e-02 9.783443807000000159e-02 9.325981328000000625e-02 1.017855408999999989e-01 1.062611861999999963e-01 9.592945875000000178e-02 8.463244813999999672e-02 8.978718317000000670e-02 7.804262879999999958e-02 9.339722410999999613e-02 8.807358969999999621e-02 8.235597491000000436e-02 7.301473651999999814e-02 7.803709017000000359e-02 9.954842859000000155e-02 1.013280141000000023e-01 9.501922408000000597e-02 1.025353561999999968e-01 9.786059431999999392e-02 9.774603193000000467e-02 8.341432643000000480e-02 8.232320659000000318e-02 8.923464559999999546e-02 9.424173179000000511e-02 9.230470373000000672e-02 9.632829434999999607e-02 9.360336575000000048e-02 9.481147360000000135e-02 1.022923559000000066e-01 8.687113361999999894e-02 8.618186748999999425e-02 9.416277738999999369e-02 9.896715648999999948e-02 8.886147021000000146e-02 8.359479321000000407e-02 9.716117636000000390e-02 9.575325239000000155e-02 9.161630190000000229e-02 8.365423489999999906e-02 9.845427033999999689e-02 9.336044253000000404e-02 1.048604853999999947e-01 1.023036900999999971e-01 9.237905770000000294e-02 8.560635902999999547e-02 9.347518237000000674e-02 9.785425015000000226e-02 9.626967494999999486e-02 9.901184851000000009e-02
1.021218735999999960e-01 9.337165311999999495e-02 1.042435349999999983e-01 1.078688510999999961e-01 1.061744159999999937e-01 1.000058221999999969e-01 1.022452809999999934e-01 9.853965902000000332e-02 9.906823258999999937e-02 1.682535440999999993e-02 1.119626534000000007e-01 9.977768506999999676e-02 1.021481129000000043e-01 9.857547738999999920e-02 9.370621771999999849e-02 1.017527983999999969e-01 1.001872461000000020e-01 1.066743306000000058e-01 1.099953632000000014e-01 1.169106869999999992e-01 9.978056882999999933e-02 9.701390173000000450e-02 9.776761410999999791e-02 7.986422701999999763e-02 9.793793621999999366e-02 1.002818904999999983e-01 8.954578584000000285e-02 8.860438883000000543e-02 9.896439512000000660e-02 1.074803317999999952e-01 1.032391366000000033e-01 9.568623062000000679e-02 1.141097543000000047e-01 1.048378848999999974e-01 1.040041636999999991e-01 1.008020362000000003e-01 9.288795257000000138e-02 8.814942235000000625e-02 9.022553730000000549e-02 9.354070494999999763e-02 9.840524718000000226e-02 1.039439597999999992e-01 1.020419211999999964e-01 1.133580547999999966e-01 1.012392482000000066e-01 9.727179643000000153e-02 9.685831774000000505e-02 9.499491526000000685e-02 9.078133780000000042e-02 9.560019526999999351e-02 1.048274624000000016e-01 1.029953920999999994e-01 9.759463804000000076e-02 9.842968997999999858e-02 1.012475538999999952e-01 1.087933415000000015e-01 1.128696607999999935e-01 1.137349681000000001e-01 1.048774375000000036e-01 1.041235414000000054e-01 1.037608619999999954e-01 1.026901020999999997e-01 1.016989633000000004e-01 1.113526732000000019e-01
1.084401601999999964e-01 9.383113428000000589e-02 1.013702915000000010e-01 1.035887882000000038e-01 1.037127850999999962e-01 1.024620702000000050e-01 1.072518846999999942e-01 1.032657258999999939e-01 8.834003861000000457e-02 1.119626534000000007e-01 1.807540097999999970e-02 1.216504919000000046e-01 1.030849935999999939e-01 1.011282260000000016e-01 9.937936282999999815e-02 9.917464110000000221e-02 1.013269630000000060e-01 1.060196726000000034e-01 1.051902388999999965e-01 1.162125132000000061e-01 1.035438820000000038e-01 1.033272013000000045e-01 1.004721620999999981e-01 8.832442128999999642e-02 9.229826398000000320e-02 9.479096365000000413e-02 9.742643618000000616e-02 9.247472479000000412e-02 9.424897297999999812e-02 1.047137486000000034e-01 9.615536090000000036e-02 7.959377891999999677e-02 1.088651120999999944e-01 1.166725299999999965e-01 1.115787983999999983e-01 9.868365245000000618e-02 1.015315690999999965e-01 9.708886267999999875e-02 8.522826511000000660e-02 9.734412451000000466e-02 1.029319461000000047e-01 1.036029125000000051e-01 9.674620121999999434e-02 1.124525943000000000e-01 9.844687893999999606e-02 9.526564541000000219e-02 9.116050203000000685e-02 9.170003579999999599e-02 9.609105625000000095e-02 9.292836999999999625e-02 1.095458894999999933e-01 1.092635948999999967e-01 9.969263388000000614e-02 1.036520781000000030e-01 1.112981766000000067e-01 1.127601396999999978e-01 1.117259300999999955e-01 1.185889826999999980e-01 1.043501827000000021e-01 1.003760722999999938e-01 1.002592405999999936e-01 1.014021469000000036e-01 1.075618901000000016e-01 1.189805862000000020e-01
9.427187843999999817e-02 9.736099400999999320e-02 9.670983998000000359e-02 1.133078391999999962e-01 1.075569150999999973e-01 1.033074164999999989e-01 9.430759833000000592e-02 9.587762531000000588e-02 9.534861763999999407e-02 9.977768506999999676e-02 1.216504919000000046e-01 1.817466245000000022e-02 1.083605980000000024e-01 1.131268438999999959e-01 1.084472875000000031e-01 9.581934263999999923e-02 9.620740728000000408e-02 9.814973612999999819e-02 1.061325585999999960e-01 1.189721039999999952e-01 1.109397582999999965e-01 1.088385186000000032e-01 9.975888786000000619e-02 9.342840080000000547e-02 1.095200236000000021e-01 1.000068523999999986e-01 9.561058031999999929e-02 8.682592218000000084e-02 8.975119888999999462e-02 1.003189210999999997e-01 1.061153982000000023e-01 1.043488431000000050e-01 1.111579384999999975e-01 1.031527443000000016e-01 1.116667394000000063e-01 8.614428879999999622e-02 9.978393901000000288e-02 1.034692712000000042e-01 9.880854000000000026e-02 9.743535662999999736e-02 1.014178886000000057e-01 1.030617223000000054e-01 9.618860355000000140e-02 1.136650064999999987e-01 1.010245312000000034e-01 9.011471445999999497e-02 9.645765612999999961e-02 9.939894207999999676e-02 9.237807966000000093e-02 9.526816428999999864e-02 1.092874860000000031e-01 1.079519562000000044e-01 1.019574406999999988e-01 1.118021636000000041e-01 1.165277103999999980e-01 1.161072196000000056e-01 1.116156229000000027e-01 1.214523121000000011e-01 1.002593534000000008e-01 8.643397281999999626e-02 1.026755773999999954e-01 1.025536776999999983e-01 8.582860584000000237e-02 1.160233199999999992e-01
8.892624051000000418e-02 9.876584515000000342e-02 1.031285450999999964e-01 1.099580748999999941e-01 1.092045576000000018e-01 9.601973097999999540e-02 9.324201019000000201e-02 9.052925076999999987e-02 1.045126722999999980e-01 1.021481129000000043e-01 1.030849935999999939e-01 1.083605980000000024e-01 2.161503348000000033e-02 1.216893084000000014e-01 1.073092924000000059e-01 1.039963586000000051e-01 1.087362974999999954e-01 1.028017725999999937e-01 9.777458104000000261e-02 1.204708607000000015e-01 1.115434171999999946e-01 1.084708751000000027e-01 9.497334589000000493e-02 9.091025024000000399e-02 1.080289485999999938e-01 9.410278271999999999e-02 8.057945849000000549e-02 8.493356186000000640e-02 8.494121840000000423e-02 1.038999968000000051e-01 1.058445068999999961e-01 1.028278873999999982e-01 1.096634405000000007e-01 1.082638201999999994e-01 1.155632451000000033e-01 1.038434815999999955e-01 9.430652049000000370e-02 1.025795644999999978e-01 1.026036998999999977e-01 9.774916011999999765e-02 1.071401728999999969e-01 1.107889264000000012e-01 1.018965794000000064e-01 1.158759419000000013e-01 1.010250243000000020e-01 8.918506038000000025e-02 1.029201621000000039e-01 1.049675364999999999e-01 9.308951404000000152e-02 8.497701139999999653e-02 1.040708144000000029e-01 1.082497548999999948e-01 9.706291105000000585e-02 1.040948131000000026e-01 1.147514022000000050e-01 1.114062234000000040e-01 1.165996784000000036e-01 1.183756960000000025e-01 9.102118322999999678e-02 8.622410429000000598e-02 1.062898136000000049e-01 1.109216633000000007e-01 1.080319921000000016e-01 1.096801980000000065e-01
8.385865285000000668e-02 8.838426849000000085e-02 9.407505491999999803e-02 1.077705505000000064e-01 9.838609897000000215e-02 8.334180586000000668e-02 9.091333426000000606e-02 8.610730582999999438e-02 9.383677561000000611e-02 9.857547738999999920e-02 1.011282260000000016e-01 1.131268438999999959e-01 1.216893084000000014e-01 1.766306562000000135e-02 1.034395699999999946e-01 9.399730896999999863e-02 9.861722313000000073e-02 1.005508692999999981e-01 8.905595656999999721e-02 1.100574141999999950e-01 1.057490571999999962e-01 1.019317453000000012e-01 8.819296040000000614e-02 8.515770120000000498e-02 1.005089014999999975e-01 8.973359617999999982e-02 8.073593557000000032e-02 8.065041558999999638e-02 7.937061421999999644e-02 9.645825942999999847e-02 9.019023197000000658e-02 9.697699797000000621e-02 1.027309539999999993e-01 1.001992270000000018e-01 1.062143415999999979e-01 9.139497882000000017e-02 8.605209805999999850e-02 8.711571141000000462e-02 9.335875822000000435e-02 8.906873545000000558e-02 9.382006910000000033e-02 1.047236509000000065e-01 9.497295035000000163e-02 1.059713260999999990e-01 9.021474267000000047e-02 8.536717338999999516e-02 8.620353651999999867e-02 1.011258465999999995e-01 7.964059225000000297e-02 8.419891882999999688e-02 1.004471722000000039e-01 1.024257085999999983e-01 9.122183051000000431e-02 9.664801442999999825e-02 1.027770134000000057e-01 9.863906574000000371e-02 1.028954906000000002e-01 1.008667032999999991e-01 9.005031645000000085e-02 8.750876384000000341e-02 1.007681527000000021e-01 1.029455618000000017e-01 1.066201776999999989e-01 1.047240450000000017e-01
8.344661614999999977e-02 8.050782441999999872e-02 9.059032760000000628e-02 9.930743040999999438e-02 8.996946693000000550e-02 8.695004602000000471e-02 7.760759803000000234e-02 8.219405876999999472e-02 9.187099785999999768e-02 9.370621771999999849e-02 9.937936282999999815e-02 1.084472875000000031e-01 1.073092924000000059e-01 1.034395699999999946e-01 1.992461636999999855e-02 1.205932905000000055e-01 9.185604463999999525e-02 8.814384228999999626e-02 9.974276057000000528e-02 1.030145053000000033e-01 1.041164537000000001e-01 9.592863427999999415e-02 7.754310444999999719e-02 8.120266145000000491e-02 9.873214874999999835e-02 9.137946799000000453e-02 8.099226404999999851e-02 8.420337466999999743e-02 8.586357951999999683e-02 1.013089402000000028e-01 9.798762793000000137e-02 9.788573690000000604e-02 1.028320191999999994e-01 1.009099841000000025e-01 1.066544593000000041e-01 9.637693730999999375e-02 8.575817420999999607e-02 8.918706503999999924e-02 8.511253779999999880e-02 9.213736244999999603e-02 9.131505365000000540e-02 9.298004192999999307e-02 9.236320269999999388e-02 1.038041776999999999e-01 9.316403869000000615e-02 8.899645464000000006e-02 8.879374777000000052e-02 9.106516577999999862e-02 8.838524165000000155e-02 9.435033442000000103e-02 8.659025238999999707e-02 9.657782933000000347e-02 9.174668721999999776e-02 9.350053964000000495e-02 1.026307265999999996e-01 1.007677435000000066e-01 9.748118438000000219e-02 8.355990749000000162e-02 9.125373678999999794e-02 8.527036596999999774e-02 9.076169876999999608e-02 8.642816250000000255e-02 8.803743309000000572e-02 1.013510517000000000e-01
9.504327448999999595e-02 9.108563065999999986e-02 9.849297676000000334e-02 1.093779306000000062e-01 1.119052051999999964e-01 9.644860513000000357e-02 8.600943503999999851e-02 9.140610679999999766e-02 9.710869197999999480e-02 1.017527983999999969e-01 9.917464110000000221e-02 9.581934263999999923e-02 1.039963586000000051e-01 9.399730896999999863e-02 1.205932905000000055e-01 1.942888065000000081e-02 1.149545220000000034e-01 9.814424773999999574e-02 1.027551934000000000e-01 1.119132211999999960e-01 1.036924515000000047e-01 9.514521609999999907e-02 9.621586685999999888e-02 8.073460214000000024e-02 9.574462367000000085e-02 9.028663505999999506e-02 9.192623930000000387e-02 9.195416681000000148e-02 9.175458032000000097e-02 1.044696021000000030e-01 1.065165931000000010e-01 1.024484305000000067e-01 1.062724059000000054e-01 1.034257336999999943e-01 1.131395703000000058e-01 9.568724017000000692e-02 9.234273682999999400e-02 9.278425315999999645e-02 9.116968927000000666e-02 8.970505909999999805e-02 9.577426731999999499e-02 9.964905155999999320e-02 1.002105699999999988e-01 1.074886392999999940e-01 9.553331438999999869e-02 9.314092917999999832e-02 8.989580269999999929e-02 9.187542677000000435e-02 9.792129477000000026e-02 9.972939573000000335e-02 9.751536917000000471e-02 1.004546327999999988e-01 9.609415544999999614e-02 9.845982941000000488e-02 1.066511140000000052e-01 1.081190640999999952e-01 1.061979789999999979e-01 1.105554794000000035e-01 8.644567506000000456e-02 9.165080747999999888e-02 1.016798210000000036e-01 1.048634229999999973e-01 9.846710976000000448e-02 1.090726261999999946e-01
8.547404191000000651e-02 9.173517326999999777e-02 9.854584825999999909e-02 1.013592692000000045e-01 1.045161014999999999e-01 9.033514103999999711e-02 9.114155021000000523e-02 8.989005238000000175e-02 9.783443807000000159e-02 1.001872461000000020e-01 1.013269630000000060e-01 9.620740728000000408e-02 1.087362974999999954e-01 9.861722313000000073e-02 9.185604463999999525e-02 1.149545220000000034e-01 1.787160205000000099e-02 8.918577411000000454e-02 1.034324877000000059e-01 1.070204064000000038e-01 1.025419838000000000e-01 1.017413637999999981e-01 8.885292831999999641e-02 8.269395731999999721e-02 9.323549552000000296e-02 8.909242428999999963e-02 8.183568126000000109e-02 8.518558152999999855e-02 9.307687912999999813e-02 1.026189896000000018e-01 1.032818508999999996e-01 9.792915103999999538e-02 1.015144263000000019e-01 1.051423550000000068e-01 1.092113588000000052e-01 8.646651946000000200e-02 8.654272456999999308e-02 7.923520707999999468e-02 1.038415775999999985e-01 9.584909087000000050e-02 9.999377338999999865e-02 1.020449427000000020e-01 9.728068821999999449e-02 1.079431123999999992e-01 9.111241336000000524e-02 8.322052559999999766e-02 9.689512515999999798e-02 1.011432550999999957e-01 9.375467296999999423e-02 8.955338041999999499e-02 7.819841127000000391e-02 9.126271266999999576e-02 7.699697621999999908e-02 9.836567384000000080e-02 1.002550853999999991e-01 1.021016341000000049e-01 1.029569243999999967e-01 1.033830203000000031e-01 8.976253536000000643e-02 9.122809004000000110e-02 9.199322518999999976e-02 9.532014511000000412e-02 1.007637666999999931e-01 1.066172070999999999e-01
1.041525137000000045e-01 9.013846598999999959e-02 9.181311842000000611e-02 1.011265016000000017e-01 9.816753508999999378e-02 9.875512593000000672e-02 1.030938641999999961e-01 9.733635624000000486e-02 9.325981328000000625e-02 1.066743306000000058e-01 1.060196726000000034e-01 9.814973612999999819e-02 1.028017725999999937e-01 1.005508692999999981e-01 8.814384228999999626e-02 9.814424773999999574e-02 8.918577411000000454e-02 2.055585493999999985e-02 1.223723924000000018e-01 1.132690506000000041e-01 1.015124847999999969e-01 9.893942580999999514e-02 9.483284661999999421e-02 8.508267835999999695e-02 9.440703967999999890e-02 8.919622892999999608e-02 8.883514174999999902e-02 8.811916520000000197e-02 9.889357394999999384e-02 1.045126274000000022e-01 1.026594816999999993e-01 9.492363880000000143e-02 1.021446899000000019e-01 9.592456115000000394e-02 9.835383250000000188e-02 8.531279163999999637e-02 9.696699994000000655e-02 9.253129900999999824e-02 9.642937207000000510e-02 9.082947550000000647e-02 9.999607805000000627e-02 1.050471042000000049e-01 9.785020210000000551e-02 1.124397164000000005e-01 9.400822019000000529e-02 8.887947431999999870e-02 1.036313043999999989e-01 9.654807264999999694e-02 8.830946654000000617e-02 8.951364182000000336e-02 9.837915065999999764e-02 9.824422146000000300e-02 9.663840238000000193e-02 1.002915962999999938e-01 1.105295865999999932e-01 1.115808392999999982e-01 9.950400248999999309e-02 1.088991762999999974e-01 8.808134889999999495e-02 8.791116260999999599e-02 9.859027440999999781e-02 1.047277912000000033e-01 1.048998344000000027e-01 1.185171918000000046e-01
9.847911295000000287e-02 8.799036388000000541e-02 1.050169261999999992e-01 1.058955044000000068e-01 1.038183901000000048e-01 9.529443030999999731e-02 9.354957452999999867e-02 9.471266559999999557e-02 1.017855408999999989e-01 1.099953632000000014e-01 1.051902388999999965e-01 1.061325585999999960e-01 9.777458104000000261e-02 8.905595656999999721e-02 9.974276057000000528e-02 1.027551934000000000e-01 1.034324877000000059e-01 1.223723924000000018e-01 2.032167386000000020e-02 1.224263554000000059e-01 1.033664806000000047e-01 9.764111371000000483e-02 9.443639985000000514e-02 7.558237470999999708e-02 9.411574018000000430e-02 1.031975707000000048e-01 8.136390724000000518e-02 8.788046775999999727e-02 1.051036835999999974e-01 1.007905857999999988e-01 9.653392371999999777e-02 9.894174098999999889e-02 1.056875669000000018e-01 1.018561000000000050e-01 1.027696510999999979e-01 9.341880582000000599e-02 8.861942285000000419e-02 9.095417730999999506e-02 9.111602732000000093e-02 8.335981840999999448e-02 9.162399793000000625e-02 9.844531824999999681e-02 9.944128053999999606e-02 1.160640795000000003e-01 1.022597400000000017e-01 9.900780817000000289e-02 9.643375293000000514e-02 9.489400806999999383e-02 8.331857022999999973e-02 9.152070972999999665e-02 9.989121320999999609e-02 1.054856415000000047e-01 9.716669256000000365e-02 1.076517055000000000e-01 1.049287024999999984e-01 1.067654301000000028e-01 1.101824512000000034e-01 1.123058757999999963e-01 8.982276913999999446e-02 9.364275357000000077e-02 1.048785769000000062e-01 1.093930310999999961e-01 1.010093858999999983e-01 1.145268816000000051e-01
1.034172941999999956e-01 1.030442579000000053e-01 1.108795699999999967e-01 1.120332277000000015e-01 1.086217274000000066e-01 9.744736318999999702e-02 1.056043775999999934e-01 1.013773042000000041e-01 1.062611861999999963e-01 1.169106869999999992e-01 1.162125132000000061e-01 1.189721039999999952e-01 1.204708607000000015e-01 1.100574141999999950e-01 1.030145053000000033e-01 1.119132211999999960e-01 1.070204064000000038e-01 1.132690506000000041e-01 1.224263554000000059e-01 1.472303217999999976e-02 1.267447451000000003e-01 1.121802692999999962e-01 1.018672426000000047e-01 8.887153606000000594e-02 1.074282361000000047e-01 1.118863050999999997e-01 9.659249824000000484e-02 9.519087584999999518e-02 1.099882321999999940e-01 1.135492528000000001e-01 1.103990563000000064e-01 1.059209406999999936e-01 1.161358765999999931e-01 1.124779625999999949e-01 1.161951705000000001e-01 1.076558276999999980e-01 1.000635101999999971e-01 9.864688625999999683e-02 1.026388029000000063e-01 1.059151395000000051e-01 1.079037268000000022e-01 1.106210655000000043e-01 1.065939335999999960e-01 1.261992828999999872e-01 1.079578427999999951e-01 1.038501331999999999e-01 1.075213208000000004e-01 1.062560282000000050e-01 9.236923560000000200e-02 1.011619529999999989e-01 1.150060678999999947e-01 1.162558895999999953e-01 1.048568856999999993e-01 1.156341240999999992e-01 1.178274058000000069e-01 1.200195970000000056e-01 1.215525704999999984e-01 1.211545512000000019e-01 1.094126076999999975e-01 1.043621903000000045e-01 1.107650117999999934e-01 1.147964892000000042e-01 1.063712354999999943e-01 1.177343700000000049e-01
8.654515277999999534e-02 9.390030454000000693e-02 1.022014311000000036e-01 1.022347326999999972e-01 9.538889424999999478e-02 8.690060032999999406e-02 9.096011191000000218e-02 8.575289698999999377e-02 9.592945875000000178e-02 9.978056882999999933e-02 1.035438820000000038e-01 1.109397582999999965e-01 1.115434171999999946e-01 1.057490571999999962e-01 1.041164537000000001e-01 1.036924515000000047e-01 1.025419838000000000e-01 1.015124847999999969e-01 1.033664806000000047e-01 1.267447451000000003e-01 1.614348812000000050e-02 1.000993409999999945e-01 8.475354351000000119e-02 7.831255781000000249e-02 1.064818815999999946e-01 9.920237939999999865e-02 9.041209682999999664e-02 9.323849070999999655e-02 9.594170271000000694e-02 1.056803065000000014e-01 9.597504491000000137e-02 1.022133303999999965e-01 1.095400165999999981e-01 1.023298638000000038e-01 1.110923265999999993e-01 1.003875647000000010e-01 9.594831708999999875e-02 9.072838550999999530e-02 9.622838389000000492e-02 9.452842192999999504e-02 9.594189445999999621e-02 9.235972400000000415e-02 9.958861044000000273e-02 1.134280834999999987e-01 1.017642376000000015e-01 9.614792091000000374e-02 9.501759945000000374e-02 9.776454346000000573e-02 9.072907311000000252e-02 9.486666599000000144e-02 1.080942284000000059e-01 1.122664924000000009e-01 1.007534647000000033e-01 1.035469418999999947e-01 1.087506684000000001e-01 1.035919483000000002e-01 1.007109900000000002e-01 1.133115950999999955e-01 9.782642074000000298e-02 9.599852679999999749e-02 9.910534744000000507e-02 1.035377969000000065e-01 1.054386228000000064e-01 1.023135768999999945e-01
8.740136797000000457e-02 9.063419171000000607e-02 9.698662852999999362e-02 9.719827978999999452e-02 9.785008723999999436e-02 8.760542440000000652e-02 9.161283292999999883e-02 8.569168729999999956e-02 8.463244813999999672e-02 9.701390173000000450e-02 1.033272013000000045e-01 1.088385186000000032e-01 1.084708751000000027e-01 1.019317453000000012e-01 9.592863427999999415e-02 9.514521609999999907e-02 1.017413637999999981e-01 9.893942580999999514e-02 9.764111371000000483e-02 1.121802692999999962e-01 1.000993409999999945e-01 1.764109931999999908e-02 9.636136084999999407e-02 7.569047835999999363e-02 9.561925270000000421e-02 6.787187125999999404e-02 9.286986859000000150e-02 8.779788766000000411e-02 9.075170634000000180e-02 9.240935939000000099e-02 8.480319610000000563e-02 9.387889369000000650e-02 9.729764708999999456e-02 9.607329287999999412e-02 9.872374922000000386e-02 9.130605404000000092e-02 9.254482921999999945e-02 8.656935018000000426e-02 9.106117554999999808e-02 8.727068088999999362e-02 8.930610794000000408e-02 9.216703463000000540e-02 9.365644199000000558e-02 1.101001152000000011e-01 1.010824069000000047e-01 9.534690727000000310e-02 8.961839367000000445e-02 8.799416974000000280e-02 7.962582863000000621e-02 8.218138864000000543e-02 1.023137556000000004e-01 9.954225825000000138e-02 8.778033030000000070e-02 9.051613477999999324e-02 9.490661326999999536e-02 9.669877173999999465e-02 1.022259954000000054e-01 1.110180731000000032e-01 9.471272220000000186e-02 9.056515748000000532e-02 9.811922735000000451e-02 9.912683367999999828e-02 1.034704817000000054e-01 1.000575967999999955e-01
9.961888489999999596e-02 8.985220328000000090e-02 9.506230045999999878e-02 1.031374251999999936e-01 9.718138983000000619e-02 9.280012173000000419e-02 9.854343215999999961e-02 9.923130270999999669e-02 8.978718317000000670e-02 9.776761410999999791e-02 1.004721620999999981e-01 9.975888786000000619e-02 9.497334589000000493e-02 8.819296040000000614e-02 7.754310444999999719e-02 9.621586685999999888e-02 8.885292831999999641e-02 9.483284661999999421e-02 9.443639985000000514e-02 1.018672426000000047e-01 8.475354351000000119e-02 9.636136084999999407e-02 1.607394489000000051e-02 9.750828524000000608e-02 8.985527687000000041e-02 8.782095054999999872e-02 8.761950299000000053e-02 7.476012960000000263e-02 8.336759071999999549e-02 8.747216057999999961e-02 9.102343767999999946e-02 8.957542665999999876e-02 9.660161240999999566e-02 9.994430758000000248e-02 9.646056252000000109e-02 8.911170557000000492e-02 9.687551996000000332e-02 8.844687417999999579e-02 7.960008321000000553e-02 8.273823760000000027e-02 9.291623771000000198e-02 8.844135107999999412e-02 8.577500228999999921e-02 1.009368053999999959e-01 9.998093868000000606e-02 8.540255375999999954e-02 7.348496373000000526e-02 9.013618376000000210e-02 9.168903897999999830e-02 8.366605715000000054e-02 9.319071938999999583e-02 9.470668958000000304e-02 8.959884984999999524e-02 1.035395665999999937e-01 1.020397843000000054e-01 9.610524463000000295e-02 1.031860950999999998e-01 1.047344833999999947e-01 9.591962301999999718e-02 7.714539217999999421e-02 9.165450061999999565e-02 9.302197939999999610e-02 9.520858215999999929e-02 1.046088483000000013e-01
8.087193106999999992e-02 8.152296012000000147e-02 7.938674380000000641e-02 9.213013016000000388e-02 9.075478435000000621e-02 8.277336069000000573e-02 8.570479742999999317e-02 8.023547456000000577e-02 7.804262879999999958e-02 7.986422701999999763e-02 8.832442128999999642e-02 9.342840080000000547e-02 9.091025024000000399e-02 8.515770120000000498e-02 8.120266145000000491e-02 8.073460214000000024e-02 8.269395731999999721e-02 8.508267835999999695e-02 7.558237470999999708e-02 8.887153606000000594e-02 7.831255781000000249e-02 7.569047835999999363e-02 9.750828524000000608e-02 1.775207730999999942e-02 9.938380484999999320e-02 9.003518585000000463e-02 8.449797567000000287e-02 6.758261845000000656e-02 6.322473700000000307e-02 7.978873710999999369e-02 8.345930529999999459e-02 8.685775323000000103e-02 9.445456272999999681e-02 9.656887520000000114e-02 8.959528432999999681e-02 8.323463227999999825e-02 7.957977941999999638e-02 8.171606797000000033e-02 7.624544351999999747e-02 7.360245737999999982e-02 7.779742213000000184e-02 8.191708404000000443e-02 7.923645078999999591e-02 8.531173848999999698e-02 7.848003509999999794e-02 7.886635717999999906e-02 8.169943337000000472e-02 9.288542412000000414e-02 9.093149324999999505e-02 8.529463552999999587e-02 9.059193868999999844e-02 9.335134725999999494e-02 8.480962754000000159e-02 8.613954813999999405e-02 1.016803196999999936e-01 8.804643186999999704e-02 8.478303309000000121e-02 9.293711035000000453e-02 8.003044801000000485e-02 8.052298339999999777e-02 8.175129606000000604e-02 8.344937767000000506e-02 9.392054851999999399e-02 8.595962400999999919e-02
