 Effective number of bins, and bins:           12          14

OBS :    1      -13.869445      0.010603

OBS :    2        1.000000      0.000000
