<Sz_i Sz_j >                                      
0.4763314255     0.002125495903   0.001869737932   -0.0202847639    -0.05249528984   -0.08170336888   -1.562307689e-05 0.003124952234   0.0007969822623  -0.01858550563   -0.05567391806   -0.08087087339   -0.001283582696  -0.06611879936   -0.004201619665  -0.001675608467  -0.004556335105  0.002062192339   -0.003864391347  -0.003184248428  0.0003353903436  -0.002334644259  -0.06207126199   -0.001495064812  0.001682476181   -0.001716067589  -0.000334374034  -0.002902414325  0.0001430425996  -0.001257425437  -0.0001243382332 -0.0001423988702 0.0002701941988  -0.003941266384  0.000674863915   0.0006116136738  0.0004525891862  0.001315468952   -0.0022033548    -0.0006721293778 0.0007696979182  0.0007835746435  -0.001191035018  -0.0007015367718 0.0005284285922  -8.547611872e-05 -0.00129111895   -0.0008492895481
0.002125495903   0.5723754047     0.001903474395   -0.05467384905   -0.04444371662   -0.04823140567   0.004411323902   -0.01156374442   -0.0007481083909 -0.05583772829   -0.0409269854    -0.05071831847   -0.01219468778   -0.01665818311   -0.04179988162   -0.005676036546  -0.006651420425  -0.0007809922784 -0.004924929086  -0.003720735043  0.003407901883   -0.01446874772   -0.01526540381   -0.04418502506   -0.003109957108  -0.0003315071374 0.0009460811276  -0.0007059172432 0.001668940611   -0.0002127955208 -0.002783362581  0.0006283460663  0.003321182456   0.0007310872543  -0.005448037358  0.001947713848   -0.0006141115596 -0.002597762874  0.0001109077     -0.001304428919  0.0004538857585  -0.002552849029  -0.0008807858668 -0.002024764935  0.00140379373    -0.001797518693  -0.0006176704109 0.002481333058  
0.001869737932   0.001903474395   0.5216876487     -0.07992070194   -0.04923793773   0.001089941128   -0.001255229836  0.001083841508   0.003416983494   -0.08004773944   -0.05102342374   -0.001546988138  -0.04338326904   -0.01215862271   -0.01039379924   0.001284430071   -0.002957474372  0.003180494861   -0.0002117097435 -0.004564344587  0.002529959807   -0.04222268215   -0.01506756599   -0.01384246564   -0.001088121318  0.001275059507   -0.001469114384  -1.937502917e-05 0.0006042517865  -0.0079578035    -0.001240188507  0.003190192272   -0.007255138369  -0.009181067644  -0.001282631492  -0.003412271059  -0.0004338095379 -9.244172911e-05 0.004043555253   -0.0001748304777 -0.001532681428  -0.0004641499158 -0.001499680966  0.0007245078323  -0.001477973105  0.001145759129   -0.001957329012  -3.6086067e-05  
-0.0202847639    -0.05467384905   -0.07992070194   0.4767218072     0.002607351929   0.003153845793   -0.01939125616   -0.05717435113   -0.08199462375   0.002526256962   0.004580163784   0.0006220393172  -0.004091002753  -0.06480265435   -0.002018150122  -0.002444460732  -0.06494035878   -0.002731820135  -0.001023081247  -0.004617743571  -0.0003319962182 -0.001171098006  -0.002552276713  0.001769747402   -0.005307191635  4.029021118e-05  -0.002189261751  0.0008862181627  -9.833751918e-05 0.001232452286   -0.001375528227  -0.0004123633881 0.0001684738886  0.000367462871   0.001731703732   -0.0001389066299 0.0001779295207  0.0003691008853  -0.001188016376  -0.001959357289  0.0002746337567  -0.0007887240325 0.001325493604   -0.000318632632  -0.001157624607  0.001296488009   0.001676611833   -0.001944250931 
-0.05249528984   -0.04444371662   -0.04923793773   0.002607351929   0.5733383622     0.001380296879   -0.05532930009   -0.03986953873   -0.04800204576   0.003435181936   -0.009906455859  0.0003291731306  -0.01293015224   -0.01514817525   -0.04282721439   -0.01200169273   -0.01721640191   -0.04348647664   -0.005026450561  -0.009404580037  0.001871307301   -0.006377574978  -0.007289179658  0.001922911435   0.0004754964552  -0.004587564495  0.001273088494   -0.003517237984  0.0003971589491  0.002815653525   -0.0005208284525 0.0003336214879  0.001004761572   -0.002964132148  0.001313460012   0.001307251325   0.0003182996808  -0.001005506713  0.0001545786091  -0.001462661712  -0.001284018025  -0.0008332281975 -0.002202107024  -0.00192986533   -0.002599126533  -0.002134369111  0.0003043403752  -0.0003890413213
-0.08170336888   -0.04823140567   0.001089941128   0.003153845793   0.001380296879   0.5213733898     -0.07938206357   -0.04848511858   -0.002234621602  -0.0001403835027 0.002820520034   0.00383307724    -0.04639260002   -0.01093765467   -0.01201489159   -0.04492680418   -0.01415335687   -0.01285915962   0.001130650234   -0.003708171016  -0.00287717799   0.0006019599788  -0.00293317041   -0.001861929628  -0.01138466608   0.002744707711   -0.00411739683   -0.0006352717312 5.024405489e-05  -0.006695239759  0.0006019147676  0.002615923859   -0.007665671928  -0.001683710413  0.000677344632   -0.004167055795  -0.0001059637919 0.0006775655626  0.001829063017   0.001803947043   -0.001152700335  -0.0003723177937 0.0007052205121  -0.002771809426  -0.0006539220886 -0.001481216932  -0.0007216421224 -0.00136687428  
-1.562307689e-05 0.004411323902   -0.001255229836  -0.01939125616   -0.05532930009   -0.07938206357   0.4762242779     0.001713458667   0.0007435066974  -0.01777717792   -0.05360949077   -0.07997511069   -0.001835364105  -0.002822504572  0.0008704550145  -0.00107448182   -0.06470879386   -0.001745585137  -0.0008884954105 -0.06590643254   -0.001116439346  -0.002774661118  -0.002997684382  0.0006365137081  0.001943367102   0.0006269771758  0.000702030741   -0.004454182007  2.539518022e-05  -0.0009831413488 0.0002687733526  -0.001082196558  0.0008360970602  -1.445975053e-05 0.0001624383723  -0.002559141232  0.0003076110293  -0.0004753877711 0.001302239644   -0.001968118585  0.0007928779762  -0.0003291738902 -0.001446150083  -0.0003779162911 0.0006339861617  -0.0008303811861 -0.001548151661  0.0006056410369 
0.003124952234   -0.01156374442   0.001083841508   -0.05717435113   -0.03986953873   -0.04848511858   0.001713458667   0.574074813      0.002689132395   -0.05460195471   -0.03879865773   -0.04701157092   -0.00627590732   -0.006685632321  0.0008446602002  -0.01409149153   -0.01713869463   -0.04450504256   -0.01333505067   -0.01411248184   -0.04323437484   -0.003556339218  -0.007543544121  0.0009517026652  -0.002814573342  -0.001608222759  -0.0001945068405 0.0005695285075  -0.002251072977  -0.001698350372  -0.002039608605  -0.0001709604109 -0.0002995777144 4.030773979e-05  -4.633423213e-05 0.002201045954   -5.342888169e-05 -0.0009385322359 0.002545942377   0.001097355813   0.0008640192962  -0.003586882497  -0.001318048798  -0.002477593636  -0.002296951907  -0.002156770628  -0.0007385217997 -0.001075467393 
0.0007969822623  -0.0007481083909 0.003416983494   -0.08199462375   -0.04800204576   -0.002234621602  0.0007435066974  0.002689132395   0.5220659473     -0.08231155902   -0.05028583061   -0.001507479554  0.0017505038     -0.003197292591  -0.0002373767601 -0.04534661249   -0.009958697671  -0.009517469962  -0.04515900532   -0.01256792159   -0.01032141735   0.0005279593391  -0.004733936264  0.0006358683811  -9.949614137e-05 0.0007984070111  -0.00370980527   -0.00828829763   -0.001433809246  -0.004781953099  -0.0009685077367 0.002196583069   -0.007256685378  1.135697164e-05  -0.00422953418   -0.008335780471  -0.001222657635  -0.0002802146919 0.00358520865    0.000495045323   0.000400840656   0.001503760129   -0.001600647833  0.0003979276367  -0.001484971206  -0.001149901294  0.0002782427765  -0.0007352333368
-0.01858550563   -0.05583772829   -0.08004773944   0.002526256962   0.003435181936   -0.0001403835027 -0.01777717792   -0.05460195471   -0.08231155902   0.4759676088     0.003328853015   0.001765846482   -0.003332936601  -0.005117196317  0.001324918984   -0.002286835714  -0.004017739984  0.001820053305   -0.003118748846  -0.06520452349   -0.002172474865  -0.003629351915  -0.06345554816   -0.001692731787  -0.0003837819479 -0.0007031617623 -0.000983157908  0.0009522495301  0.0005618923086  0.0008841745037  -0.003589651788  -0.0008034464268 -0.001053330279  -0.001028679165  0.002394689252   -0.0006821087323 -0.001261256523  -3.595496191e-06 -0.0011139546    -0.0002126047393 -0.001942815159  -0.001194932569  0.0001598648532  -8.631838699e-05 0.00135071948    0.0006077460536  -0.0008396907898 -0.001213865537 
-0.05567391806   -0.0409269854    -0.05102342374   0.004580163784   -0.009906455859  0.002820520034   -0.05360949077   -0.03879865773   -0.05028583061   0.003328853015   0.5734570207     0.0008125238666  -0.002964057409  -0.006086911966  -0.0002854677068 -0.004661066011  -0.005542234967  -0.0001475104223 -0.00961456983   -0.01737629712   -0.04474321788   -0.009708879496  -0.01511796844   -0.04391023707   -2.056994137e-05 0.003642878134   -0.001344318739  -0.002841552981  0.002503195127   0.0007111163976  0.001668565229   -0.006736552285  0.002648543866   -0.002136696792  -0.0003646781546 0.001423399806   0.001185810438   -0.002310109986  -0.006241773579  0.001391945698   0.0001286708042  0.002544943201   0.0005040203605  -0.0007456181991 -0.005424126906  -0.001063675837  0.001416551417   -0.003038009453 
-0.08087087339   -0.05071831847   -0.001546988138  0.0006220393172  0.0003291731306  0.00383307724    -0.07997511069   -0.04701157092   -0.001507479554  0.001765846482   0.0008125238666  0.5209272081     -0.001108956211  -0.0025149298    0.001019889774   0.0009446960187  -0.005275648888  -0.001042081319  -0.04584104856   -0.01311705098   -0.01011335002   -0.04731568602   -0.01332285496   -0.009474447634  0.0004919600414  0.002258795583   -0.009197952277  0.0004311688919  0.002088783372   -0.004540663991  -0.009676392082  0.0008115984764  -0.004893988327  -0.001487413588  0.0005305233141  -0.00393679162   -0.00280684113   -0.001820499537  0.0006213641981  -0.0001848574077 -0.00238419637   -0.001194181915  0.0008615076295  0.001233326864   0.003300088472   -0.0001671547244 0.00261410088    -0.000634743183 
-0.001283582696  -0.01219468778   -0.04338326904   -0.004091002753  -0.01293015224   -0.04639260002   -0.001835364105  -0.00627590732   0.0017505038     -0.003332936601  -0.002964057409  -0.001108956211  0.4897991793     0.001530313299   -0.003635281974  -0.00333099326   -0.01761375789   -0.04990450127   -4.653767028e-05 0.001701018036   0.0005889655295  -0.002544840373  -0.01924584556   -0.04833749501   -0.0004089561724 -0.05713816786   -0.002413873149  -0.0048324924    -0.002667300014  0.00104305541    -0.005008005975  -0.004291038879  -0.001575528693  0.003669839012   -0.05216167457   -0.002007902631  -0.001473109118  -0.001008925125  0.0006806486255  0.0009116035948  -0.0002990460906 -6.775387515e-05 0.0002165190185  0.0003672555259  6.493742182e-05  -0.007744176653  0.002049111971   -0.003447106185 
-0.06611879936   -0.01665818311   -0.01215862271   -0.06480265435   -0.01514817525   -0.01093765467   -0.002822504572  -0.006685632321  -0.003197292591  -0.005117196317  -0.006086911966  -0.0025149298    0.001530313299   0.5447420946     -8.372853612e-05 -0.01717501203   0.0003926001143  -0.02427947596   0.0001948444891  -0.01316323824   -0.0002544479139 -0.01767887679   -0.001787204379  -0.02433059157   -0.01136965969   -0.01946472263   -0.02871191377   -0.00196003086   -0.004183237231  -0.004651503174  -0.001014682242  -0.007302885903  -0.002319988239  -0.01136040376   -0.01797273515   -0.03020087075   -0.0007252466635 -0.002203732683  0.003368386794   -0.001564391348  0.001710487098   0.0001906923877  -0.001741419328  -0.0009278870381 0.002164143554   0.0007292384344  0.0009898199517  0.0002526391613 
-0.004201619665  -0.04179988162   -0.01039379924   -0.002018150122  -0.04282721439   -0.01201489159   0.0008704550145  0.0008446602002  -0.0002373767601 0.001324918984   -0.0002854677068 0.001019889774   -0.003635281974  -8.372853612e-05 0.5135974068     -0.04911048212   -0.02521437713   -0.006627552939  0.0006913332607  0.003170480299   -0.001054985721  -0.04790570723   -0.02581454226   -0.006540612762  -0.04475775934   -0.0180384608    -0.009841335222  0.0009561735308  -0.00448839718   0.0008964412644  -0.001556327099  -0.002940702998  0.00138362284    -0.04662897022   -0.01763169441   -0.008984468298  0.0007857892258  0.002216161764   -0.000730350667  0.001300245493   0.002330509256   -0.004274524572  -0.001419630296  0.001840027854   -0.001852199723  -0.007871251618  0.003754506861   0.0005114615234 
-0.001675608467  -0.005676036546  0.001284430071   -0.002444460732  -0.01200169273   -0.04492680418   -0.00107448182   -0.01409149153   -0.04534661249   -0.002286835714  -0.004661066011  0.0009446960187  -0.00333099326   -0.01717501203   -0.04911048212   0.4892637962     0.0006087269609  -0.004482046688  -0.002467194862  -0.02069236389   -0.0484546113    -0.0006490948551 0.001170307804   0.0005590588997  -0.0002494050222 -0.0546728667    0.001656442798   -0.001070943148  -0.05353351324   -0.001614833634  -0.004834660696  -0.003465395766  -0.001371811978  -0.003983422696  -0.002388572697  0.0006691445908  -0.007785212402  0.001405051995   -0.005397951821  0.0001070137175  0.0007574945254  0.0001943620796  -0.0001511462592 -0.002109470521  -0.001124215355  0.001740195077   0.00096619236    0.0009517201251 
-0.004556335105  -0.006651420425  -0.002957474372  -0.06494035878   -0.01721640191   -0.01415335687   -0.06470879386   -0.01713869463   -0.009958697671  -0.004017739984  -0.005542234967  -0.005275648888  -0.01761375789   0.0003926001143  -0.02521437713   0.0006087269609  0.5453114804     0.0009558217638  -0.01815995383   -0.001107121942  -0.02628800277   0.001003875506   -0.01532338607   0.0006885604386  -0.01037788645   -0.0171694714    -0.02684002774   -0.01017459111   -0.01767369063   -0.0275324604    9.218063583e-05  -0.00606678905   -0.006728636071  -0.003346585638  -0.006210525492  -0.007220871294  -0.0007997678565 0.0002757562103  -4.538924983e-06 0.0002073377666  -0.00135881721   0.001006024565   -1.331008543e-05 0.0006048727092  0.001276701142   0.001360695252   -0.0006716998795 -0.0009467997555
0.002062192339   -0.0007809922784 0.003180494861   -0.002731820135  -0.04348647664   -0.01285915962   -0.001745585137  -0.04450504256   -0.009517469962  0.001820053305   -0.0001475104223 -0.001042081319  -0.04990450127   -0.02427947596   -0.006627552939  -0.004482046688  0.0009558217638  0.5155883941     -0.05036138968   -0.02713566993   -0.00459358548   0.001625749961   0.001024308389   -0.0005106509843 -0.044117836     -0.01544963614   -0.008068464751  -0.04114598483   -0.01303833511   -0.00638315549   -0.001228870909  -0.004453922449  -0.001280517231  0.000503935804   -0.004286325883  0.0003020997691  -0.009176787811  0.001168638248   -0.004667782567  -0.001179234537  0.001507113302   -0.0001593075578 -0.001121188833  -0.0003944936766 -0.002042089368  -0.001345788511  0.00030377672    -0.001112588945 
-0.003864391347  -0.004924929086  -0.0002117097435 -0.001023081247  -0.005026450561  0.001130650234   -0.0008884954105 -0.01333505067   -0.04515900532   -0.003118748846  -0.00961456983   -0.04584104856   -4.653767028e-05 0.0001948444891  0.0006913332607  -0.002467194862  -0.01815995383   -0.05036138968   0.4891658773     0.0002670407879  -0.004065217376  -0.003587056395  -0.01828817873   -0.04941222602   -0.004414425351  -0.004511633478  0.001125539305   0.00179946517    -0.05531401332   -0.0001142050155 0.002925788377   -0.05400766727   -0.002148800176  -0.005009128129  -0.001441210654  -0.001253346912  -0.0003825006289 -0.0001878500359 0.001614711944   -0.007903329429  -0.0006252354361 -0.005994947351  0.001426408328   0.001669993154   0.001639743094   -0.0002681032949 -0.001349198785  -0.001686736296 
-0.003184248428  -0.003720735043  -0.004564344587  -0.004617743571  -0.009404580037  -0.003708171016  -0.06590643254   -0.01411248184   -0.01256792159   -0.06520452349   -0.01737629712   -0.01311705098   0.001701018036   -0.01316323824   0.003170480299   -0.02069236389   -0.001107121942  -0.02713566993   0.0002670407879  0.5447454535     0.001783830323   -0.01856324848   -0.0009632690453 -0.02683515215   -0.001910999368  -0.003900613733  -0.005201968627  -0.0117930289    -0.01645456823   -0.02796532854   -0.01157208646   -0.01178169195   -0.02909340304   -0.002633645518  -0.006661683529  -0.005246656465  -0.0009011131164 0.0005614257229  0.0003270982036  0.0009433464979  0.00358094561    -0.001003510177  0.0006615126236  -0.000870865098  0.002673237939   0.0005005530624  0.001127435966   -0.0006359833893
0.0003353903436  0.003407901883   0.002529959807   -0.0003319962182 0.001871307301   -0.00287717799   -0.001116439346  -0.04323437484   -0.01032141735   -0.002172474865  -0.04474321788   -0.01011335002   0.0005889655295  -0.0002544479139 -0.001054985721  -0.0484546113    -0.02628800277   -0.00459358548   -0.004065217376  0.001783830323   0.5150499318     -0.05079532694   -0.02601348644   -0.005651373457  -0.0002516253903 -0.005017250477  -0.002016731947  -0.04331090638   -0.01332193383   -0.006897702028  -0.04514982947   -0.01699154268   -0.006359406759  0.0004251218529  -0.003667941174  0.0001451592129  -0.001427801607  0.001474824377   -0.001086814218  -0.007430966198  0.0005270009104  -0.0008716377271 0.0002669276708  0.001672193047   0.0003395901793  0.0009644121515  0.0005322085326  -0.0032067607   
-0.002334644259  -0.01446874772   -0.04222268215   -0.001171098006  -0.006377574978  0.0006019599788  -0.002774661118  -0.003556339218  0.0005279593391  -0.003629351915  -0.009708879496  -0.04731568602   -0.002544840373  -0.01767887679   -0.04790570723   -0.0006490948551 0.001003875506   0.001625749961   -0.003587056395  -0.01856324848   -0.05079532694   0.4893186614     0.00101892736    -0.00235049935   -0.004810577384  -0.004699620815  0.0004325262794  -0.005215415107  -0.003808262325  -0.0008326741496 3.058629017e-05  -0.05324262085   -0.002566173208  0.002031364723   -0.05537007651   -0.001072349509  -0.0005084245944 0.0009458563973  -0.002047846497  -0.000488156799  0.0007207983278  0.001289410527   -0.008553999652  -0.00107596183   -0.003485622277  -0.0004214288218 -0.0002782832376 0.001563482005  
-0.06207126199   -0.01526540381   -0.01506756599   -0.002552276713  -0.007289179658  -0.00293317041   -0.002997684382  -0.007543544121  -0.004733936264  -0.06345554816   -0.01511796844   -0.01332285496   -0.01924584556   -0.001787204379  -0.02581454226   0.001170307804   -0.01532338607   0.001024308389   -0.01828817873   -0.0009632690453 -0.02601348644   0.00101892736    0.5448047606     0.001728160318   -0.0006770586904 -0.005211201077  -0.005680266264  -0.0005861789222 -0.004697128715  -0.007477918815  -0.01132965957   -0.01683692116   -0.03006315388   -0.01058291491   -0.01747967683   -0.03042910047   0.00135439996    -0.002285851103  0.0004635746208  2.812466761e-05  -9.073651425e-05 0.002943279784   0.001551867625   -0.0003124869628 -0.002971128006  0.0001064109778  -0.001615678699  0.001700780776  
-0.001495064812  -0.04418502506   -0.01384246564   0.001769747402   0.001922911435   -0.001861929628  0.0006365137081  0.0009517026652  0.0006358683811  -0.001692731787  -0.04391023707   -0.009474447634  -0.04833749501   -0.02433059157   -0.006540612762  0.0005590588997  0.0006885604386  -0.0005106509843 -0.04941222602   -0.02683515215   -0.005651373457  -0.00235049935   0.001728160318   0.5144299333     0.001074355149   -0.003788644645  -0.001195972648  -0.001421110061  -0.003794366472  -0.0002035943323 -0.04594468139   -0.01803705678   -0.007782760436  -0.04502186078   -0.01609763249   -0.008101803773  -0.001009451937  -0.001520002336  -0.001715467554  -0.001168727724  0.000731074866   -0.003066695883  -0.007542274038  0.001282222809   0.0008078550504  -0.0006567724993 0.001750392793   0.0005670781815 
0.001682476181   -0.003109957108  -0.001088121318  -0.005307191635  0.0004754964552  -0.01138466608   0.001943367102   -0.002814573342  -9.949614137e-05 -0.0003837819479 -2.056994137e-05 0.0004919600414  -0.0004089561724 -0.01136965969   -0.04475775934   -0.0002494050222 -0.01037788645   -0.044117836     -0.004414425351  -0.001910999368  -0.0002516253903 -0.004810577384  -0.0006770586904 0.001074355149   0.4989734525     0.001285122313   -0.002951563688  -0.004687938884  -0.01906310645   -0.02110759477   -0.003027379768  0.0001955921305  -0.002114272851  -0.003703604167  -0.01883738283   -0.0216615616    -0.0001856064303 -0.09579131923   0.0002193754082  -0.002518184897  -0.001596826129  -3.068770817e-06 -0.002114546246  -0.001091007695  0.003512593199   2.732302376e-05  -0.09935545263   -3.846581294e-05
-0.001716067589  -0.0003315071374 0.001275059507   4.029021118e-05  -0.004587564495  0.002744707711   0.0006269771758  -0.001608222759  0.0007984070111  -0.0007031617623 0.003642878134   0.002258795583   -0.05713816786   -0.01946472263   -0.0180384608    -0.0546728667    -0.0171694714    -0.01544963614   -0.004511633478  -0.003900613733  -0.005017250477  -0.004699620815  -0.005211201077  -0.003788644645  0.001285122313   0.5491657599     -0.000771286195  -0.02105161498   -0.002758794483  -0.01500020149   0.001920594972   -0.01572780373   0.001210716903   -0.0186218865    -0.003959048965  -0.0193657198    -0.01021151908   -0.03028287468   -0.03892760935   -0.004813308993  -0.00795038074   0.00239632143    -0.004522247942  -0.006784704428  0.003360419468   -0.009180824677  -0.02952945272   -0.0380650542   
-0.000334374034  0.0009460811276  -0.001469114384  -0.002189261751  0.001273088494   -0.00411739683   0.000702030741   -0.0001945068405 -0.00370980527   -0.000983157908  -0.001344318739  -0.009197952277  -0.002413873149  -0.02871191377   -0.009841335222  0.001656442798   -0.02684002774   -0.008068464751  0.001125539305   -0.005201968627  -0.002016731947  0.0004325262794  -0.005680266264  -0.001195972648  -0.002951563688  -0.000771286195  0.5122769833     -0.02138923037   -0.01868441028   -0.007820336151  0.0006587015414  0.001747847669   -0.01256122526   -0.02347466017   -0.01452731586   -0.007543102462  -0.07881508702   -0.02985811405   -0.005079835407  -0.0006461774054 0.0008315157917  0.0001225637656  -0.0001134168989 0.0008793487267  4.5300782e-05    -0.07356768789   -0.02661376266   -0.004927950876 
-0.002902414325  -0.0007059172432 -1.937502917e-05 0.0008862181627  -0.003517237984  -0.0006352717312 -0.004454182007  0.0005695285075  -0.00828829763   0.0009522495301  -0.002841552981  0.0004311688919  -0.0048324924    -0.00196003086   0.0009561735308  -0.001070943148  -0.01017459111   -0.04114598483   0.00179946517    -0.0117930289    -0.04331090638   -0.005215415107  -0.0005861789222 -0.001421110061  -0.004687938884  -0.02105161498   -0.02138923037   0.4988488534     0.002977300474   -0.003486897553  -0.002545072298  -0.02062131041   -0.02151916587   -0.002920497093  0.0004147437949  -7.330627518e-06 -0.0007550889039 -0.0971540133    0.00082741583    -0.002090925554  -0.1017348184    -0.0002938904818 -0.002097556911  0.0009155708409  0.001248782832   -0.00300514328   -0.000767327251  0.001722946943  
0.0001430425996  0.001668940611   0.0006042517865  -9.833751918e-05 0.0003971589491  5.024405489e-05  2.539518022e-05  -0.002251072977  -0.001433809246  0.0005618923086  0.002503195127   0.002088783372   -0.002667300014  -0.004183237231  -0.00448839718   -0.05353351324   -0.01767369063   -0.01303833511   -0.05531401332   -0.01645456823   -0.01332193383   -0.003808262325  -0.004697128715  -0.003794366472  -0.01906310645   -0.002758794483  -0.01868441028   0.002977300474   0.548662358      0.000965594255   -0.01966224781   -0.002560135304  -0.01764581597   0.001161790051   -0.01572531035   0.0005177317209  -0.01172378337   -0.02931929078   -0.0373480393    -0.01059461064   -0.0308634596    -0.03797340199   -0.00447466077   -0.003406181124  -2.191782393e-05 -0.003124907016  -0.007126133282  0.002623147364  
-0.001257425437  -0.0002127955208 -0.0079578035    0.001232452286   0.002815653525   -0.006695239759  -0.0009831413488 -0.001698350372  -0.004781953099  0.0008841745037  0.0007111163976  -0.004540663991  0.00104305541    -0.004651503174  0.0008964412644  -0.001614833634  -0.0275324604    -0.00638315549   -0.0001142050155 -0.02796532854   -0.006897702028  -0.0008326741496 -0.007477918815  -0.0002035943323 -0.02110759477   -0.01500020149   -0.007820336151  -0.003486897553  0.000965594255   0.5113203958     -0.02189367322   -0.01778122107   -0.01088555043   -0.001763368588  -0.000250630689  -0.01451699049   -0.07699990026   -0.03167926218   -0.004534859577  -0.08039614373   -0.02631106797   -0.002011879279  -0.00124165464   0.001157333306   -0.0008636574102 -0.001045376042  0.0002670085311  0.001613402262  
-0.0001243382332 -0.002783362581  -0.001240188507  -0.001375528227  -0.0005208284525 0.0006019147676  0.0002687733526  -0.002039608605  -0.0009685077367 -0.003589651788  0.001668565229   -0.009676392082  -0.005008005975  -0.001014682242  -0.001556327099  -0.004834660696  9.218063583e-05  -0.001228870909  0.002925788377   -0.01157208646   -0.04514982947   3.058629017e-05  -0.01132965957   -0.04594468139   -0.003027379768  0.001920594972   0.0006587015414  -0.002545072298  -0.01966224781   -0.02189367322   0.4994453783     0.0005632927689  -0.004397882356  -0.002242487706  -0.01884583062   -0.02210461836   -0.002907671445  -0.0003125033105 0.0002094925011  -6.361906961e-05 -0.09891590605   0.002252666413   -0.001401061284  -0.09905394368   0.002396723155   -0.00335777604   -0.0007800141869 -0.0004636508199
-0.0001423988702 0.0006283460663  0.003190192272   -0.0004123633881 0.0003336214879  0.002615923859   -0.001082196558  -0.0001709604109 0.002196583069   -0.0008034464268 -0.006736552285  0.0008115984764  -0.004291038879  -0.007302885903  -0.002940702998  -0.003465395766  -0.00606678905   -0.004453922449  -0.05400766727   -0.01178169195   -0.01699154268   -0.05324262085   -0.01683692116   -0.01803705678   0.0001955921305  -0.01572780373   0.001747847669   -0.02062131041   -0.002560135304  -0.01778122107   0.0005632927689  0.5481032175     -0.0008311230034 -0.02105487147   -0.005122422604  -0.01684064141   -0.006257640167  -0.007197201648  0.001421774067   -0.01091472282   -0.02797974099   -0.03964007786   -0.009609047646  -0.02713507846   -0.03731412758   -0.004251505499  -0.006972677544  0.002572376971  
0.0002701941988  0.003321182456   -0.007255138369  0.0001684738886  0.001004761572   -0.007665671928  0.0008360970602  -0.0002995777144 -0.007256685378  -0.001053330279  0.002648543866   -0.004893988327  -0.001575528693  -0.002319988239  0.00138362284    -0.001371811978  -0.006728636071  -0.001280517231  -0.002148800176  -0.02909340304   -0.006359406759  -0.002566173208  -0.03006315388   -0.007782760436  -0.002114272851  0.001210716903   -0.01256122526   -0.02151916587   -0.01764581597   -0.01088555043   -0.004397882356  -0.0008311230034 0.5161026548     -0.02050266629   -0.01683718276   -0.009956946792  0.001041000645   0.001462618037   -0.001295512189  -0.07526611407   -0.02703392723   -0.008456004122  -0.07512371245   -0.02578234023   -0.003029425085  -0.0009971989067 0.002089025074   0.002150773232  
-0.003941266384  0.0007310872543  -0.009181067644  0.000367462871   -0.002964132148  -0.001683710413  -1.445975053e-05 4.030773979e-05  1.135697164e-05  -0.001028679165  -0.002136696792  -0.001487413588  0.003669839012   -0.01136040376   -0.04662897022   -0.003983422696  -0.003346585638  0.000503935804   -0.005009128129  -0.002633645518  0.0004251218529  0.002031364723   -0.01058291491   -0.04502186078   -0.003703604167  -0.0186218865    -0.02347466017   -0.002920497093  0.001161790051   -0.001763368588  -0.002242487706  -0.02105487147   -0.02050266629   0.4986885061     -0.00142468711   -0.00403873915   -0.00206061873   0.0002396893188  0.0007621895863  -0.00190450058   -0.001417979695  0.0001526306927  -0.001798676783  -0.09723447174   0.002338168508   -0.0007252231627 -0.09607649125   -9.312047076e-05
0.000674863915   -0.005448037358  -0.001282631492  0.001731703732   0.001313460012   0.000677344632   0.0001624383723  -4.633423213e-05 -0.00422953418   0.002394689252   -0.0003646781546 0.0005305233141  -0.05216167457   -0.01797273515   -0.01763169441   -0.002388572697  -0.006210525492  -0.004286325883  -0.001441210654  -0.006661683529  -0.003667941174  -0.05537007651   -0.01747967683   -0.01609763249   -0.01883738283   -0.003959048965  -0.01452731586   0.0004147437949  -0.01572531035   -0.000250630689  -0.01884583062   -0.005122422604  -0.01683718276   -0.00142468711   0.5488347995     0.001249286561   -0.005525765323  -0.00147188995   0.002387247872   -0.004951376635  -0.006540041336  0.0006841549584  -0.01120830744   -0.02628029038   -0.03223361736   -0.01259173889   -0.02722619641   -0.03675534636  
0.0006116136738  0.001947713848   -0.003412271059  -0.0001389066299 0.001307251325   -0.004167055795  -0.002559141232  0.002201045954   -0.008335780471  -0.0006821087323 0.001423399806   -0.00393679162   -0.002007902631  -0.03020087075   -0.008984468298  0.0006691445908  -0.007220871294  0.0003020997691  -0.001253346912  -0.005246656465  0.0001451592129  -0.001072349509  -0.03042910047   -0.008101803773  -0.0216615616    -0.0193657198    -0.007543102462  -7.330627518e-06 0.0005177317209  -0.01451699049   -0.02210461836   -0.01684064141   -0.009956946792  -0.00403873915   0.001249286561   0.5119058397     -0.0009607253096 0.0009116078725  0.0005851226756  0.00152127704    -0.001246316529  -0.002012738261  -0.07748873566   -0.02556757734   -0.005803072549  -0.07591419617   -0.02714196275   -0.006406701427 
0.0004525891862  -0.0006141115596 -0.0004338095379 0.0001779295207  0.0003182996808  -0.0001059637919 0.0003076110293  -5.342888169e-05 -0.001222657635  -0.001261256523  0.001185810438   -0.00280684113   -0.001473109118  -0.0007252466635 0.0007857892258  -0.007785212402  -0.0007997678565 -0.009176787811  -0.0003825006289 -0.0009011131164 -0.001427801607  -0.0005084245944 0.00135439996    -0.001009451937  -0.0001856064303 -0.01021151908   -0.07881508702   -0.0007550889039 -0.01172378337   -0.07699990026   -0.002907671445  -0.006257640167  0.001041000645   -0.00206061873   -0.005525765323  -0.0009607253096 0.4214461269     0.002845339554   -0.02847220414   0.004011159942   -0.006922240473  -0.05845034028   -0.001215649129  -0.000744314861  -0.03058838441   0.001558301421   -0.005247913936  -0.05793134059  
0.001315468952   -0.002597762874  -9.244172911e-05 0.0003691008853  -0.001005506713  0.0006775655626  -0.0004753877711 -0.0009385322359 -0.0002802146919 -3.595496191e-06 -0.002310109986  -0.001820499537  -0.001008925125  -0.002203732683  0.002216161764   0.001405051995   0.0002757562103  0.001168638248   -0.0001878500359 0.0005614257229  0.001474824377   0.0009458563973  -0.002285851103  -0.001520002336  -0.09579131923   -0.03028287468   -0.02985811405   -0.0971540133    -0.02931929078   -0.03167926218   -0.0003125033105 -0.007197201648  0.001462618037   0.0002396893188  -0.00147188995   0.0009116078725  0.002845339554   0.5384353491     0.003394787308   -0.006918326809  0.0075850383     -0.05343830032   0.001005163793   0.007956187547   -0.001589639648  -0.007552878425  0.00433906227    -0.06070485761  
-0.0022033548    0.0001109077     0.004043555253   -0.001188016376  0.0001545786091  0.001829063017   0.001302239644   0.002545942377   0.00358520865    -0.0011139546    -0.006241773579  0.0006213641981  0.0006806486255  0.003368386794   -0.000730350667  -0.005397951821  -4.538924983e-06 -0.004667782567  0.001614711944   0.0003270982036  -0.001086814218  -0.002047846497  0.0004635746208  -0.001715467554  0.0002193754082  -0.03892760935   -0.005079835407  0.00082741583    -0.0373480393    -0.004534859577  0.0002094925011  0.001421774067   -0.001295512189  0.0007621895863  0.002387247872   0.0005851226756  -0.02847220414   0.003394787308   0.5874593318     -0.05865231098   -0.05342497268   -0.03144155946   -0.03120634672   0.0006882314061  -0.03805941656   -0.05767651142   -0.05402073544   -0.03623062033  
-0.0006721293778 -0.001304428919  -0.0001748304777 -0.001959357289  -0.001462661712  0.001803947043   -0.001968118585  0.001097355813   0.000495045323   -0.0002126047393 0.001391945698   -0.0001848574077 0.0009116035948  -0.001564391348  0.001300245493   0.0001070137175  0.0002073377666  -0.001179234537  -0.007903329429  0.0009433464979  -0.007430966198  -0.000488156799  2.812466761e-05  -0.001168727724  -0.002518184897  -0.004813308993  -0.0006461774054 -0.002090925554  -0.01059461064   -0.08039614373   -6.361906961e-05 -0.01091472282   -0.07526611407   -0.00190450058   -0.004951376635  0.00152127704    0.004011159942   -0.006918326809  -0.05865231098   0.4215629937     0.00124091422    -0.02888728091   0.0009254219894  -0.008084640397  -0.05932633375   -0.002166625624  0.001267508113   -0.02871830313  
0.0007696979182  0.0004538857585  -0.001532681428  0.0002746337567  -0.001284018025  -0.001152700335  0.0007928779762  0.0008640192962  0.000400840656   -0.001942815159  0.0001286708042  -0.00238419637   -0.0002990460906 0.001710487098   0.002330509256   0.0007574945254  -0.00135881721   0.001507113302   -0.0006252354361 0.00358094561    0.0005270009104  0.0007207983278  -9.073651425e-05 0.000731074866   -0.001596826129  -0.00795038074   0.0008315157917  -0.1017348184    -0.0308634596    -0.02631106797   -0.09891590605   -0.02797974099   -0.02703392723   -0.001417979695  -0.006540041336  -0.001246316529  -0.006922240473  0.0075850383     -0.05342497268   0.00124091422    0.5352997387     0.002127875318   -0.007229708151  0.004235441987   -0.05638984789   0.0008617935835  0.01096029363    0.0004638024408 
0.0007835746435  -0.002552849029  -0.0004641499158 -0.0007887240325 -0.0008332281975 -0.0003723177937 -0.0003291738902 -0.003586882497  0.001503760129   -0.001194932569  0.002544943201   -0.001194181915  -6.775387515e-05 0.0001906923877  -0.004274524572  0.0001943620796  0.001006024565   -0.0001593075578 -0.005994947351  -0.001003510177  -0.0008716377271 0.001289410527   0.002943279784   -0.003066695883  -3.068770817e-06 0.00239632143    0.0001225637656  -0.0002938904818 -0.03797340199   -0.002011879279  0.002252666413   -0.03964007786   -0.008456004122  0.0001526306927  0.0006841549584  -0.002012738261  -0.05845034028   -0.05343830032   -0.03144155946   -0.02888728091   0.002127875318   0.5869642577     -0.05663894218   -0.05737859246   -0.02840596382   -0.03172913293   -0.0003325003867 -0.04110252711  
-0.001191035018  -0.0008807858668 -0.001499680966  0.001325493604   -0.002202107024  0.0007052205121  -0.001446150083  -0.001318048798  -0.001600647833  0.0001598648532  0.0005040203605  0.0008615076295  0.0002165190185  -0.001741419328  -0.001419630296  -0.0001511462592 -1.331008543e-05 -0.001121188833  0.001426408328   0.0006615126236  0.0002669276708  -0.008553999652  0.001551867625   -0.007542274038  -0.002114546246  -0.004522247942  -0.0001134168989 -0.002097556911  -0.00447466077   -0.00124165464   -0.001401061284  -0.009609047646  -0.07512371245   -0.001798676783  -0.01120830744   -0.07748873566   -0.001215649129  0.001005163793   -0.03120634672   0.0009254219894  -0.007229708151  -0.05663894218   0.4208405065     0.0008762189504  -0.03106490122   0.000813286543   -0.005820952493  -0.0581544302   
-0.0007015367718 -0.002024764935  0.0007245078323  -0.000318632632  -0.00192986533   -0.002771809426  -0.0003779162911 -0.002477593636  0.0003979276367  -8.631838699e-05 -0.0007456181991 0.001233326864   0.0003672555259  -0.0009278870381 0.001840027854   -0.002109470521  0.0006048727092  -0.0003944936766 0.001669993154   -0.000870865098  0.001672193047   -0.00107596183   -0.0003124869628 0.001282222809   -0.001091007695  -0.006784704428  0.0008793487267  0.0009155708409  -0.003406181124  0.001157333306   -0.09905394368   -0.02713507846   -0.02578234023   -0.09723447174   -0.02628029038   -0.02556757734   -0.000744314861  0.007956187547   0.0006882314061  -0.008084640397  0.004235441987   -0.05737859246   0.0008762189504  0.5379465217     0.001164225671   -0.006434416667  0.003342088657   -0.05291275774  
0.0005284285922  0.00140379373    -0.001477973105  -0.001157624607  -0.002599126533  -0.0006539220886 0.0006339861617  -0.002296951907  -0.001484971206  0.00135071948    -0.005424126906  0.003300088472   6.493742182e-05  0.002164143554   -0.001852199723  -0.001124215355  0.001276701142   -0.002042089368  0.001639743094   0.002673237939   0.0003395901793  -0.003485622277  -0.002971128006  0.0008078550504  0.003512593199   0.003360419468   4.5300782e-05    0.001248782832   -2.191782393e-05 -0.0008636574102 0.002396723155   -0.03731412758   -0.003029425085  0.002338168508   -0.03223361736   -0.005803072549  -0.03058838441   -0.001589639648  -0.03805941656   -0.05932633375   -0.05638984789   -0.02840596382   -0.03106490122   0.001164225671   0.5895780094     -0.05713617973   -0.06009933226   -0.0300737198   
-8.547611872e-05 -0.001797518693  0.001145759129   0.001296488009   -0.002134369111  -0.001481216932  -0.0008303811861 -0.002156770628  -0.001149901294  0.0006077460536  -0.001063675837  -0.0001671547244 -0.007744176653  0.0007292384344  -0.007871251618  0.001740195077   0.001360695252   -0.001345788511  -0.0002681032949 0.0005005530624  0.0009644121515  -0.0004214288218 0.0001064109778  -0.0006567724993 2.732302376e-05  -0.009180824677  -0.07356768789   -0.00300514328   -0.003124907016  -0.001045376042  -0.00335777604   -0.004251505499  -0.0009971989067 -0.0007252231627 -0.01259173889   -0.07591419617   0.001558301421   -0.007552878425  -0.05767651142   -0.002166625624  0.0008617935835  -0.03172913293   0.000813286543   -0.006434416667  -0.05713617973   0.4201269049     0.002272847901   -0.02932523456  
-0.00129111895   -0.0006176704109 -0.001957329012  0.001676611833   0.0003043403752  -0.0007216421224 -0.001548151661  -0.0007385217997 0.0002782427765  -0.0008396907898 0.001416551417   0.00261410088    0.002049111971   0.0009898199517  0.003754506861   0.00096619236    -0.0006716998795 0.00030377672    -0.001349198785  0.001127435966   0.0005322085326  -0.0002782832376 -0.001615678699  0.001750392793   -0.09935545263   -0.02952945272   -0.02661376266   -0.000767327251  -0.007126133282  0.0002670085311  -0.0007800141869 -0.006972677544  0.002089025074   -0.09607649125   -0.02722619641   -0.02714196275   -0.005247913936  0.00433906227    -0.05402073544   0.001267508113   0.01096029363    -0.0003325003867 -0.005820952493  0.003342088657   -0.06009933226   0.002272847901   0.5374559659     0.001028252254  
-0.0008492895481 0.002481333058   -3.6086067e-05   -0.001944250931  -0.0003890413213 -0.00136687428   0.0006056410369  -0.001075467393  -0.0007352333368 -0.001213865537  -0.003038009453  -0.000634743183  -0.003447106185  0.0002526391613  0.0005114615234  0.0009517201251  -0.0009467997555 -0.001112588945  -0.001686736296  -0.0006359833893 -0.0032067607    0.001563482005   0.001700780776   0.0005670781815  -3.846581294e-05 -0.0380650542    -0.004927950876  0.001722946943   0.002623147364   0.001613402262   -0.0004636508199 0.002572376971   0.002150773232   -9.312047076e-05 -0.03675534636   -0.006406701427  -0.05793134059   -0.06070485761   -0.03623062033   -0.02871830313   0.0004638024408  -0.04110252711   -0.0581544302    -0.05291275774   -0.0300737198    -0.02932523456   0.001028252254   0.5877798672    
