d<Sz_i Sz_j >                                     
0.003099529527 , 0.0005165112534, 0.001186773829 , 0.003485341343 , 0.000332639166 , 0.001039732975 , 0.00420504374  , 0.0003962354197, 0.001057862677 , 0.003983844046 , 0.0004082129945, 0.001086231615 , 0.004544361186 , 0.0003948161269, 0.001064164867 , 0.003870696182 , 0.0004443020392, 0.0009071745719, 0.004555676388 , 0.0003910762188, 0.001078342269 , 0.003103008029 , 0.0003271321189, 0.001055965021 , 0.001761784643 , 0.001078678755 , 0.000953454159 , 0.001602957561 , 0.001103646302 , 0.0009914494526, 0.001713246537 , 0.0008864624907, 0.001081069583 , 0.001606414333 , 0.001120112586 , 0.001040688297 , 0.001759839796 , 0.0009796202242, 0.001073885901 , 0.001661099218 , 0.001032492858 , 0.001103390673 , 0.001700940226 , 0.001025569126 , 0.0009522932472, 0.001825622661 , 0.001168813273 , 0.001055040958 , 0.001730500393 , 0.001031979658 , 0.001172316283 , 0.001720878042 , 0.001060832664 , 0.001095117513 , 0.001601240521 , 0.0009677140183, 0.001080239835 , 0.001814795506 , 0.000959987293 , 0.001009813432 , 0.001648786148 , 0.001106209127 , 0.001055474072 , 0.001603269514 , 0.001072585373 , 0.0009582364796, 0.00176594208  , 0.001102751735 , 0.001227233265 , 0.001670996029 , 0.001021540889 , 0.001109848931 , 0.001895345982 , 0.001081577769 , 0.0005355762232, 0.001847360046 , 0.001038630848 , 0.000543826234 , 0.00182393283  , 0.0009612066116, 0.0005692146193, 0.001970132353 , 0.001021847889 , 0.0005765648056, 0.00185810942  , 0.001138348532 , 0.0005373150317, 0.00218134918  , 0.001076739546 , 0.000592000989 , 0.001942271483 , 0.0009284048129, 0.0006094787398, 0.001606496832 , 0.001028095797 , 0.0005369287558
0.0005165112534, 0.0007639090112, 0.0001362913941, 0.0003586187715, 4.361616961e-05, 0.0001286828449, 0.0003573086215, 3.704848795e-05, 0.0001272028497, 0.0004221201435, 4.628991527e-05, 0.0001188468965, 0.0004461052969, 4.478265521e-05, 0.000128718403 , 0.0004120090258, 3.881776135e-05, 0.0001201816792, 0.0004063881313, 3.406109212e-05, 0.0001407328394, 0.0003351417626, 4.436449812e-05, 0.0001511625182, 0.000229461661 , 0.0001604971689, 0.0001386622071, 0.0002092970741, 0.0001511175183, 0.0001581500703, 0.0002019479027, 0.0001453653822, 0.000143395729 , 0.0001983975123, 0.0001371113006, 0.00014791741  , 0.0001926179354, 0.0001387343192, 0.0001482921197, 0.0002114664999, 0.0001334558704, 0.0001375913724, 0.0002312700372, 0.000141315621 , 0.0001418218129, 0.00020581632  , 0.0001431961318, 0.0001287854747, 0.0002275150616, 0.0001494992368, 0.0001386575792, 0.0002138618557, 0.0001444386372, 0.000159298312 , 0.0001963423793, 0.0001492701801, 0.000141173479 , 0.0002270390517, 0.0001418565716, 0.0001436048412, 0.0002073479151, 0.000146874035 , 0.0001305283042, 0.0002418649953, 0.0001564188372, 0.0001334396307, 0.0001962129353, 0.0001478312788, 0.000147891788 , 0.0001890514531, 0.0001297784594, 0.0001385670531, 0.0002687831605, 0.0001368983629, 7.326665082e-05, 0.0002166431975, 0.0001453458374, 7.293548931e-05, 0.0002328743633, 0.0001656095232, 6.153124089e-05, 0.0002228473783, 0.0001575441414, 6.929128091e-05, 0.000249425956 , 0.000145720443 , 7.472933924e-05, 0.0002111534847, 0.0001392223968, 6.991210341e-05, 0.0002258677117, 0.000131458496 , 7.571996636e-05, 0.0002252307999, 0.0001260286638, 7.468503227e-05
0.001186773829 , 0.0001362913941, 0.0006702516929, 0.001067174756 , 0.0001262693625, 0.000500927092 , 0.001139187564 , 0.0001212010739, 0.000487964452 , 0.001130142974 , 0.0001319173006, 0.0004707339964, 0.001128998672 , 0.0001192294197, 0.0005669381541, 0.001080527331 , 0.0001436853927, 0.0004962390568, 0.001220797783 , 0.0001237209039, 0.0005128576043, 0.001075749594 , 0.0001370594731, 0.0004810982935, 0.0006927789349, 0.000525957264 , 0.0005980241226, 0.0007957451581, 0.0005016559153, 0.0005545613074, 0.0007701041599, 0.0004855000528, 0.0004655390985, 0.0007747957368, 0.0005353960052, 0.0004858772401, 0.00073760447  , 0.0004835352996, 0.0004920697635, 0.0007100569875, 0.0004755388034, 0.0005470864031, 0.000799550376 , 0.0004508770962, 0.0005322336822, 0.0008620864349, 0.0004910405603, 0.0005004244565, 0.0007883695061, 0.0005477173236, 0.0004903723876, 0.0007053178294, 0.0005247983228, 0.0004888214771, 0.0007288502589, 0.0004653541321, 0.0005248946534, 0.0008044122334, 0.0004900312975, 0.0004779118445, 0.0006308361908, 0.0004955563032, 0.0006015931364, 0.0007687703273, 0.0005484332887, 0.0005634635553, 0.0007242927776, 0.0005086514869, 0.0005502508243, 0.0006497278945, 0.000497512165 , 0.0005342833144, 0.0007696925172, 0.0005361523921, 0.0002423040514, 0.0008179342019, 0.0004557929   , 0.0002566869624, 0.000798144672 , 0.0005151783715, 0.0002518828764, 0.0008411320965, 0.0005168381927, 0.0002344104875, 0.0008565361866, 0.0004618324162, 0.000252788079 , 0.0008646707837, 0.0005497803302, 0.0002694274735, 0.0008340175321, 0.0005308753413, 0.0002708095943, 0.0007473550165, 0.0004804404263, 0.0002392013091
0.003485341343 , 0.0003586187715, 0.001067174756 , 0.002900037846 , 0.0003749964952, 0.001137619538 , 0.003283398434 , 0.000317382968 , 0.001057021175 , 0.004102822885 , 0.0003482480327, 0.001130112501 , 0.004515782779 , 0.0003843411667, 0.00105417379  , 0.003911706751 , 0.0004428192239, 0.001145685019 , 0.004827987316 , 0.0004562797035, 0.00107263968  , 0.004158099559 , 0.0003768039827, 0.001188730248 , 0.001776885961 , 0.001046137936 , 0.0009264063301, 0.001514516122 , 0.001075143264 , 0.0009999844605, 0.001663613243 , 0.001068735753 , 0.001145164867 , 0.001626941419 , 0.001113241175 , 0.001070727609 , 0.001585200703 , 0.0009673541406, 0.001140073949 , 0.001638170067 , 0.001046745923 , 0.001001314868 , 0.001509547578 , 0.001079440485 , 0.001013773457 , 0.001723106795 , 0.00116308751  , 0.001113354003 , 0.001641355394 , 0.001105429051 , 0.001002996159 , 0.001650390916 , 0.001080022753 , 0.001089817362 , 0.001597140554 , 0.0009897917519, 0.001025885488 , 0.001782912186 , 0.0009607375764, 0.001072186766 , 0.001598966749 , 0.001100481331 , 0.001067287598 , 0.001616261182 , 0.0009630524842, 0.001042339643 , 0.001618679842 , 0.001142070792 , 0.001084794581 , 0.00159531443  , 0.001083835388 , 0.0009999942938, 0.001832623529 , 0.001083611015 , 0.0005450432402, 0.001763021443 , 0.001062981719 , 0.000590070958 , 0.00189425016  , 0.001069034874 , 0.0005079714973, 0.001998684198 , 0.001103895959 , 0.0005546401572, 0.001775858896 , 0.001195370143 , 0.0005428371939, 0.001994548882 , 0.00106003663  , 0.0005881625855, 0.00182538903  , 0.0009297224374, 0.0005601940333, 0.001697634656 , 0.00108866662  , 0.000543320511 
0.000332639166 , 4.361616961e-05, 0.0001262693625, 0.0003749964952, 0.0006493566399, 0.0001188709495, 0.000309225468 , 3.576211462e-05, 0.000115154457 , 0.0003429263955, 3.743083003e-05, 0.0001154765331, 0.0004195635294, 3.304553296e-05, 0.0001014469634, 0.0003418279271, 4.002400077e-05, 0.0001181678345, 0.000412393073 , 3.78957489e-05 , 0.0001142700417, 0.0002994905074, 3.131573885e-05, 0.000108943871 , 0.0001824145647, 0.0001126346189, 0.0001278291628, 0.0001726600295, 0.0001334038946, 0.000120835646 , 0.0002221779672, 0.0001088264381, 0.000116932402 , 0.0001821473826, 0.0001347920155, 0.0001152875   , 0.0001685909996, 0.0001071631465, 0.0001283454856, 0.0001712765626, 0.0001161015981, 0.0001159043306, 0.0001939438566, 0.0001089756069, 0.0001166090697, 0.0001935321079, 0.0001320974604, 0.0001299174456, 0.0001690755396, 0.0001218359806, 0.0001508995793, 0.0001983811791, 0.0001113141347, 0.0001247977894, 0.0001904163796, 0.0001403866072, 0.0001281667453, 0.0001917174862, 9.593273414e-05, 0.0001179002077, 0.0001844107027, 0.0001307475727, 0.0001214006578, 0.0002060373982, 0.0001150694717, 0.0001218049879, 0.0001596095293, 0.000147410207 , 0.0001348884638, 0.0001752854307, 0.0001218111569, 0.0001206057608, 0.0001975196357, 0.0001039400962, 5.908059419e-05, 0.0001834142109, 0.0001234706782, 5.832280522e-05, 0.0001699428144, 0.0001091063682, 5.932276982e-05, 0.0001804342926, 0.0001111937645, 5.624086059e-05, 0.0001919744512, 0.0001124968595, 6.35049776e-05 , 0.000196259018 , 0.000122798941 , 5.988789185e-05, 0.0001985640546, 0.0001456566122, 5.874640599e-05, 0.0001916767628, 0.0001388867281, 6.262573525e-05
0.001039732975 , 0.0001286828449, 0.000500927092 , 0.001137619538 , 0.0001188709495, 0.0007461030662, 0.001031258859 , 0.0001324730713, 0.0004752853257, 0.001115248252 , 0.0001499742751, 0.0005349287742, 0.001043735304 , 0.0001192436136, 0.0004524664753, 0.000966358604 , 0.0001325984566, 0.0004906441082, 0.001128662114 , 0.000135533923 , 0.0005380733927, 0.001001727842 , 0.00012298918  , 0.0004876920873, 0.0009391422629, 0.0005682260898, 0.0004661218309, 0.0009328396619, 0.0005329490921, 0.0004757668955, 0.0007920294916, 0.0005572142859, 0.0005541152521, 0.0007765868197, 0.0005576282542, 0.0005241759872, 0.0006486160934, 0.0005585034838, 0.0006327222274, 0.0008159233358, 0.0004943877901, 0.0005542177186, 0.0008732922651, 0.0005754286281, 0.0004953805984, 0.0008180918309, 0.0005517927514, 0.0005136858398, 0.000754362521 , 0.0006536036421, 0.0005988983393, 0.0006792694183, 0.0005093289379, 0.0005068327157, 0.0007988560043, 0.0006155758155, 0.0004706354081, 0.0008271894022, 0.0005193216919, 0.000522021415 , 0.0006773444582, 0.0004129032694, 0.0005229904004, 0.0007099778285, 0.000523812699 , 0.0005206399855, 0.0008061961899, 0.000524382851 , 0.0005811161236, 0.0007748223148, 0.000549909092 , 0.0005409454882, 0.0009203325034, 0.0006192862557, 0.0002590442604, 0.001010379391 , 0.0005618373059, 0.0002532665916, 0.0007950761655, 0.0005320592628, 0.0002936680237, 0.000877116486 , 0.0005090693076, 0.0002614614649, 0.0008774739953, 0.0004762839191, 0.0002757666251, 0.0008218381607, 0.0005734454338, 0.0002367415501, 0.000891500381 , 0.0004725900974, 0.0002722185521, 0.0009650742044, 0.0005039870993, 0.0002400652079
0.00420504374  , 0.0003573086215, 0.001139187564 , 0.003283398434 , 0.000309225468 , 0.001031258859 , 0.002786214134 , 0.0003740998948, 0.0009989806503, 0.003420581409 , 0.000349264083 , 0.0009493077158, 0.004580508162 , 0.0003183350971, 0.0009827826559, 0.003793755066 , 0.0004623460145, 0.001114079127 , 0.00456214933  , 0.0004186457483, 0.001164583259 , 0.003892210993 , 0.0004550728908, 0.001036491961 , 0.001603916094 , 0.0009624204117, 0.0009566398631, 0.001510486145 , 0.0009212560229, 0.0009709509951, 0.001603058484 , 0.001028258698 , 0.00110584192  , 0.001600146753 , 0.001076688314 , 0.001024047507 , 0.001586108852 , 0.001002755151 , 0.0009942726725, 0.00173171211  , 0.001034944392 , 0.0009701348779, 0.001575956086 , 0.001009009394 , 0.00108240602  , 0.001581798418 , 0.001032209002 , 0.001067954902 , 0.001526809239 , 0.001029769332 , 0.001110953972 , 0.001622744539 , 0.0009803480148, 0.0009175761556, 0.00174317537  , 0.001020497586 , 0.0009740406186, 0.001637991435 , 0.001004758622 , 0.001053916799 , 0.001595039852 , 0.001050080153 , 0.001084716167 , 0.001701361952 , 0.001093479916 , 0.00106174657  , 0.001593010866 , 0.00101401738  , 0.001040870374 , 0.001532727107 , 0.00103104915  , 0.001050703273 , 0.001767555712 , 0.0009622169815, 0.0005290813628, 0.001824413053 , 0.00105626226  , 0.0006050016036, 0.0019078538   , 0.001072073995 , 0.0005731365619, 0.00200024994  , 0.0009594738136, 0.0005378631873, 0.00177658737  , 0.0009200045536, 0.0005350532974, 0.00168068838  , 0.001074021146 , 0.0005091232927, 0.001715988951 , 0.0009821667719, 0.0005800276707, 0.001828572011 , 0.0009976851416, 0.0005244479976
0.0003962354197, 3.704848795e-05, 0.0001212010739, 0.000317382968 , 3.576211462e-05, 0.0001324730713, 0.0003740998948, 0.0007581878569, 0.0001298219847, 0.0003575586539, 3.955257293e-05, 0.0001354764058, 0.000392788884 , 3.293201555e-05, 0.0001154857213, 0.0003855889543, 4.378266153e-05, 0.0001325062848, 0.0004462856379, 4.096605605e-05, 0.0001113287011, 0.0004446555083, 4.123799268e-05, 0.0001107417734, 0.0002277553444, 0.0001302396296, 0.0001356369181, 0.0001918904163, 0.0001239818216, 0.0001286609356, 0.0002145747402, 0.0001155076909, 0.0001327777777, 0.0001718986931, 0.0001462841944, 0.0001218282812, 0.000190786943 , 0.0001328764578, 0.0001415974998, 0.0001934239735, 0.0001146368475, 0.0001385994278, 0.000194008046 , 0.0001339755382, 0.0001249406999, 0.0001887651991, 0.0001508444583, 0.0001073504874, 0.0001930702763, 0.0001434188638, 0.0001520291344, 0.0001916381525, 0.0001613450486, 0.0001308382782, 0.0001888027567, 0.0001175952765, 0.000122961179 , 0.0001906782871, 0.0001418032067, 0.0001315625167, 0.0001999176204, 0.0001350733855, 0.0001303586301, 0.0001996170355, 0.0001252598455, 0.0001256998316, 0.0001882363875, 0.0001166215616, 0.0001459123891, 0.0002051774288, 0.0001351369454, 0.0001148636759, 0.0002226811828, 0.0001261176037, 7.084687433e-05, 0.0001817840269, 0.000126862246 , 6.748186905e-05, 0.0002182061694, 0.0001300062642, 6.274468691e-05, 0.0001925735316, 0.000113085697 , 5.82020843e-05 , 0.0002517584484, 0.0001158262413, 6.996718049e-05, 0.0002565555903, 0.0001274756398, 6.049493848e-05, 0.0002201324236, 0.0001175102463, 5.823394945e-05, 0.0002198070222, 0.0001180800456, 6.375058073e-05
0.001057862677 , 0.0001272028497, 0.000487964452 , 0.001057021175 , 0.000115154457 , 0.0004752853257, 0.0009989806503, 0.0001298219847, 0.0007078382267, 0.001110153918 , 0.0001231854784, 0.0005148822308, 0.001134360608 , 0.0001159212474, 0.0004635909355, 0.001087454021 , 0.0001418972081, 0.0005059919307, 0.001159098817 , 0.0001423867375, 0.000535122075 , 0.001078816082 , 0.0001361549745, 0.0004697808055, 0.0007863778988, 0.0004718552224, 0.0005164939029, 0.0007740914983, 0.000503917952 , 0.0005015334537, 0.0009401632639, 0.0004699453877, 0.0004858164969, 0.0007625156175, 0.0005574209017, 0.0004776826391, 0.0007012731127, 0.0006052734241, 0.0005311443595, 0.0008154358787, 0.0005791631944, 0.0004843408402, 0.0008183724903, 0.0005031444365, 0.0004296866194, 0.0007515191231, 0.0005450765205, 0.0005199932874, 0.0007743833346, 0.000541150194 , 0.0005514032479, 0.0007525028597, 0.0005290443277, 0.0005895570477, 0.0006801936816, 0.0004956111346, 0.0005529327713, 0.000793072204 , 0.0004857696994, 0.0005029505905, 0.0007725974531, 0.0005091904656, 0.0004991395801, 0.00082781834  , 0.0004378399213, 0.0005833767124, 0.0007681322716, 0.0004676290127, 0.0005342178592, 0.000831825795 , 0.0005124515421, 0.0005340558454, 0.000826316629 , 0.0005086940207, 0.000239914127 , 0.0008739955391, 0.0005269928876, 0.0002728155971, 0.0008022749577, 0.000543045423 , 0.0002455933392, 0.0008102077748, 0.0004761107483, 0.0002399808748, 0.0008434886758, 0.0005165764617, 0.0002470906678, 0.0009232730194, 0.0004617867938, 0.0002836314478, 0.0008706322235, 0.0006166439109, 0.0002495122897, 0.0007711967985, 0.0005001662907, 0.0002644242611
0.003983844046 , 0.0004221201435, 0.001130142974 , 0.004102822885 , 0.0003429263955, 0.001115248252 , 0.003420581409 , 0.0003575586539, 0.001110153918 , 0.002606943852 , 0.0003462994655, 0.001078297168 , 0.003339766461 , 0.0002874616643, 0.001039335974 , 0.003777537558 , 0.0003506892746, 0.001153662278 , 0.004662510725 , 0.0004254863948, 0.001043118049 , 0.004050576063 , 0.0004705371244, 0.001089268773 , 0.001668709452 , 0.0009768531364, 0.0009474541861, 0.001658935087 , 0.001012213538 , 0.001074450436 , 0.001644904461 , 0.001039967988 , 0.001048363691 , 0.001582082261 , 0.001123217171 , 0.001112244398 , 0.001645050065 , 0.001058770282 , 0.001105178561 , 0.001495771355 , 0.0009271527642, 0.0009976250135, 0.001528755221 , 0.001090231941 , 0.0009632754937, 0.001733750101 , 0.001114113097 , 0.001047427869 , 0.001447143188 , 0.001128560493 , 0.00117138847  , 0.001747703712 , 0.001064282841 , 0.001067879049 , 0.001644617157 , 0.000886505222 , 0.0009428430607, 0.001706839112 , 0.0009938082337, 0.0010703574   , 0.001672612424 , 0.001055109849 , 0.001078183238 , 0.001509255225 , 0.001086904619 , 0.001011055901 , 0.001645185064 , 0.001074848922 , 0.001089962158 , 0.001515664139 , 0.001000186389 , 0.0009325781334, 0.001825466174 , 0.001090114089 , 0.0005217248826, 0.001899886457 , 0.001020557219 , 0.0006004932394, 0.001955552296 , 0.00105126838  , 0.0005364382273, 0.001721209279 , 0.0009584141211, 0.0004615079404, 0.001924922385 , 0.0009580748601, 0.0005739735058, 0.002109701134 , 0.001026341628 , 0.0005946727535, 0.001893355442 , 0.001007066987 , 0.0005342144668, 0.001732607558 , 0.001119524891 , 0.0005092925498
0.0004082129945, 4.628991527e-05, 0.0001319173006, 0.0003482480327, 3.743083003e-05, 0.0001499742751, 0.000349264083 , 3.955257293e-05, 0.0001231854784, 0.0003462994655, 0.0006850368635, 0.0001285220438, 0.0002851145077, 3.146940745e-05, 0.000119184823 , 0.0003331266414, 3.169663877e-05, 0.0001272193263, 0.0004720420559, 4.512232036e-05, 0.0001382911205, 0.0003753554998, 4.220380238e-05, 0.000137537772 , 0.0002103671608, 0.0001290548363, 0.0001403308142, 0.0001917925856, 0.0001375017121, 0.0001147701764, 0.0002041316263, 0.0001157263847, 0.0001521246131, 0.0002280955913, 0.0001339667621, 0.000131503594 , 0.0001675413822, 0.0001349624785, 0.0001413271556, 0.0002219946897, 0.0001173965651, 0.0001450887512, 0.0002141184935, 0.0001435737223, 0.0001326621354, 0.0001920162467, 0.0001497344972, 0.0001352930136, 0.0001773200457, 0.0001386789878, 0.000139480426 , 0.0002064411775, 0.0001118649728, 0.0001446412769, 0.0002085926338, 0.0001136580097, 0.0001378692152, 0.0002317548468, 0.0001296820007, 0.0001315002324, 0.0002105043189, 0.0001333826039, 0.0001446298336, 0.0002100563238, 0.0001457175036, 0.0001245713977, 0.0001939450842, 0.0001454826906, 0.000149547549 , 0.0002068151712, 0.0001233742623, 0.0001230207403, 0.0002411607268, 0.000139466214 , 6.744111637e-05, 0.0002316721991, 0.0001670723504, 7.955375176e-05, 0.0002312519073, 0.000140664921 , 6.30656459e-05 , 0.0002466496349, 0.0001278520123, 7.368214659e-05, 0.0002439560912, 0.0001322998581, 6.947285075e-05, 0.0002457126662, 0.0001493348539, 6.541734924e-05, 0.000230839772 , 0.0001369561207, 6.520653031e-05, 0.0002374615566, 0.0001293050677, 6.654059878e-05
0.001086231615 , 0.0001188468965, 0.0004707339964, 0.001130112501 , 0.0001154765331, 0.0005349287742, 0.0009493077158, 0.0001354764058, 0.0005148822308, 0.001078297168 , 0.0001285220438, 0.0008187279746, 0.000987882472 , 0.0001057383892, 0.000474659079 , 0.0008896480582, 0.0001294324778, 0.0005357379863, 0.001042960035 , 0.0001165067718, 0.0004886862126, 0.0009784592663, 0.0001284986334, 0.0004074140237, 0.0007223357414, 0.0004565143805, 0.000464957232 , 0.0007245790468, 0.0005300956301, 0.0005767572746, 0.0009268085049, 0.0005156643747, 0.0005032261778, 0.0008671453037, 0.0004803711094, 0.0005721931744, 0.0007418754234, 0.000488434677 , 0.0005418303589, 0.0007569315395, 0.0004968503212, 0.0005634205706, 0.0006780903677, 0.0004969997863, 0.0004926567891, 0.0007958661701, 0.0004768273167, 0.0005413067069, 0.0007406113464, 0.0006146527702, 0.0004895965325, 0.0007300613538, 0.0005234203543, 0.0005645278218, 0.000753494572 , 0.0005381807812, 0.0005173793295, 0.0007745434094, 0.0005152287259, 0.0005315899855, 0.0006786903527, 0.0005422195326, 0.0005952639314, 0.0007225117118, 0.0004720415278, 0.0005328972175, 0.0007514412128, 0.0005701605284, 0.0005673922947, 0.0007595592253, 0.0004708723124, 0.0005244672439, 0.0008156530034, 0.0005304399688, 0.0002381736972, 0.000816711245 , 0.0004746885218, 0.0003025669515, 0.0008217090187, 0.000579274493 , 0.0002590197295, 0.0007529834462, 0.0005759736674, 0.000214318961 , 0.0007796847057, 0.0005323132524, 0.0002417552036, 0.0008043480564, 0.0004561314218, 0.000227851099 , 0.0008705613367, 0.000568797646 , 0.0002673404555, 0.0008139750691, 0.000467871237 , 0.000258892537 
0.004544361186 , 0.0004461052969, 0.001128998672 , 0.004515782779 , 0.0004195635294, 0.001043735304 , 0.004580508162 , 0.000392788884 , 0.001134360608 , 0.003339766461 , 0.0002851145077, 0.000987882472 , 0.002741768976 , 0.0003831408142, 0.001124040078 , 0.003468436567 , 0.0003432988657, 0.001130223952 , 0.004931993204 , 0.0004203527607, 0.00109212695  , 0.004418924562 , 0.0004424106224, 0.001052452194 , 0.001529576885 , 0.001008242706 , 0.000962802129 , 0.001495718382 , 0.001001356298 , 0.0009931941968, 0.001712206072 , 0.00104788465  , 0.00110126348  , 0.001480630809 , 0.001152066697 , 0.001071009703 , 0.00157834667  , 0.001022274281 , 0.0009925323665, 0.001683143261 , 0.001146315161 , 0.0009730670581, 0.001742854297 , 0.001057134836 , 0.001097176135 , 0.001728315    , 0.001158375052 , 0.001018905561 , 0.001449445897 , 0.001137704106 , 0.001007980676 , 0.001569293593 , 0.001080485691 , 0.001028192859 , 0.001612384722 , 0.001000377331 , 0.001112095814 , 0.001709342689 , 0.001042130062 , 0.001057192657 , 0.001765148072 , 0.001202876668 , 0.001012099916 , 0.001649670713 , 0.001070157799 , 0.0010311044   , 0.001698321974 , 0.001084023449 , 0.001049733916 , 0.001549157174 , 0.001076713004 , 0.00114211999  , 0.00178924738  , 0.0009965469343, 0.0005682174506, 0.001964723157 , 0.00101075102  , 0.0006410280994, 0.001942681063 , 0.0009862009596, 0.0005735007307, 0.001989280768 , 0.0009671453677, 0.0005387594247, 0.001932366482 , 0.001116539064 , 0.0006126384051, 0.002040261174 , 0.001092547922 , 0.0006084444648, 0.001956032518 , 0.0009868422782, 0.0005785086389, 0.001735137438 , 0.001020350075 , 0.0005079038076
0.0003948161269, 4.478265521e-05, 0.0001192294197, 0.0003843411667, 3.304553296e-05, 0.0001192436136, 0.0003183350971, 3.293201555e-05, 0.0001159212474, 0.0002874616643, 3.146940745e-05, 0.0001057383892, 0.0003831408142, 0.0006243423815, 0.0001103195222, 0.0002875391658, 3.048203735e-05, 0.0001213719496, 0.0003011071274, 3.052246455e-05, 0.0001300399867, 0.0003521006796, 3.429271243e-05, 0.0001046074433, 0.0001745900345, 0.0001189495407, 0.0001167503218, 0.0001691583225, 0.0001307798047, 0.0001267470404, 0.0001858014803, 0.0001211646358, 0.0001141362072, 0.0001744977075, 0.0001248743943, 0.0001397528708, 0.0001934923458, 0.0001179414538, 0.0001319937901, 0.0001942556945, 0.0001117617008, 0.0001505577351, 0.0001990929711, 0.000128435354 , 0.000102272572 , 0.0001952037823, 0.0001222668336, 0.0001214789862, 0.0001773763011, 0.0001160694088, 0.0001347339289, 0.000206540743 , 0.000126635465 , 0.0001214371592, 0.0001958182884, 0.0001091007235, 0.0001193150923, 0.0002155246258, 0.0001196754056, 0.0001051305708, 0.0001858660636, 0.0001367015031, 0.0001378404928, 0.0001855503375, 0.0001400197507, 0.0001423576229, 0.0001773030789, 0.0001439558903, 0.0001460929805, 0.0001927501777, 0.0001099785425, 0.0001502206128, 0.0002012595733, 0.0001007924786, 5.821233393e-05, 0.0002146823441, 0.000124384176 , 6.632691492e-05, 0.0002153244849, 0.0001295153379, 5.954512802e-05, 0.0002112500358, 0.0001062589285, 5.876170019e-05, 0.0002245115927, 0.0001295038332, 6.05812149e-05 , 0.0002173791811, 0.0001201784467, 5.965728143e-05, 0.000218615103 , 0.0001245978613, 5.889255532e-05, 0.0002017384226, 0.0001044602342, 5.460779154e-05
0.001064164867 , 0.000128718403 , 0.0005669381541, 0.00105417379  , 0.0001014469634, 0.0004524664753, 0.0009827826559, 0.0001154857213, 0.0004635909355, 0.001039335974 , 0.000119184823 , 0.000474659079 , 0.001124040078 , 0.0001103195222, 0.0006227435785, 0.001025586133 , 0.0001227679289, 0.0005090153211, 0.001045520121 , 0.0001201631064, 0.0005010948756, 0.001008417777 , 0.0001419230873, 0.0004975560623, 0.0006838710786, 0.0004835249248, 0.0005318894423, 0.0006783128798, 0.0006053604904, 0.0005223235186, 0.0007367541884, 0.0005076914482, 0.0005284063833, 0.0008688577991, 0.0005022296248, 0.0005253335055, 0.00077283879  , 0.0004292607362, 0.0004448570238, 0.0008124101216, 0.0005829509318, 0.0005140219765, 0.0007666490019, 0.0004944150249, 0.0004891271306, 0.0007213455467, 0.0005251991115, 0.0004677642808, 0.000778533225 , 0.0005281648383, 0.0005335832884, 0.0007702733244, 0.0005564458029, 0.0005441702227, 0.0007492333974, 0.0004736383159, 0.0004753563568, 0.0007669890898, 0.0004613199606, 0.0005352564869, 0.0007348540561, 0.0005359500374, 0.0004788108279, 0.0007489731816, 0.0004951701587, 0.0005165030186, 0.0007204939525, 0.000599062982 , 0.0004914504958, 0.0007997293861, 0.000548777384 , 0.0005399093986, 0.0008229284566, 0.0005210906549, 0.0002317093911, 0.000844924491 , 0.0004818947684, 0.0002384642593, 0.0008499750867, 0.0004734644187, 0.0002739390398, 0.0009157796851, 0.000522592809 , 0.0002245818014, 0.0007998388015, 0.0005113330851, 0.0002380156782, 0.000770730568 , 0.0004586952697, 0.0002416699994, 0.0008067197098, 0.0005450022526, 0.0002242501538, 0.0009062077357, 0.0005505714998, 0.0002441825993
0.003870696182 , 0.0004120090258, 0.001080527331 , 0.003911706751 , 0.0003418279271, 0.000966358604 , 0.003793755066 , 0.0003855889543, 0.001087454021 , 0.003777537558 , 0.0003331266414, 0.0008896480582, 0.003468436567 , 0.0002875391658, 0.001025586133 , 0.002694499827 , 0.0003785780669, 0.00120763092  , 0.003416657558 , 0.0003238315625, 0.001129542623 , 0.003632967087 , 0.000354822398 , 0.001079141155 , 0.001516044065 , 0.0009996471144, 0.0009514021104, 0.001512912819 , 0.001093400646 , 0.0009264861058, 0.001565293186 , 0.001060284405 , 0.0009771307787, 0.001565265552 , 0.001048075711 , 0.001104208636 , 0.001637557284 , 0.001045099314 , 0.001033780322 , 0.001461310201 , 0.001098100855 , 0.0009793377033, 0.001579598258 , 0.001048567753 , 0.001113236998 , 0.001589349535 , 0.001006281593 , 0.001070931494 , 0.001661367278 , 0.001067588698 , 0.001049333874 , 0.001413451454 , 0.0009536147023, 0.001043719425 , 0.001597956417 , 0.0009755785058, 0.001045909815 , 0.001765170448 , 0.001039272077 , 0.0009995972144, 0.001750758434 , 0.0009935046453, 0.001073955123 , 0.001502887788 , 0.00103133763  , 0.0009442496229, 0.001410751282 , 0.001003447011 , 0.001121766886 , 0.001479430187 , 0.001003522009 , 0.001081944022 , 0.001816938632 , 0.001117414788 , 0.0005550661447, 0.001786782013 , 0.0009274042038, 0.0005882309201, 0.001814796089 , 0.0009843882702, 0.0005120230981, 0.001812804573 , 0.001077582393 , 0.0004787652764, 0.001708932205 , 0.001053034189 , 0.000508980583 , 0.001800467116 , 0.001043512042 , 0.0005748114054, 0.001665630617 , 0.0009805864355, 0.0005256232396, 0.001771736235 , 0.0009091938975, 0.000500814729 
0.0004443020392, 3.881776135e-05, 0.0001436853927, 0.0004428192239, 4.002400077e-05, 0.0001325984566, 0.0004623460145, 4.378266153e-05, 0.0001418972081, 0.0003506892746, 3.169663877e-05, 0.0001294324778, 0.0003432988657, 3.048203735e-05, 0.0001227679289, 0.0003785780669, 0.0007374013904, 0.0001416161529, 0.0004194312968, 3.666626108e-05, 0.0001460730682, 0.0003581808541, 3.201090098e-05, 0.0001313118682, 0.0002114862294, 0.0001458935924, 0.0001261131261, 0.0001962793351, 0.0001683757085, 0.0001427145045, 0.0002164193836, 0.0001410580716, 0.0001556152207, 0.0002087455432, 0.0001338445971, 0.0001364206424, 0.000217737602 , 0.0001330359949, 0.0001475457428, 0.0002466737478, 0.0001499545451, 0.000139537549 , 0.0001911123077, 0.0001477694802, 0.0001510216333, 0.0002294354145, 0.0001444212326, 0.0001323485305, 0.0001892334542, 0.0001266602697, 0.0001357169079, 0.0002102203135, 0.0001355506752, 0.0001459150132, 0.0002320508518, 0.0001300057415, 0.0001639584794, 0.0002428319405, 0.0001502064993, 0.000126180357 , 0.0002181262037, 0.0001498344139, 0.0001573763402, 0.0002081107085, 0.0001295972131, 0.0001341137719, 0.0001897573042, 0.0001477377626, 0.0001397646367, 0.0001758988741, 0.0001562970473, 0.0001453423026, 0.0002317429803, 0.0001321613874, 7.732348188e-05, 0.0002330248932, 0.0001409403103, 7.313027636e-05, 0.000210469229 , 0.0001393253077, 6.593666427e-05, 0.0002256612687, 0.0001336878983, 7.31593136e-05 , 0.0002246731503, 0.0001290783295, 7.785788309e-05, 0.0002379549463, 0.0001391585335, 6.9612773e-05  , 0.0002275256014, 0.0001275657565, 7.170095991e-05, 0.0002375278456, 0.0001309709447, 6.834459794e-05
0.0009071745719, 0.0001201816792, 0.0004962390568, 0.001145685019 , 0.0001181678345, 0.0004906441082, 0.001114079127 , 0.0001325062848, 0.0005059919307, 0.001153662278 , 0.0001272193263, 0.0005357379863, 0.001130223952 , 0.0001213719496, 0.0005090153211, 0.00120763092  , 0.0001416161529, 0.0006989094529, 0.001072244547 , 0.0001265179153, 0.0004698057007, 0.001035462175 , 0.0001425432674, 0.0004562237121, 0.0007559232618, 0.0005525760772, 0.0005619814516, 0.0008021823447, 0.0005552622967, 0.0005579581204, 0.0006873715323, 0.000485681937 , 0.0005075279141, 0.0007127410203, 0.0005774442372, 0.0004703752634, 0.0008595210621, 0.0005002728449, 0.0005039879157, 0.000908795381 , 0.0005031429731, 0.0005455326108, 0.0007802413542, 0.0005220487515, 0.0005055785634, 0.0006652135742, 0.0006141058461, 0.000515025658 , 0.000825306247 , 0.0005486698246, 0.0005150140744, 0.0007759077921, 0.0005497015831, 0.0005266672961, 0.0007964881679, 0.000534550475 , 0.0005032689855, 0.0008056500256, 0.0005120641719, 0.0005298395229, 0.000745794723 , 0.0005907426014, 0.0004624153659, 0.0007516487045, 0.0005476630656, 0.0005412067193, 0.0007174466351, 0.0005197161082, 0.0006347693039, 0.0007385742274, 0.0005084046999, 0.0005888795137, 0.0007500818367, 0.0005232107578, 0.0002210425551, 0.0007982839257, 0.0005232716895, 0.0002347708404, 0.0007852201867, 0.0005733841932, 0.0002545792109, 0.0007980375241, 0.0005709326745, 0.0002489636856, 0.0008584544597, 0.0004905562438, 0.0002746697379, 0.0007854867391, 0.0005298134052, 0.0002051960415, 0.0008030600218, 0.0005165508448, 0.0002554323688, 0.0008326670286, 0.0005555234356, 0.0002121134425
0.004555676388 , 0.0004063881313, 0.001220797783 , 0.004827987316 , 0.000412393073 , 0.001128662114 , 0.00456214933  , 0.0004462856379, 0.001159098817 , 0.004662510725 , 0.0004720420559, 0.001042960035 , 0.004931993204 , 0.0003011071274, 0.001045520121 , 0.003416657558 , 0.0004194312968, 0.001072244547 , 0.003271335063 , 0.0004207929509, 0.00130987827  , 0.003334714727 , 0.0003669861562, 0.0009811433928, 0.001679823628 , 0.001031314339 , 0.001009933336 , 0.001445293896 , 0.001170790505 , 0.00110993977  , 0.001897253831 , 0.001076942455 , 0.001048091886 , 0.001573380594 , 0.001102719738 , 0.001089820097 , 0.001589518609 , 0.0009701814728, 0.001197775968 , 0.001814693482 , 0.001284889974 , 0.001108045674 , 0.001736834646 , 0.001096460201 , 0.001137409379 , 0.00161523744  , 0.001131367309 , 0.001092230903 , 0.00171251068  , 0.00116029909  , 0.001208082789 , 0.001717932552 , 0.001133143488 , 0.001100052199 , 0.001742287065 , 0.001036870637 , 0.001087374321 , 0.001694705716 , 0.00104623497  , 0.001084686114 , 0.001758380732 , 0.001101152319 , 0.001098053054 , 0.001728494519 , 0.001136666907 , 0.001024197005 , 0.001646262729 , 0.001090894882 , 0.001178188604 , 0.001675030803 , 0.001010747565 , 0.001090241776 , 0.001870444018 , 0.001177321567 , 0.0005570398713, 0.002002766523 , 0.001012772879 , 0.0006374890955, 0.001915848798 , 0.001040599909 , 0.0006091333549, 0.001744537315 , 0.001021702418 , 0.0005185232722, 0.00195358263  , 0.001091069642 , 0.000493374154 , 0.001925162501 , 0.001073792039 , 0.0005621487205, 0.001962231967 , 0.0009355618445, 0.0005509788167, 0.001930706341 , 0.001000103711 , 0.0005677664896
0.0003910762188, 3.406109212e-05, 0.0001237209039, 0.0004562797035, 3.78957489e-05 , 0.000135533923 , 0.0004186457483, 4.096605605e-05, 0.0001423867375, 0.0004254863948, 4.512232036e-05, 0.0001165067718, 0.0004203527607, 3.052246455e-05, 0.0001201631064, 0.0003238315625, 3.666626108e-05, 0.0001265179153, 0.0004207929509, 0.0008078602897, 0.0001342298176, 0.0003250987108, 4.205385212e-05, 0.0001205589219, 0.0002182047738, 0.0001279467395, 0.0001216433154, 0.0002169522447, 0.0001492096181, 0.0001377780634, 0.0001795795173, 0.0001137879724, 0.0001266830762, 0.0001911801688, 0.0001449791457, 0.0001460278074, 0.0002175401473, 0.0001287607538, 0.0001379987049, 0.000199939419 , 0.0001278612747, 0.0001217102961, 0.0001965499092, 0.0001198788727, 0.0001218376951, 0.0002202805466, 0.0001146322037, 0.0001312586951, 0.0001884415455, 0.0001369331681, 0.0001277668262, 0.0002012134144, 0.0001250648997, 0.0001311022218, 0.0001807672545, 0.0001239616666, 0.0001148989624, 0.0002057282981, 0.0001106490274, 0.0001547732132, 0.0002230455011, 0.0001306844105, 0.0001263628945, 0.0001949300359, 0.0001178517226, 0.0001219726761, 0.0001713502734, 0.00012777171  , 0.0001186932654, 0.0002003346712, 0.0001495612503, 0.0001245803713, 0.0002005019718, 0.0001212485372, 5.599921444e-05, 0.0001872287326, 0.0001285793905, 6.632393038e-05, 0.0002435396057, 0.0001134563801, 6.849729351e-05, 0.000222742973 , 0.0001289765549, 6.082604428e-05, 0.0002014021009, 0.0001279652572, 6.031126e-05   , 0.0002085797993, 0.0001126843239, 6.43673954e-05 , 0.000208446007 , 0.0001419771977, 7.061688313e-05, 0.0001952210578, 0.0001230947624, 6.17493743e-05 
0.001078342269 , 0.0001407328394, 0.0005128576043, 0.00107263968  , 0.0001142700417, 0.0005380733927, 0.001164583259 , 0.0001113287011, 0.000535122075 , 0.001043118049 , 0.0001382911205, 0.0004886862126, 0.00109212695  , 0.0001300399867, 0.0005010948756, 0.001129542623 , 0.0001460730682, 0.0004698057007, 0.00130987827  , 0.0001342298176, 0.0007312888637, 0.0009832992564, 0.0001217524975, 0.000525273281 , 0.0008315659   , 0.0004938724804, 0.0005780381293, 0.0008295691097, 0.0004905132001, 0.000620639519 , 0.0007783656827, 0.0005452215029, 0.0005373062634, 0.0008101348417, 0.0005870039341, 0.0004828641331, 0.0007046892625, 0.0005609238168, 0.0005644236658, 0.0008965268383, 0.000497165809 , 0.0004669254224, 0.000983333507 , 0.0005803860691, 0.0005340247914, 0.0007571431552, 0.0005915302407, 0.0004745400525, 0.0007390969778, 0.0006180813238, 0.000655158568 , 0.0007995791628, 0.0005234626746, 0.0005428360543, 0.0007577622125, 0.0006287317031, 0.0004766933119, 0.0007922599619, 0.0005897590567, 0.0005539752722, 0.0008498210303, 0.0005146105138, 0.0004554296633, 0.0008537668077, 0.0005017313433, 0.0006432655569, 0.0007986244748, 0.0004744822747, 0.0005612320555, 0.0007269395915, 0.0005508584172, 0.0005242099911, 0.0008390355245, 0.0005614290701, 0.0002474325875, 0.000823272259 , 0.0004836364297, 0.0002732501939, 0.0007664293579, 0.0005199721803, 0.0002522899542, 0.0008780814099, 0.0005006311522, 0.0002588151223, 0.0009004772725, 0.0005469716285, 0.0002511788671, 0.0009034221894, 0.0006406338414, 0.0002870889917, 0.0009054480076, 0.0004543608823, 0.000290079164 , 0.0008178295796, 0.0005246920877, 0.0002301896898
0.003103008029 , 0.0003351417626, 0.001075749594 , 0.004158099559 , 0.0002994905074, 0.001001727842 , 0.003892210993 , 0.0004446555083, 0.001078816082 , 0.004050576063 , 0.0003753554998, 0.0009784592663, 0.004418924562 , 0.0003521006796, 0.001008417777 , 0.003632967087 , 0.0003581808541, 0.001035462175 , 0.003334714727 , 0.0003250987108, 0.0009832992564, 0.002885842808 , 0.0004057825048, 0.001087995105 , 0.00172766208  , 0.0009534917369, 0.0009899313866, 0.001526857013 , 0.001004709224 , 0.001040062193 , 0.001618544162 , 0.001006659588 , 0.0009802041086, 0.001347915347 , 0.0009675159195, 0.001038443259 , 0.001519227526 , 0.000943766053 , 0.001090249827 , 0.001646461421 , 0.00105949596  , 0.001078352963 , 0.001679760985 , 0.00104005631  , 0.001039139842 , 0.001652494253 , 0.001111443817 , 0.0009677791522, 0.001580066818 , 0.00108145013  , 0.00108577709  , 0.001632627801 , 0.001065945291 , 0.0009263963392, 0.001543853957 , 0.001007521349 , 0.0009994568732, 0.001699657621 , 0.001002825891 , 0.001132179078 , 0.001652094548 , 0.001015004921 , 0.00108575387  , 0.001564929705 , 0.001055580214 , 0.001006097305 , 0.001447542468 , 0.0009511576559, 0.001043254299 , 0.001533367238 , 0.001068498651 , 0.001163184075 , 0.001679068753 , 0.0009756250783, 0.0004816204792, 0.001675875885 , 0.001097588314 , 0.0005249840659, 0.001578776639 , 0.001101782277 , 0.0004918447038, 0.001834870413 , 0.000998735914 , 0.0005064214481, 0.001752498373 , 0.001037190064 , 0.0005018506622, 0.001847937411 , 0.0009919356244, 0.0005040405707, 0.001728832988 , 0.0009669977332, 0.0005524561016, 0.00171518778  , 0.0009763809128, 0.0005161581804
0.0003271321189, 4.436449812e-05, 0.0001370594731, 0.0003768039827, 3.131573885e-05, 0.00012298918  , 0.0004550728908, 4.123799268e-05, 0.0001361549745, 0.0004705371244, 4.220380238e-05, 0.0001284986334, 0.0004424106224, 3.429271243e-05, 0.0001419230873, 0.000354822398 , 3.201090098e-05, 0.0001425432674, 0.0003669861562, 4.205385212e-05, 0.0001217524975, 0.0004057825048, 0.0007468328762, 0.0001313167073, 0.0002310992733, 0.0001563946714, 0.0001417979533, 0.0002066898246, 0.0001449446309, 0.0001215037122, 0.0002098745911, 0.00013657679  , 0.0001390679565, 0.0001938605195, 0.0001391447534, 0.0001508809566, 0.000203661346 , 0.0001305212323, 0.0001307597771, 0.0002286182679, 0.0001423723103, 0.0001481149452, 0.0002141265925, 0.0001417086596, 0.0001331060625, 0.0002540825704, 0.0001427233508, 0.0001335152254, 0.0002102307608, 0.0001339612225, 0.0001662919509, 0.0001996686285, 0.0001341055675, 0.0001490422262, 0.0002001504951, 0.0001343313342, 0.0001547542677, 0.0001973777509, 0.0001355053654, 0.0001603930769, 0.0001935088837, 0.0001469311932, 0.0001393214781, 0.0002114398481, 0.0001251026212, 0.0001340046463, 0.0002094100037, 0.0001447136663, 0.0001294961209, 0.0001904692941, 0.0001442104899, 0.0001401512541, 0.0002546198848, 0.0001528360061, 7.057258323e-05, 0.0002482284087, 0.0001635443107, 8.069842539e-05, 0.0002571400311, 0.0001327469243, 7.941557873e-05, 0.000235943493 , 0.0001627176502, 7.314127626e-05, 0.000225140133 , 0.0001196711387, 6.663609861e-05, 0.000233300155 , 0.0001302113389, 6.425080102e-05, 0.0002549937909, 0.0001449945986, 7.792393732e-05, 0.0002158719853, 0.0001303895205, 7.03637091e-05 
0.001055965021 , 0.0001511625182, 0.0004810982935, 0.001188730248 , 0.000108943871 , 0.0004876920873, 0.001036491961 , 0.0001107417734, 0.0004697808055, 0.001089268773 , 0.000137537772 , 0.0004074140237, 0.001052452194 , 0.0001046074433, 0.0004975560623, 0.001079141155 , 0.0001313118682, 0.0004562237121, 0.0009811433928, 0.0001205589219, 0.000525273281 , 0.001087995105 , 0.0001313167073, 0.0007819375959, 0.0007538462056, 0.000525080302 , 0.0005801715905, 0.0007466175486, 0.0005625287909, 0.0005616167181, 0.0007565832745, 0.0004823213216, 0.0005341810073, 0.0007265399748, 0.0004369633261, 0.0004908777634, 0.00079658781  , 0.0005080925657, 0.0005345727441, 0.0007807621314, 0.0005176884023, 0.0005291691331, 0.0009155536769, 0.0005027006495, 0.0005845679263, 0.000858186138 , 0.0005233020683, 0.0004599100203, 0.0008596576015, 0.000498126504 , 0.0005841196895, 0.0007750063968, 0.0005681373869, 0.0005267117551, 0.0007447860183, 0.0005125080195, 0.0004831493415, 0.0006859193408, 0.0004723744689, 0.0005600087265, 0.0006932163352, 0.0005368968943, 0.0005057717804, 0.0006869958451, 0.0005571507611, 0.0004693898087, 0.00075547824  , 0.0005868164065, 0.0006141329497, 0.0007194135146, 0.0004600218169, 0.0006143658138, 0.0008138019668, 0.0005604791175, 0.0002841837751, 0.0008881926454, 0.0005347212581, 0.00026371558  , 0.0009158664148, 0.0004242744172, 0.00024174346  , 0.0007826950514, 0.0005128633003, 0.000251897792 , 0.000893794816 , 0.0005239887806, 0.0002642463606, 0.0008497453247, 0.000437868965 , 0.0002320747248, 0.0007186054152, 0.0005408036744, 0.0002349717987, 0.0008834769946, 0.0004955902291, 0.000243987641 
