<Sz_i Sz_j >                                      
0.6717128952     0.005928150991   0.0007967784587  -0.0456053731    -0.1065942384    -0.08111699445   0.006298646264   0.006652186467   0.005145481471   -0.04498881787   -0.1026213741    -0.07735437814   -0.0169280733    -0.1142233267    -0.003019327563  0.004973685278   0.006211521011   -0.002467454631  0.005012492549   0.007195114346   0.001102733165   -0.01339362684   -0.1127589642    -5.665120014e-05 -0.001199103538  0.0003547645517  -0.0009469515611 0.003882713221   0.001259472355   0.0030930658     -0.0006002322024 0.0002432792816  -0.004996298802  0.002161849473   -0.0006868212594 -0.001800634588  -0.002935587459  -0.0003773273316 -0.0005146947888 -0.003710067921  -8.427322525e-05 0.001717246465   -0.0004402960081 0.002850684611   0.001886997872   0.0002577751845  -0.001524474327  0.002206544684  
0.005928150991   0.4334874594     0.006141571886   -0.1037059774    -0.0008645055812 -0.04249879189   0.00714326253    -0.1471122046    0.004610265274   -0.1033023905    -0.001270238345  -0.04168788742   -0.00653215971   0.005280082868   -0.003749400834  -0.00666433009   0.005528272884   -0.007119868517  -0.006565867844  0.00508093438    -0.004488164411  -0.005415095312  0.003832909839   -0.001885535458  0.001440175602   0.001000943401   -0.001095568123  0.002053859928   0.001221649543   0.0007431792636  -0.00294703759   0.001995414088   0.0002301005073  0.001063322168   0.0004680968784  2.384922971e-05  0.0004284214685  0.001649717505   -0.0006789503115 -0.001670636678  -0.0008546136785 -0.0009609300405 0.0001381943653  0.0004103955915  -0.001154496311  0.0008616069827  0.0003622580298  0.001099928986  
0.0007967784587  0.006141571886   0.5142970503     -0.07771658284   -0.04208856927   -0.0003033018793 0.004972567295   0.006251889704   0.0001997485807  -0.0797880758    -0.04381004038   -0.000668799227  -0.08879921246   -0.05272234876   -0.01278567278   0.002377109894   0.005712032775   0.002291201362   0.002767840555   0.004441027317   0.001392456738   -0.09274464611   -0.05530745846   -0.01351374894   0.0008045050447  -0.003428922409  -0.0002168490258 -0.002475427785  0.0004677868625  0.0001765916403  0.002132515803   0.001884608232   -0.001990524779  0.004540256195   0.007345018799   -0.001090519834  0.00109360419    0.0009277219786  0.002175188738   0.001410615477   0.0005205331828  -0.002104430463  -0.0004448887859 -0.002134940955  0.001575094235   -0.001594393738  -0.001135297736  0.0001741940044 
-0.0456053731    -0.1037059774    -0.07771658284   0.6710973581     0.006022618244   0.005194501485   -0.0463528083    -0.1069843882    -0.07751952076   0.009297236024   0.007092541224   0.006283691234   -0.01771555767   -0.1141780605    0.002175524199   -0.0194184904    -0.1140795373    1.510217046e-06  0.00380341617    0.003717396492   0.0003625818477  0.003909921025   0.007082783028   -0.0004109732705 -0.0007032147724 0.00240547418    -0.003185712778  0.001035706162   3.698815582e-05  -0.003315412895  0.00336708941    0.001056735163   -0.0006773220281 -0.002810357866  0.0008021102904  -0.0002166881768 0.001009632829   -0.00107477045   0.0005127823206  0.00267932852    -0.002675807897  -0.0007385696487 0.001137797172   -0.00125027742   -0.0004426182354 -0.0003570905436 0.0007998675394  0.0002509531375 
-0.1065942384    -0.0008645055812 -0.04208856927   0.006022618244   0.4327824181     0.00551343694    -0.1047691863    -0.001893454443  -0.04110896687   0.005482997068   -0.1453843987    0.00542537078    -0.005991669311  0.00668790053    -0.002588429393  -0.004418003905  0.004867461857   -0.004548912691  -0.003331540322  0.006643436249   -0.005017331177  -0.007806392923  0.004855759837   -0.004365448608  0.001517079826   0.002578249936   -0.001663499763  -0.0008802056519 -0.0001867700502 -0.0004990925191 -0.001171812776  0.0007399098275  0.0004713913105  0.00235262229    -0.0001368215091 -0.000844985928  0.002288831519   0.0002908440559  -0.0004429576226 0.001143346866   0.001235814154   -0.0003638021254 -0.002776428746  -0.000551000732  -0.001035628134  -0.001416322738  0.001084659937   0.0007684951764 
-0.08111699445   -0.04249879189   -0.0003033018793 0.005194501485   0.00551343694    0.5140409826     -0.07681539389   -0.04178710614   -0.002146706539  0.005372100938   0.006836116099   0.0004681839122  -0.09127758233   -0.05342690615   -0.01068227465   -0.09301756293   -0.05515834924   -0.0115746124    0.002153189723   0.004305326083   0.001376407992   -0.002806856495  0.004417102391   0.001147781774   0.002444540072   0.006422584063   0.002476174917   0.0008224508317  -0.0004160561731 0.0005286676904  0.001865590268   0.0003884345556  0.003556644626   -0.001307638541  0.002850007193   -0.001205499463  -0.001793358166  -0.00203504997   0.0008140684478  -0.002626842572  -0.0003230857914 -0.0003664644488 1.155097556e-05  0.0002505545311  -0.0003102261179 -0.0003891029922 -0.000524385342  0.0006549291064 
0.006298646264   0.00714326253    0.004972567295   -0.0463528083    -0.1047691863    -0.07681539389   0.6709906298     0.005629322785   0.0003264416305  -0.04389026636   -0.1050730589    -0.07910848409   0.004245159589   0.005565332812   0.002300886757   -0.01829846677   -0.1116520675    0.002649650356   -0.01503473151   -0.1139238105    -0.002593679861  0.008736097146   0.006316693663   0.0008576513314  -0.004830059368  -0.001563411446  0.0005785241784  0.00155114641    0.001335079022   -0.00110058855   -0.003076595755  -0.002281699806  -0.00252609034   -0.004641905344  0.0006693813292  0.002964044508   -0.002848801915  0.001308743492   -0.0008048762226 0.0007349208359  0.002890844679   0.004537923717   -0.004003286881  0.002310516665   0.001401193979   -0.001101283444  0.0002752639278  -0.0003042400438
0.006652186467   -0.1471122046    0.006251889704   -0.1069843882    -0.001893454443  -0.04178710614   0.005629322785   0.4362932099     0.006156217559   -0.1057602275    -0.002148584936  -0.04465469198   -0.004094275416  0.005363915438   -0.007947813281  -0.003360232355  0.007459709156   -0.001634697188  -0.003702512841  0.00563923654    -0.002514998344  -0.003287373377  0.003597390359   -0.0038871124    1.847115972e-05  -0.0002369871629 -0.0001639148888 -0.000352912527  -0.001255133064  0.000797583641   -0.002812589162  -0.0007701453858 0.001284596081   0.0008121923261  0.00106395508    -0.0005522638551 -0.000598973884  -0.00043331021   0.0006942324991  -0.001123420921  0.001001510969   0.0007535621082  -0.001076909713  0.001432531894   0.001695998937   -0.003018435569  -0.0002087793838 0.0007922387023 
0.005145481471   0.004610265274   0.0001997485807  -0.07751952076   -0.04110896687   -0.002146706539  0.0003264416305  0.006156217559   0.5130548855     -0.07598751041   -0.04292408402   0.001230895015   0.0001512805375  0.003721739201   0.002403147118   -0.08803018898   -0.05363799424   -0.01092480638   -0.092987845     -0.05393018713   -0.01531970442   0.004878825149   0.004195919772   0.002094262321   7.129639705e-06  -0.0005817392537 -0.001460891693  0.0001136268561  0.007080743959   -0.0005356419536 0.0003090869505  -0.0005970921871 0.0004199934244  0.00068755759    -0.0002111947915 -0.0009844994864 0.002102873504   0.002042543113   9.681903902e-05  -0.0004468824766 0.0004404721557  -0.0007309527843 -0.0002871532341 -0.001105487831  -0.0003656369095 0.002179664503   -0.001211592489  -0.0006142667132
-0.04498881787   -0.1033023905    -0.0797880758    0.009297236024   0.005482997068   0.005372100938   -0.04389026636   -0.1057602275    -0.07598751041   0.6694233273     0.006822727465   0.005434644121   0.004864720099   0.003486846771   0.0003780014802  0.002673408681   0.003763657591   -0.0005784340956 -0.01848378906   -0.1137349322    -0.002225113561  -0.01742512832   -0.1101401049    -0.004912583681  -0.002323365576  0.003824937933   -0.0003651035268 -0.0004198245971 0.002560460508   -0.00307294422   0.005291984062   0.002188450105   -0.001565896567  -0.002106674161  -0.0003853984269 2.744208337e-05  -0.002382487074  0.0005697318769  0.0001148248144  0.001652440976   -7.478952143e-05 0.002779647372   -0.0007021534521 -0.001967261288  -0.002271884848  0.002498349181   0.001061409928   -0.000720058018 
-0.1026213741    -0.001270238345  -0.04381004038   0.007092541224   -0.1453843987    0.006836116099   -0.1050730589    -0.002148584936  -0.04292408402   0.006822727465   0.4338034945     0.007288122795   -0.00149321419   0.004052768269   -0.00532382917   -0.006104350384  0.004087784291   -0.005473172825  -0.006418633446  0.004246915304   -0.0002775006898 -0.005706395702  0.003848561036   -0.003448936788  0.0002484537401  0.0009178437694  0.0008590257353  -0.0003971593421 -0.0008645817652 -0.0009786027818 0.001706363872   0.0007293752301  0.002062620966   -0.003200315153  -0.0002548566753 -0.0004185644413 0.0002777268458  -0.0002646824409 0.0003112011492  -0.0003156950074 -0.001512835204  -0.001837747433  0.003278934221   -0.0009158472196 9.816579878e-05  0.0008301279205  0.0004882616034  -0.00143650529  
-0.07735437814   -0.04168788742   -0.000668799227  0.006283691234   0.00542537078    0.0004681839122  -0.07910848409   -0.04465469198   0.001230895015   0.005434644121   0.007288122795   0.5134657035     0.004043926097   0.003901731124   0.006143098626   0.0007389119686  2.586580267e-05  -0.0002569607577 -0.08930045274   -0.05510349936   -0.01343410146   -0.09281537382   -0.05534860322   -0.01131207408   -0.001085735579  0.0003901616432  -0.000563713199  -0.002928110372  0.003287442558   -0.0004055300663 0.002395515046   0.005840209226   -0.0006626621637 0.0003106892612  -0.0009702567759 -0.002672021357  -0.001867623173  0.0006222707713  0.002515048588   0.0003800329557  0.0008997205313  -0.0006328824398 0.001952035909   -0.001258675435  0.000305900084   -0.000268929916  0.001408570642   -0.0003951694654
-0.0169280733    -0.00653215971   -0.08879921246   -0.01771555767   -0.005991669311  -0.09127758233   0.004245159589   -0.004094275416  0.0001512805375  0.004864720099   -0.00149321419   0.004043926097   0.66382033       0.00805842529    0.007870854963   -0.02128640768   -0.04585408431   -0.05656648623   -0.004247564999  0.002915782461   -0.0001383758331 -0.01796304089   -0.04620114964   -0.05708569655   -0.02197735496   -0.09349991336   -0.00418613297   0.002893343594   0.005372246706   0.002137098903   0.004470250712   0.00239872319    0.002173320602   -0.01735256095   -0.09281831753   -0.00187267704   -0.0006604579591 0.001346695038   -0.002681236952  0.001727952658   6.582816992e-05  -0.0008148730766 -0.0001557603243 0.0003113053244  -0.0007240708762 -0.0002683273426 0.001621772051   -0.001297227794 
-0.1142233267    0.005280082868   -0.05272234876   -0.1141780605    0.00668790053    -0.05342690615   0.005565332812   0.005363915438   0.003721739201   0.003486846771   0.004052768269   0.003901731124   0.00805842529    0.5047258939     0.001542850411   -0.04436167036   -0.02690771451   -0.02374627502   0.003627557735   -0.01331903192   0.002792014318   -0.04277318515   -0.02832736754   -0.02450517778   -0.008097865056  0.002419816543   -0.006912282752  0.0019171116     0.00172872332    -0.0003555422308 -0.004371171816  0.0003685737365  0.0006951951485  -0.006453358194  0.0001680101739  -0.004943841529  0.0009937548904  0.0008222074321  0.001060712777   0.0003676825398  -0.001038641096  -0.001698010382  0.001279509462   0.0007814600683  -0.001556835275  0.0009483937577  0.001595103786   -3.386981333e-05
-0.003019327563  -0.003749400834  -0.01278567278   0.002175524199   -0.002588429393  -0.01068227465   0.002300886757   -0.007947813281  0.002403147118   0.0003780014802  -0.00532382917   0.006143098626   0.007870854963   0.001542850411   0.4859316103     -0.05938578396   -0.02368240835   0.002284986074   -0.00172716094   0.0009208531365  0.0003158259171  -0.05622309751   -0.02112889721   0.001406044285   -0.09246948695   -0.06118586024   -0.01075391715   0.002185568605   0.005014965881   0.001588789579   0.005016704862   0.004142281076   0.002456842588   -0.09516524527   -0.06023002048   -0.01455245477   0.001785688083   -0.001439018531  -0.002712547456  0.001411813054   -0.0009975549327 -0.001982721325  0.001139013114   -0.00091953213   -0.0007540088998 0.004760520479   0.005635101515   0.00259312298   
0.004973685278   -0.00666433009   0.002377109894   -0.0194184904    -0.004418003905  -0.09301756293   -0.01829846677   -0.003360232355  -0.08803018898   0.002673408681   -0.006104350384  0.0007389119686  -0.02128640768   -0.04436167036   -0.05938578396   0.6642605533     0.009026792393   0.008352315439   -0.02065601977   -0.0441505882    -0.05950154927   -0.001542275232  0.006434350449   0.001970554573   -0.01727701559   -0.09332575333   -0.004073460796  -0.01649164459   -0.09343582463   -0.003692431864  0.00254378251    0.004309113231   -0.00191494652   0.006779022006   0.004159193229   0.002530377095   0.002696286105   -0.0001290243592 -0.002030028909  0.0005972980539  -0.0001200480039 0.001281138996   -0.0007966879772 0.0009829915125  -0.001263476763  0.001147172499   -0.0001219946481 -0.002965677663 
0.006211521011   0.005528272884   0.005712032775   -0.1140795373    0.004867461857   -0.05515834924   -0.1116520675    0.007459709156   -0.05363799424   0.003763657591   0.004087784291   2.586580267e-05  -0.04585408431   -0.02690771451   -0.02368240835   0.009026792393   0.5044892543     0.003794221895   -0.04488746108   -0.0275833495    -0.02082423496   7.854858605e-05  -0.01370892647   0.00376704846    -0.005455733916  0.001446820976   -0.005036399342  -0.008578854725  0.001307072034   -0.006566977432  -0.0006130252101 0.0009557853974  0.0002014492402  0.000937176376   0.003063935974   -0.001923235492  0.002100939069   0.0003277798825  0.0007428614078  -0.002938932277  0.001423617396   -0.001152857631  0.0005892039072  0.0004456432735  0.0008551085757  -0.0002986577297 -0.001632806191  -0.001036237248 
-0.002467454631  -0.007119868517  0.002291201362   1.510217046e-06  -0.004548912691  -0.0115746124    0.002649650356   -0.001634697188  -0.01092480638   -0.0005784340956 -0.005473172825  -0.0002569607577 -0.05656648623   -0.02374627502   0.002284986074   0.008352315439   0.003794221895   0.4860483146     -0.05859287209   -0.02303309261   0.002881405472   -5.864270497e-05 0.004294633819   0.003177894298   -0.0931826439    -0.06029740096   -0.01233202755   -0.09439946874   -0.06184760389   -0.01532227311   0.002805568718   0.006339728311   0.00446942257    0.001933554164   0.001687430283   0.0006961246231  0.003797903567   0.009233409705   0.0008405747953  -0.002245537453  0.0005483496937  -0.0009608405598 0.0003190938491  -0.0003723828164 0.0005624452124  0.0002369583934  -0.0002274775264 -0.001487789778 
0.005012492549   -0.006565867844  0.002767840555   0.00380341617    -0.003331540322  0.002153189723   -0.01503473151   -0.003702512841  -0.092987845     -0.01848378906   -0.006418633446  -0.08930045274   -0.004247564999  0.003627557735   -0.00172716094   -0.02065601977   -0.04488746108   -0.05859287209   0.6633901373     0.01052317846    0.01135349747    -0.02331604351   -0.04492330484   -0.0583864318    0.005929469735   0.005838416418   -0.0003190770604 -0.02288849264   -0.09217986858   -0.003103216087  -0.01804004846   -0.09163758476   -0.00391331063   0.003060396595   0.006947519101   0.002008830526   -0.002060189084  -0.001542173444  -0.00173486593   0.002856745316   0.003436266621   4.269642701e-05  0.0004374308824  -0.003270424955  -0.001854358067  -0.0009653657752 0.002096174947   0.0007880081641 
0.007195114346   0.00508093438    0.004441027317   0.003717396492   0.006643436249   0.004305326083   -0.1139238105    0.00563923654    -0.05393018713   -0.1137349322    0.004246915304   -0.05510349936   0.002915782461   -0.01331903192   0.0009208531365  -0.0441505882    -0.0275833495    -0.02303309261   0.01052317846    0.50477599       0.003882762316   -0.0441851633    -0.03063555758   -0.02422951581   -0.0006714492498 0.001643964406   0.0004673299952  -0.009264802987  -0.0008547883219 -0.004270842819  -0.008493283506  0.003720829785   -0.004790011104  0.0005933971667  0.00219723887    0.001386390388   -0.001522807341  -0.001377400347  -0.002214057331  0.001128434002   0.0005902598064  -0.002946386332  -2.694305555e-05 0.0003530563284  0.0002919330228  0.0008366334554  0.0002927139816  0.002473535182  
0.001102733165   -0.004488164411  0.001392456738   0.0003625818477  -0.005017331177  0.001376407992   -0.002593679861  -0.002514998344  -0.01531970442   -0.002225113561  -0.0002775006898 -0.01343410146   -0.0001383758331 0.002792014318   0.0003158259171  -0.05950154927   -0.02082423496   0.002881405472   0.01135349747    0.003882762316   0.4855404179     -0.05770499272   -0.02432756309   0.002249733683   0.001816200194   0.003512882296   0.004459008182   -0.09228347618   -0.05867406869   -0.01329496368   -0.09377812191   -0.0597695387    -0.01289504883   0.0003991022651  0.004168461505   0.00417003032    -0.002308805575  0.001670440185   -0.0009211068    0.002792000278   0.00667166171    0.0004116181927  0.002789570311   0.0005985883275  -0.0003420440224 -0.002485651926  -0.001066836597  -0.0005229134381
-0.01339362684   -0.005415095312  -0.09274464611   0.003909921025   -0.007806392923  -0.002806856495  0.008736097146   -0.003287373377  0.004878825149   -0.01742512832   -0.005706395702  -0.09281537382   -0.01796304089   -0.04277318515   -0.05622309751   -0.001542275232  7.854858605e-05  -5.864270497e-05 -0.02331604351   -0.0441851633    -0.05770499272   0.6634801649     0.008935599269   0.008745440633   0.00491532857    0.003364745384   0.001124934702   0.003907514769   0.005041148425   0.00305150977    -0.0219363655    -0.09329954333   -0.003519128241  -0.0199408       -0.09020054402   -0.005903034453  0.001201087395   -0.003254997088  0.002218829964   -0.004251400823  0.0001312264659  -0.000272404179  0.00135229281    0.006694159591   0.0006148103176  -0.001803501649  -0.0003253788096 -0.002512363063 
-0.1127589642    0.003832909839   -0.05530745846   0.007082783028   0.004855759837   0.004417102391   0.006316693663   0.003597390359   0.004195919772   -0.1101401049    0.003848561036   -0.05534860322   -0.04620114964   -0.02832736754   -0.02112889721   0.006434350449   -0.01370892647   0.004294633819   -0.04492330484   -0.03063555758   -0.02432756309   0.008935599269   0.5052253425     0.005198262371   -0.001184459607  0.0007890682999  0.0006711820435  -0.003015712619  0.0003449053069  -0.0002934974424 -0.006947031052  0.00139799304    -0.006084305352  -0.007794306832  0.000198808754   -0.004718117471  0.00264065743    0.0008245307117  -0.001132395145  -0.0005984519389 -0.0004603717697 0.00100468491    -0.001782199924  0.001737618151   0.0003656776355  -5.548968532e-05 0.0002580675899  -0.001593081327 
-5.665120014e-05 -0.001885535458  -0.01351374894   -0.0004109732705 -0.004365448608  0.001147781774   0.0008576513314  -0.0038871124    0.002094262321   -0.004912583681  -0.003448936788  -0.01131207408   -0.05708569655   -0.02450517778   0.001406044285   0.001970554573   0.00376704846    0.003177894298   -0.0583864318    -0.02422951581   0.002249733683   0.008745440633   0.005198262371   0.4864819756     0.003951645013   0.002482032401   0.002962127891   0.003636862864   0.002366639896   0.002316503175   -0.09265468217   -0.06031842401   -0.01574523041   -0.09427663337   -0.06115726612   -0.01224688531   0.0001532826709  -0.0003782766013 -0.002692940347  0.001941576602   -0.0003360676222 -0.0008860321527 0.004978113675   0.006554907227   0.00106113643    0.001901497458   -0.00182199518   -0.0008893816559
-0.001199103538  0.001440175602   0.0008045050447  -0.0007032147724 0.001517079826   0.002444540072   -0.004830059368  1.847115972e-05  7.129639705e-06  -0.002323365576  0.0002484537401  -0.001085735579  -0.02197735496   -0.008097865056  -0.09246948695   -0.01727701559   -0.005455733916  -0.0931826439    0.005929469735   -0.0006714492498 0.001816200194   0.00491532857    -0.001184459607  0.003951645013   0.6632096008     0.009045011607   0.00767689665    -0.01303330091   -0.0487364267    -0.05963812625   -0.0005557061273 0.001316133136   1.177708604e-05  -0.01647938932   -0.04246428343   -0.05783733971   -0.01687867063   -0.09611025699   -0.00324215505   0.004033789414   0.002863158864   0.002202586777   0.005063414886   0.003371199174   0.0008461796091  -0.01643488133   -0.09580491866   -0.005054040151 
0.0003547645517  0.001000943401   -0.003428922409  0.00240547418    0.002578249936   0.006422584063   -0.001563411446  -0.0002369871629 -0.0005817392537 0.003824937933   0.0009178437694  0.0003901616432  -0.09349991336   0.002419816543   -0.06118586024   -0.09332575333   0.001446820976   -0.06029740096   0.005838416418   0.001643964406   0.003512882296   0.003364745384   0.0007890682999  0.002482032401   0.009045011607   0.4805451436     0.004420681025   -0.04615943059   -0.02506640497   -0.02467831263   0.002244674368   -0.01080181165   0.003564773147   -0.04434121292   -0.02508289944   -0.02635505308   -0.01087060107   0.001248314565   -0.002891561966  -0.002873725253  0.001546160814   0.002236558509   -0.00136819553   0.001021112567   0.002234563729   -0.01157144657   0.003096086671   -0.004412870268 
-0.0009469515611 -0.001095568123  -0.0002168490258 -0.003185712778  -0.001663499763  0.002476174917   0.0005785241784  -0.0001639148888 -0.001460891693  -0.0003651035268 0.0008590257353  -0.000563713199  -0.00418613297   -0.006912282752  -0.01075391715   -0.004073460796  -0.005036399342  -0.01233202755   -0.0003190770604 0.0004673299952  0.004459008182   0.001124934702   0.0006711820435  0.002962127891   0.00767689665    0.004420681025   0.4859960456     -0.06151749657   -0.02475742407   0.005797940413   -0.001281797896  0.001865803377   0.001811353623   -0.05987574161   -0.02761552634   0.004564381189   -0.084983305     -0.06124320573   -0.01489835669   0.002630651536   0.004389291666   0.005511076437   0.005853033825   0.004215285091   0.006535442782   -0.08639945081   -0.06335741488   -0.01565777487  
0.003882713221   0.002053859928   -0.002475427785  0.001035706162   -0.0008802056519 0.0008224508317  0.00155114641    -0.000352912527  0.0001136268561  -0.0004198245971 -0.0003971593421 -0.002928110372  0.002893343594   0.0019171116     0.002185568605   -0.01649164459   -0.008578854725  -0.09439946874   -0.02288849264   -0.009264802987  -0.09228347618   0.003907514769   -0.003015712619  0.003636862864   -0.01303330091   -0.04615943059   -0.06151749657   0.6631101946     0.009004635594   0.008592324175   -0.01522490256   -0.0449108813    -0.05759587822   -0.0002171701422 0.001828683807   0.0007473347905  -0.01733128038   -0.09419515484   -0.004886872847  -0.01774624837   -0.09398331266   -0.008139030059  0.002188497811   0.002225858699   0.002761111486   0.003564767653   0.005475373805   0.00581917008   
0.001259472355   0.001221649543   0.0004677868625  3.698815582e-05  -0.0001867700502 -0.0004160561731 0.001335079022   -0.001255133064  0.007080743959   0.002560460508   -0.0008645817652 0.003287442558   0.005372246706   0.00172872332    0.005014965881   -0.09343582463   0.001307072034   -0.06184760389   -0.09217986858   -0.0008547883219 -0.05867406869   0.005041148425   0.0003449053069  0.002366639896   -0.0487364267    -0.02506640497   -0.02475742407   0.009004635594   0.4798194513     0.004035434698   -0.0447751774    -0.02655952661   -0.02725133266   0.002455816595   -0.009971709985  0.001559459386   -0.01436660584   0.003400618491   -0.001878446176  -0.01042094985   0.003156381289   -0.002738457418  -0.003231735722  0.004387193686   0.0001475593705  -0.001346106616  0.003077629668   0.001343556222  
0.0030930658     0.0007431792636  0.0001765916403  -0.003315412895  -0.0004990925191 0.0005286676904  -0.00110058855   0.000797583641   -0.0005356419536 -0.00307294422   -0.0009786027818 -0.0004055300663 0.002137098903   -0.0003555422308 0.001588789579   -0.003692431864  -0.006566977432  -0.01532227311   -0.003103216087  -0.004270842819  -0.01329496368   0.00305150977    -0.0002934974424 0.002316503175   -0.05963812625   -0.02467831263   0.005797940413   0.008592324175   0.004035434698   0.485669042      -0.05742085014   -0.02568848632   0.003762485441   -0.0004743244552 0.0002741845758  -0.0006770699112 -0.0847660263    -0.06278695173   -0.01586861454   -0.08630911909   -0.06293599029   -0.01546746725   0.005502546764   0.003444125057   0.007848370674   0.002074068185   0.0063016595     0.005783892513  
-0.0006002322024 -0.00294703759   0.002132515803   0.00336708941    -0.001171812776  0.001865590268   -0.003076595755  -0.002812589162  0.0003090869505  0.005291984062   0.001706363872   0.002395515046   0.004470250712   -0.004371171816  0.005016704862   0.00254378251    -0.0006130252101 0.002805568718   -0.01804004846   -0.008493283506  -0.09377812191   -0.0219363655    -0.006947031052  -0.09265468217   -0.0005557061273 0.002244674368   -0.001281797896  -0.01522490256   -0.0447751774    -0.05742085014   0.6633223579     0.007707084413   0.01001104368    -0.01561876249   -0.04508992767   -0.06223240179   0.007316272098   0.001456634972   0.003609549488   -0.01946305249   -0.09459688248   -0.00578228983   -0.01823332491   -0.09388242578   -0.006265397254  0.005424664378   0.004177905404   0.0006896571716 
0.0002432792816  0.001995414088   0.001884608232   0.001056735163   0.0007399098275  0.0003884345556  -0.002281699806  -0.0007701453858 -0.0005970921871 0.002188450105   0.0007293752301  0.005840209226   0.00239872319    0.0003685737365  0.004142281076   0.004309113231   0.0009557853974  0.006339728311   -0.09163758476   0.003720829785   -0.0597695387    -0.09329954333   0.00139799304    -0.06031842401   0.001316133136   -0.01080181165   0.001865803377   -0.0449108813    -0.02655952661   -0.02568848632   0.007707084413   0.4792191785     0.004423892302   -0.04280084206   -0.02621930565   -0.02594383802   -0.0002803787483 0.002380744167   -0.0005857576759 -0.01135498175   0.0001932608499  -0.003568295415  -0.009666946751  0.0009565022067  -0.004469031453  0.001945069663   0.002267239678   0.0005548125048 
-0.004996298802  0.0002301005073  -0.001990524779  -0.0006773220281 0.0004713913105  0.003556644626   -0.00252609034   0.001284596081   0.0004199934244  -0.001565896567  0.002062620966   -0.0006626621637 0.002173320602   0.0006951951485  0.002456842588   -0.00191494652   0.0002014492402  0.00446942257    -0.00391331063   -0.004790011104  -0.01289504883   -0.003519128241  -0.006084305352  -0.01574523041   1.177708604e-05  0.003564773147   0.001811353623   -0.05759587822   -0.02725133266   0.003762485441   0.01001104368    0.004423892302   0.4848965601     -0.05912725208   -0.02742819336   0.003087657469   0.0006101177062  0.002413288694   0.00558348716    -0.08114109111   -0.06338697845   -0.01479900791   -0.08442559983   -0.06223263041   -0.01795785328   0.006787411408   0.005305764432   0.006339056647  
0.002161849473   0.001063322168   0.004540256195   -0.002810357866  0.00235262229    -0.001307638541  -0.004641905344  0.0008121923261  0.00068755759    -0.002106674161  -0.003200315153  0.0003106892612  -0.01735256095   -0.006453358194  -0.09516524527   0.006779022006   0.000937176376   0.001933554164   0.003060396595   0.0005933971667  0.0003991022651  -0.0199408       -0.007794306832  -0.09427663337   -0.01647938932   -0.04434121292   -0.05987574161   -0.0002171701422 0.002455816595   -0.0004743244552 -0.01561876249   -0.04280084206   -0.05912725208   0.6634612191     0.008123025931   0.01124269181    0.002158817852   0.005998189653   0.004237818559   0.004076216325   0.005703967558   0.002587215583   -0.01987205233   -0.09532957394   -0.004150165076  -0.02402072756   -0.09265916644   -0.005660027078 
-0.0006868212594 0.0004680968784  0.007345018799   0.0008021102904  -0.0001368215091 0.002850007193   0.0006693813292  0.00106395508    -0.0002111947915 -0.0003853984269 -0.0002548566753 -0.0009702567759 -0.09281831753   0.0001680101739  -0.06023002048   0.004159193229   0.003063935974   0.001687430283   0.006947519101   0.00219723887    0.004168461505   -0.09020054402   0.000198808754   -0.06115726612   -0.04246428343   -0.02508289944   -0.02761552634   0.001828683807   -0.009971709985  0.0002741845758  -0.04508992767   -0.02621930565   -0.02742819336   0.008123025931   0.4786294528     0.004419394711   -0.0003986239644 0.00372669728    0.0001477830312  -0.0006727035059 0.002924247378   0.001547446837   -0.0114658764    0.0012020742     -0.002981612209  -0.01093147495   0.001513123975   -0.002754474505 
-0.001800634588  2.384922971e-05  -0.001090519834  -0.0002166881768 -0.000844985928  -0.001205499463  0.002964044508   -0.0005522638551 -0.0009844994864 2.744208337e-05  -0.0004185644413 -0.002672021357  -0.00187267704   -0.004943841529  -0.01455245477   0.002530377095   -0.001923235492  0.0006961246231  0.002008830526   0.001386390388   0.00417003032    -0.005903034453  -0.004718117471  -0.01224688531   -0.05783733971   -0.02635505308   0.004564381189   0.0007473347905  0.001559459386   -0.0006770699112 -0.06223240179   -0.02594383802   0.003087657469   0.01124269181    0.004419394711   0.4853858165     0.002409824696   0.005083662941   0.005014489657   0.00704947129    0.004702095617   0.007229135728   -0.08527312089   -0.06514400667   -0.01566607002   -0.08397714703   -0.06190710574   -0.01534916222  
-0.002935587459  0.0004284214685  0.00109360419    0.001009632829   0.002288831519   -0.001793358166  -0.002848801915  -0.000598973884  0.002102873504   -0.002382487074  0.0002777268458  -0.001867623173  -0.0006604579591 0.0009937548904  0.001785688083   0.002696286105   0.002100939069   0.003797903567   -0.002060189084  -0.001522807341  -0.002308805575  0.001201087395   0.00264065743    0.0001532826709  -0.01687867063   -0.01087060107   -0.084983305     -0.01733128038   -0.01436660584   -0.0847660263    0.007316272098   -0.0002803787483 0.0006101177062  0.002158817852   -0.0003986239644 0.002409824696   0.666856524      0.007240830591   0.00219287217    0.007675055321   -0.06626893957   -0.13179695      -0.04240740619   0.003658244771   -0.04058326115   0.004632385162   -0.06679451527   -0.1306228936   
-0.0003773273316 0.001649717505   0.0009277219786  -0.00107477045   0.0002908440559  -0.00203504997   0.001308743492   -0.00043331021   0.002042543113   0.0005697318769  -0.0002646824409 0.0006222707713  0.001346695038   0.0008222074321  -0.001439018531  -0.0001290243592 0.0003277798825  0.009233409705   -0.001542173444  -0.001377400347  0.001670440185   -0.003254997088  0.0008245307117  -0.0003782766013 -0.09611025699   0.001248314565   -0.06124320573   -0.09419515484   0.003400618491   -0.06278695173   0.001456634972   0.002380744167   0.002413288694   0.005998189653   0.00372669728    0.005083662941   0.007240830591   0.4623871539     0.006696380295   -0.06369067088   -0.02315157488   -0.01002352489   -0.0006530572312 -0.004581728164  0.006048941829   -0.06512510007   -0.02355125723   -0.01230331874  
-0.0005146947888 -0.0006789503115 0.002175188738   0.0005127823206  -0.0004429576226 0.0008140684478  -0.0008048762226 0.0006942324991  9.681903902e-05  0.0001148248144  0.0003112011492  0.002515048588   -0.002681236952  0.001060712777   -0.002712547456  -0.002030028909  0.0007428614078  0.0008405747953  -0.00173486593   -0.002214057331  -0.0009211068    0.002218829964   -0.001132395145  -0.002692940347  -0.00324215505   -0.002891561966  -0.01489835669   -0.004886872847  -0.001878446176  -0.01586861454   0.003609549488   -0.0005857576759 0.00558348716    0.004237818559   0.0001477830312  0.005014489657   0.00219287217    0.006696380295   0.4055956699     -0.1281757207    -0.01149850042   -0.009408787383  -0.04086742191   0.006213681636   -0.04822212716   -0.12790245      -0.01208944739   -0.01041040327  
-0.003710067921  -0.001670636678  0.001410615477   0.00267932852    0.001143346866   -0.002626842572  0.0007349208359  -0.001123420921  -0.0004468824766 0.001652440976   -0.0003156950074 0.0003800329557  0.001727952658   0.0003676825398  0.001411813054   0.0005972980539  -0.002938932277  -0.002245537453  0.002856745316   0.001128434002   0.002792000278   -0.004251400823  -0.0005984519389 0.001941576602   0.004033789414   -0.002873725253  0.002630651536   -0.01774624837   -0.01042094985   -0.08630911909   -0.01946305249   -0.01135498175   -0.08114109111   0.004076216325   -0.0006727035059 0.00704947129    0.007675055321   -0.06369067088   -0.1281757207    0.6652666364     0.007482793344   0.001205445855   0.003579293858   -0.06780258323   -0.1320677016    -0.04127013722   6.556627992e-06  -0.0409118825   
-8.427322525e-05 -0.0008546136785 0.0005205331828  -0.002675807897  0.001235814154   -0.0003230857914 0.002890844679   0.001001510969   0.0004404721557  -7.478952143e-05 -0.001512835204  0.0008997205313  6.582816992e-05  -0.001038641096  -0.0009975549327 -0.0001200480039 0.001423617396   0.0005483496937  0.003436266621   0.0005902598064  0.00667166171    0.0001312264659  -0.0004603717697 -0.0003360676222 0.002863158864   0.001546160814   0.004389291666   -0.09398331266   0.003156381289   -0.06293599029   -0.09459688248   0.0001932608499  -0.06338697845   0.005703967558   0.002924247378   0.004702095617   -0.06626893957   -0.02315157488   -0.01149850042   0.007482793344   0.464465941      0.01023845016    -0.06668562869   -0.02402578874   -0.01183876645   0.001092254835   -0.007641779821  0.005878476617  
0.001717246465   -0.0009609300405 -0.002104430463  -0.0007385696487 -0.0003638021254 -0.0003664644488 0.004537923717   0.0007535621082  -0.0007309527843 0.002779647372   -0.001837747433  -0.0006328824398 -0.0008148730766 -0.001698010382  -0.001982721325  0.001281138996   -0.001152857631  -0.0009608405598 4.269642701e-05  -0.002946386332  0.0004116181927  -0.000272404179  0.00100468491    -0.0008860321527 0.002202586777   0.002236558509   0.005511076437   -0.008139030059  -0.002738457418  -0.01546746725   -0.00578228983   -0.003568295415  -0.01479900791   0.002587215583   0.001547446837   0.007229135728   -0.13179695      -0.01002352489   -0.009408787383  0.001205445855   0.01023845016    0.4077210565     -0.1311755875    -0.01164652514   -0.0100448639    -0.03909135628   0.006946558683   -0.04782597714  
-0.0004402960081 0.0001381943653  -0.0004448887859 0.001137797172   -0.002776428746  1.155097556e-05  -0.004003286881  -0.001076909713  -0.0002871532341 -0.0007021534521 0.003278934221   0.001952035909   -0.0001557603243 0.001279509462   0.001139013114   -0.0007966879772 0.0005892039072  0.0003190938491  0.0004374308824  -2.694305555e-05 0.002789570311   0.00135229281    -0.001782199924  0.004978113675   0.005063414886   -0.00136819553   0.005853033825   0.002188497811   -0.003231735722  0.005502546764   -0.01823332491   -0.009666946751  -0.08442559983   -0.01987205233   -0.0114658764    -0.08527312089   -0.04240740619   -0.0006530572312 -0.04086742191   0.003579293858   -0.06668562869   -0.1311755875    0.6661789591     0.007240197732   0.004493694032   0.001291786256   -0.06533560853   -0.1276386684   
0.002850684611   0.0004103955915  -0.002134940955  -0.00125027742   -0.000551000732  0.0002505545311  0.002310516665   0.001432531894   -0.001105487831  -0.001967261288  -0.0009158472196 -0.001258675435  0.0003113053244  0.0007814600683  -0.00091953213   0.0009829915125  0.0004456432735  -0.0003723828164 -0.003270424955  0.0003530563284  0.0005985883275  0.006694159591   0.001737618151   0.006554907227   0.003371199174   0.001021112567   0.004215285091   0.002225858699   0.004387193686   0.003444125057   -0.09388242578   0.0009565022067  -0.06223263041   -0.09532957394   0.0012020742     -0.06514400667   0.003658244771   -0.004581728164  0.006213681636   -0.06780258323   -0.02402578874   -0.01164652514   0.007240197732   0.4639544642     0.009771678148   -0.06464424785   -0.02300470824   -0.01133647112  
0.001886997872   -0.001154496311  0.001575094235   -0.0004426182354 -0.001035628134  -0.0003102261179 0.001401193979   0.001695998937   -0.0003656369095 -0.002271884848  9.816579878e-05  0.000305900084   -0.0007240708762 -0.001556835275  -0.0007540088998 -0.001263476763  0.0008551085757  0.0005624452124  -0.001854358067  0.0002919330228  -0.0003420440224 0.0006148103176  0.0003656776355  0.00106113643    0.0008461796091  0.002234563729   0.006535442782   0.002761111486   0.0001475593705  0.007848370674   -0.006265397254  -0.004469031453  -0.01795785328   -0.004150165076  -0.002981612209  -0.01566607002   -0.04058326115   0.006048941829   -0.04822212716   -0.1320677016    -0.01183876645   -0.0100448639    0.004493694032   0.009771678148   0.4090375195     -0.133385613     -0.01062776379   -0.01010666717  
0.0002577751845  0.0008616069827  -0.001594393738  -0.0003570905436 -0.001416322738  -0.0003891029922 -0.001101283444  -0.003018435569  0.002179664503   0.002498349181   0.0008301279205  -0.000268929916  -0.0002683273426 0.0009483937577  0.004760520479   0.001147172499   -0.0002986577297 0.0002369583934  -0.0009653657752 0.0008366334554  -0.002485651926  -0.001803501649  -5.548968532e-05 0.001901497458   -0.01643488133   -0.01157144657   -0.08639945081   0.003564767653   -0.001346106616  0.002074068185   0.005424664378   0.001945069663   0.006787411408   -0.02402072756   -0.01093147495   -0.08397714703   0.004632385162   -0.06512510007   -0.12790245      -0.04127013722   0.001092254835   -0.03909135628   0.001291786256   -0.06464424785   -0.133385613     0.6658966157     0.007030774576   0.003925654362  
-0.001524474327  0.0003622580298  -0.001135297736  0.0007998675394  0.001084659937   -0.000524385342  0.0002752639278  -0.0002087793838 -0.001211592489  0.001061409928   0.0004882616034  0.001408570642   0.001621772051   0.001595103786   0.005635101515   -0.0001219946481 -0.001632806191  -0.0002274775264 0.002096174947   0.0002927139816  -0.001066836597  -0.0003253788096 0.0002580675899  -0.00182199518   -0.09580491866   0.003096086671   -0.06335741488   0.005475373805   0.003077629668   0.0063016595     0.004177905404   0.002267239678   0.005305764432   -0.09265916644   0.001513123975   -0.06190710574   -0.06679451527   -0.02355125723   -0.01208944739   6.556627992e-06  -0.007641779821  0.006946558683   -0.06533560853   -0.02300470824   -0.01062776379   0.007030774576   0.462831517      0.007569712687  
0.002206544684   0.001099928986   0.0001741940044  0.0002509531375  0.0007684951764  0.0006549291064  -0.0003042400438 0.0007922387023  -0.0006142667132 -0.000720058018  -0.00143650529   -0.0003951694654 -0.001297227794  -3.386981333e-05 0.00259312298    -0.002965677663  -0.001036237248  -0.001487789778  0.0007880081641  0.002473535182   -0.0005229134381 -0.002512363063  -0.001593081327  -0.0008893816559 -0.005054040151  -0.004412870268  -0.01565777487   0.00581917008    0.001343556222   0.005783892513   0.0006896571716  0.0005548125048  0.006339056647   -0.005660027078  -0.002754474505  -0.01534916222   -0.1306228936    -0.01230331874   -0.01041040327   -0.0409118825    0.005878476617   -0.04782597714   -0.1276386684    -0.01133647112   -0.01010666717   0.003925654362   0.007569712687   0.4061539916    
