d<Sz_i Sz_j >                                     
0.03660474614 , 0.009401176287, 0.005780343405, 0.007731618025, 0.01182717159 , 0.007305780252, 0.007011695499, 0.008879216413, 0.005370365247, 0.007801568209, 0.01265859254 , 0.00706399286 , 0.006499647293, 0.008581630319, 0.005409501129, 0.005849542375, 0.004662028106, 0.004909208343, 0.00594626867 , 0.004782635369, 0.004983584147, 0.006782471255, 0.008111015165, 0.005288145958, 0.00828657045 , 0.004471688358, 0.005578813732, 0.00796857741 , 0.004176689619, 0.00545068611 , 0.006796468878, 0.004457105479, 0.006370963657, 0.007664759364, 0.004005729924, 0.005516267921
0.009401176287, 0.03250107148 , 0.005101526345, 0.01110884248 , 0.01059202201 , 0.005879612954, 0.008891597217, 0.00976088306 , 0.005660793798, 0.008444829798, 0.01085271176 , 0.005973807722, 0.006670602071, 0.005076807858, 0.00505561402 , 0.005597558812, 0.005026044958, 0.00515272279 , 0.006987053994, 0.005306796096, 0.004530099775, 0.006558566775, 0.005528390628, 0.004891047755, 0.007218542188, 0.004591883612, 0.006593687942, 0.007707340272, 0.004566643332, 0.006287812109, 0.008716200597, 0.004383974605, 0.006571065512, 0.008554401498, 0.004332565207, 0.00672108648 
0.005780343405, 0.005101526345, 0.02754802559 , 0.00756597547 , 0.006473345038, 0.003945805205, 0.005236941042, 0.005389471574, 0.003454104348, 0.008021782436, 0.00588857735 , 0.003843730372, 0.006078365194, 0.005221587635, 0.003553708746, 0.004015993552, 0.003424781677, 0.003128697569, 0.004577830406, 0.003450570127, 0.003294409503, 0.007778285675, 0.004613579639, 0.003937634161, 0.005265232451, 0.003458848018, 0.003707989358, 0.005526870824, 0.003332271214, 0.00409815213 , 0.005464470179, 0.003184563378, 0.003622426513, 0.004945569254, 0.00319029624 , 0.003754609901
0.007731618025, 0.01110884248 , 0.00756597547 , 0.03648644906 , 0.00828612914 , 0.0056527213  , 0.00890736224 , 0.01053665124 , 0.007132141905, 0.006875231236, 0.0088759393  , 0.004375704404, 0.005856960625, 0.007466974946, 0.005761048539, 0.005973026523, 0.007950250476, 0.004648683623, 0.005738883729, 0.004873010508, 0.005274000126, 0.006043120521, 0.005052564756, 0.004783554457, 0.007690447993, 0.004922014423, 0.006141194362, 0.007037178004, 0.00491429038 , 0.005116217595, 0.007420695379, 0.004309500887, 0.005172617749, 0.007374230542, 0.004864451775, 0.006585533935
0.01182717159 , 0.01059202201 , 0.006473345038, 0.00828612914 , 0.03287280977 , 0.006064150379, 0.01169525251 , 0.01141677407 , 0.00608731697 , 0.008568908251, 0.01197203303 , 0.00595946823 , 0.00615057475 , 0.005790506562, 0.005226351844, 0.006433715108, 0.005389224388, 0.005034340398, 0.006602092511, 0.004896519827, 0.004798447141, 0.006164449963, 0.004876435221, 0.004869674987, 0.008438803239, 0.004475241895, 0.007565222659, 0.008753330592, 0.004865850787, 0.007014000276, 0.008661959595, 0.004369474978, 0.006427378993, 0.007632516634, 0.004651848915, 0.007001866334
0.007305780252, 0.005879612954, 0.003945805205, 0.0056527213  , 0.006064150379, 0.02742971149 , 0.00756312008 , 0.006959938831, 0.00386098168 , 0.005779237572, 0.005527607042, 0.003609431465, 0.006122715495, 0.005434587006, 0.003778965927, 0.006491262789, 0.005141167298, 0.003770664003, 0.004373162559, 0.003845629271, 0.002829664567, 0.004567253779, 0.003787628509, 0.002999994304, 0.005174686337, 0.003214840464, 0.003523557531, 0.00509492395 , 0.003715198259, 0.003646638791, 0.005231772876, 0.003115167945, 0.003988621467, 0.005095186985, 0.003347738037, 0.004370384894
0.007011695499, 0.008891597217, 0.005236941042, 0.00890736224 , 0.01169525251 , 0.00756312008 , 0.03604296661 , 0.00796157612 , 0.005159648907, 0.008409836006, 0.01198141906 , 0.00664126749 , 0.005760005435, 0.00531602929 , 0.004818119246, 0.006987542374, 0.008875055118, 0.004975128862, 0.00666112133 , 0.007490732143, 0.004330687074, 0.006218822166, 0.004231602383, 0.00487705583 , 0.007671094342, 0.004217817695, 0.00618966866 , 0.006187600046, 0.004589575176, 0.005440869014, 0.007746319452, 0.003956235677, 0.005673875894, 0.00613882931 , 0.004020504311, 0.006754505246
0.008879216413, 0.00976088306 , 0.005389471574, 0.01053665124 , 0.01141677407 , 0.006959938831, 0.00796157612 , 0.03219228638 , 0.006025079482, 0.0103276752  , 0.01002350451 , 0.005537915183, 0.006579298607, 0.005319143957, 0.005873913015, 0.005811175246, 0.005253827217, 0.005465299874, 0.006075420971, 0.005024490412, 0.004731556262, 0.006585779265, 0.005056382377, 0.004433299234, 0.008881289472, 0.004586402671, 0.006486003059, 0.009080926833, 0.004319501318, 0.005719290076, 0.00885103793 , 0.004739729303, 0.00707567589 , 0.008313974466, 0.004295229447, 0.007077725086
0.005370365247, 0.005660793798, 0.003454104348, 0.007132141905, 0.00608731697 , 0.00386098168 , 0.005159648907, 0.006025079482, 0.0278459149  , 0.006707622304, 0.006699493495, 0.003964651919, 0.00377975033 , 0.003774540644, 0.00406297203 , 0.007883188934, 0.005104044698, 0.004145147564, 0.007357148054, 0.004813224844, 0.00348804907 , 0.004293476475, 0.004079864001, 0.004105861141, 0.005154488753, 0.003419928985, 0.003781699559, 0.005424177333, 0.003545288564, 0.003561320926, 0.005336399617, 0.003456762604, 0.003924398574, 0.005292775204, 0.003301299304, 0.004556269064
0.007801568209, 0.008444829798, 0.008021782436, 0.006875231236, 0.008568908251, 0.005779237572, 0.008409836006, 0.0103276752  , 0.006707622304, 0.03719717517 , 0.007498111399, 0.005396484292, 0.006617790978, 0.00496782313 , 0.004860667606, 0.006486418729, 0.005154159425, 0.004628695232, 0.006425423002, 0.008143337297, 0.004647301896, 0.006594079032, 0.009143440766, 0.004642604936, 0.007366524646, 0.003777694794, 0.005120055333, 0.007027637264, 0.004032682705, 0.00531412757 , 0.006819829966, 0.004824583458, 0.006126423592, 0.006825833203, 0.004826792684, 0.006000204805
0.01265859254 , 0.01085271176 , 0.00588857735 , 0.0088759393  , 0.01197203303 , 0.005527607042, 0.01198141906 , 0.01002350451 , 0.006699493495, 0.007498111399, 0.03310801243 , 0.005010819093, 0.006075923377, 0.004885890107, 0.004849756506, 0.006058792984, 0.005462902043, 0.004974425278, 0.005766481309, 0.005255321162, 0.00537585763 , 0.007292206133, 0.004604660273, 0.004985718935, 0.009431473844, 0.005500934238, 0.006894634736, 0.009346849238, 0.004220605659, 0.00699845085 , 0.009424052441, 0.003713182041, 0.007052938593, 0.007507576829, 0.004609713844, 0.006489699116
0.00706399286 , 0.005973807722, 0.003843730372, 0.004375704404, 0.00595946823 , 0.003609431465, 0.00664126749 , 0.005537915183, 0.003964651919, 0.005396484292, 0.005010819093, 0.02787689783 , 0.004203171596, 0.003010746107, 0.003304880717, 0.00495829454 , 0.003502883464, 0.003638908813, 0.007217111388, 0.00529637876 , 0.003447303793, 0.006870766214, 0.005376063387, 0.003325359658, 0.004966242563, 0.003179505984, 0.003407350808, 0.004733614153, 0.00320938232 , 0.003399742431, 0.004484788259, 0.003351353709, 0.003924780019, 0.004709987705, 0.003213019463, 0.003641109788
0.006499647293, 0.006670602071, 0.006078365194, 0.005856960625, 0.00615057475 , 0.006122715495, 0.005760005435, 0.006579298607, 0.00377975033 , 0.006617790978, 0.006075923377, 0.004203171596, 0.0343158829  , 0.004207153249, 0.004760883446, 0.004927414654, 0.004234160595, 0.005167484014, 0.004585766128, 0.003980955447, 0.004125114009, 0.005838905085, 0.005691684214, 0.004639590561, 0.006290029739, 0.00587674783 , 0.004941250145, 0.005605002513, 0.003417173349, 0.004265135358, 0.006379102465, 0.004173229072, 0.004712993009, 0.006448189432, 0.006721881867, 0.004728779994
0.008581630319, 0.005076807858, 0.005221587635, 0.007466974946, 0.005790506562, 0.005434587006, 0.00531602929 , 0.005319143957, 0.003774540644, 0.00496782313 , 0.004885890107, 0.003010746107, 0.004207153249, 0.0261919761  , 0.00355587477 , 0.004964308709, 0.00432319361 , 0.003528922541, 0.004317699839, 0.003895119348, 0.003737754503, 0.00412291553 , 0.003427179301, 0.003495580425, 0.004051365436, 0.003353248409, 0.003569768017, 0.004565156363, 0.00341399816 , 0.003459684008, 0.004531064117, 0.003194793646, 0.003974800541, 0.004520024411, 0.003273726616, 0.004251818179
0.005409501129, 0.00505561402 , 0.003553708746, 0.005761048539, 0.005226351844, 0.003778965927, 0.004818119246, 0.005873913015, 0.00406297203 , 0.004860667606, 0.004849756506, 0.003304880717, 0.004760883446, 0.00355587477 , 0.02663835575 , 0.004933976862, 0.003964539019, 0.003054418967, 0.003840632936, 0.00341740843 , 0.003074351914, 0.004750979269, 0.003826894916, 0.003354661207, 0.007491872037, 0.004319201114, 0.004167273792, 0.004808925321, 0.003300095646, 0.003555404591, 0.004785630885, 0.003386542114, 0.003217743251, 0.007027731399, 0.004320367984, 0.004330875893
0.005849542375, 0.005597558812, 0.004015993552, 0.005973026523, 0.006433715108, 0.006491262789, 0.006987542374, 0.005811175246, 0.007883188934, 0.006486418729, 0.006058792984, 0.00495829454 , 0.004927414654, 0.004964308709, 0.004933976862, 0.03371282965 , 0.004308574526, 0.004022863057, 0.005524818735, 0.005375080718, 0.003660628267, 0.004878624533, 0.003550399941, 0.004375133941, 0.006172383189, 0.005949096195, 0.004889676303, 0.006052877921, 0.005995816578, 0.004818750063, 0.006697796208, 0.003638997947, 0.00417327017 , 0.005316699452, 0.00347965885 , 0.004673100307
0.004662028106, 0.005026044958, 0.003424781677, 0.007950250476, 0.005389224388, 0.005141167298, 0.008875055118, 0.005253827217, 0.005104044698, 0.005154159425, 0.005462902043, 0.003502883464, 0.004234160595, 0.00432319361 , 0.003964539019, 0.004308574526, 0.02648815318 , 0.00357084788 , 0.005507615689, 0.004110659337, 0.003667526543, 0.004436408881, 0.003842651327, 0.003229596091, 0.005609928599, 0.002745346462, 0.004131635649, 0.004805631955, 0.003722575923, 0.00386642808 , 0.004597065577, 0.002986449972, 0.004166486346, 0.004608198305, 0.003009942552, 0.004218214332
0.004909208343, 0.00515272279 , 0.003128697569, 0.004648683623, 0.005034340398, 0.003770664003, 0.004975128862, 0.005465299874, 0.004145147564, 0.004628695232, 0.004974425278, 0.003638908813, 0.005167484014, 0.003528922541, 0.003054418967, 0.004022863057, 0.00357084788 , 0.02620340053 , 0.004662155652, 0.003611125872, 0.003358265928, 0.004033868024, 0.003531440226, 0.003525134737, 0.007377515085, 0.0044140825  , 0.00355363009 , 0.006254893908, 0.005335373629, 0.003351273121, 0.005153910416, 0.003123932673, 0.003870452624, 0.00463400294 , 0.003604794912, 0.00370023582 
0.00594626867 , 0.006987053994, 0.004577830406, 0.005738883729, 0.006602092511, 0.004373162559, 0.00666112133 , 0.006075420971, 0.007357148054, 0.006425423002, 0.005766481309, 0.007217111388, 0.004585766128, 0.004317699839, 0.003840632936, 0.005524818735, 0.005507615689, 0.004662155652, 0.03424321049 , 0.004422908464, 0.004120540507, 0.00519760412 , 0.00380371916 , 0.005085747643, 0.006197664025, 0.003682421087, 0.004203078262, 0.006211980389, 0.006609332209, 0.004534087439, 0.007352591879, 0.006133730736, 0.004675743288, 0.005750998246, 0.003801963371, 0.004745578376
0.004782635369, 0.005306796096, 0.003450570127, 0.004873010508, 0.004896519827, 0.003845629271, 0.007490732143, 0.005024490412, 0.004813224844, 0.008143337297, 0.005255321162, 0.00529637876 , 0.003980955447, 0.003895119348, 0.00341740843 , 0.005375080718, 0.004110659337, 0.003611125872, 0.004422908464, 0.02616725063 , 0.003286950286, 0.003977354003, 0.003273543529, 0.003452071489, 0.005243812934, 0.003024405481, 0.003683805519, 0.004117291804, 0.00262783619 , 0.003092825766, 0.005286306421, 0.003413700799, 0.003615682663, 0.004918840804, 0.003197840707, 0.003679458549
0.004983584147, 0.004530099775, 0.003294409503, 0.005274000126, 0.004798447141, 0.002829664567, 0.004330687074, 0.004731556262, 0.00348804907 , 0.004647301896, 0.00537585763 , 0.003447303793, 0.004125114009, 0.003737754503, 0.003074351914, 0.003660628267, 0.003667526543, 0.003358265928, 0.004120540507, 0.003286950286, 0.02659990719 , 0.005155095289, 0.00343211065 , 0.003387958764, 0.004893704247, 0.002990977561, 0.003556763856, 0.006509153157, 0.004737147945, 0.003140314521, 0.006198171335, 0.004377225936, 0.003579205707, 0.004232485712, 0.003022396069, 0.003172543803
0.006782471255, 0.006558566775, 0.007778285675, 0.006043120521, 0.006164449963, 0.004567253779, 0.006218822166, 0.006585779265, 0.004293476475, 0.006594079032, 0.007292206133, 0.006870766214, 0.005838905085, 0.00412291553 , 0.004750979269, 0.004878624533, 0.004436408881, 0.004033868024, 0.00519760412 , 0.003977354003, 0.005155095289, 0.03469019903 , 0.004835781092, 0.00449018124 , 0.006710949629, 0.004003947649, 0.004695722998, 0.005575325681, 0.003704270424, 0.004547464451, 0.006232358354, 0.005611470003, 0.00462656202 , 0.005895448996, 0.006712855483, 0.004431096025
0.008111015165, 0.005528390628, 0.004613579639, 0.005052564756, 0.004876435221, 0.003787628509, 0.004231602383, 0.005056382377, 0.004079864001, 0.009143440766, 0.004604660273, 0.005376063387, 0.005691684214, 0.003427179301, 0.003826894916, 0.003550399941, 0.003842651327, 0.003531440226, 0.00380371916 , 0.003273543529, 0.00343211065 , 0.004835781092, 0.0271894295  , 0.003473302699, 0.004809743143, 0.003433473778, 0.003395804788, 0.004343419174, 0.003608415979, 0.00351899441 , 0.005212976784, 0.003210256659, 0.003291601973, 0.005554668226, 0.003234084551, 0.003498680108
0.005288145958, 0.004891047755, 0.003937634161, 0.004783554457, 0.004869674987, 0.002999994304, 0.00487705583 , 0.004433299234, 0.004105861141, 0.004642604936, 0.004985718935, 0.003325359658, 0.004639590561, 0.003495580425, 0.003354661207, 0.004375133941, 0.003229596091, 0.003525134737, 0.005085747643, 0.003452071489, 0.003387958764, 0.00449018124 , 0.003473302699, 0.02568959886 , 0.004498824485, 0.002688748132, 0.003728330064, 0.005101689144, 0.003122502544, 0.004029650346, 0.006330126144, 0.004442378758, 0.003534801048, 0.005647676131, 0.00527636566 , 0.003781657606
0.00828657045 , 0.007218542188, 0.005265232451, 0.007690447993, 0.008438803239, 0.005174686337, 0.007671094342, 0.008881289472, 0.005154488753, 0.007366524646, 0.009431473844, 0.004966242563, 0.006290029739, 0.004051365436, 0.007491872037, 0.006172383189, 0.005609928599, 0.007377515085, 0.006197664025, 0.005243812934, 0.004893704247, 0.006710949629, 0.004809743143, 0.004498824485, 0.03561622726 , 0.004367336089, 0.004915441227, 0.007014247517, 0.006275882477, 0.009062431696, 0.008519179553, 0.003480763876, 0.005998667067, 0.007141551993, 0.005790804455, 0.009798792998
0.004471688358, 0.004591883612, 0.003458848018, 0.004922014423, 0.004475241895, 0.003214840464, 0.004217817695, 0.004586402671, 0.003419928985, 0.003777694794, 0.005500934238, 0.003179505984, 0.00587674783 , 0.003353248409, 0.004319201114, 0.005949096195, 0.002745346462, 0.0044140825  , 0.003682421087, 0.003024405481, 0.002990977561, 0.004003947649, 0.003433473778, 0.002688748132, 0.004367336089, 0.02413077896 , 0.003413727613, 0.005980140802, 0.002831036867, 0.003860223817, 0.004634652143, 0.00277393246 , 0.003096251815, 0.006488430068, 0.003347128205, 0.003473486719
0.005578813732, 0.006593687942, 0.003707989358, 0.006141194362, 0.007565222659, 0.003523557531, 0.00618966866 , 0.006486003059, 0.003781699559, 0.005120055333, 0.006894634736, 0.003407350808, 0.004941250145, 0.003569768017, 0.004167273792, 0.004889676303, 0.004131635649, 0.00355363009 , 0.004203078262, 0.003683805519, 0.003556763856, 0.004695722998, 0.003395804788, 0.003728330064, 0.004915441227, 0.003413727613, 0.02513165974 , 0.00911136407 , 0.003517739389, 0.004246589586, 0.005549338018, 0.003666247356, 0.004969411964, 0.01089377371 , 0.003627638527, 0.004465576701
0.00796857741 , 0.007707340272, 0.005526870824, 0.007037178004, 0.008753330592, 0.00509492395 , 0.006187600046, 0.009080926833, 0.005424177333, 0.007027637264, 0.009346849238, 0.004733614153, 0.005605002513, 0.004565156363, 0.004808925321, 0.006052877921, 0.004805631955, 0.006254893908, 0.006211980389, 0.004117291804, 0.006509153157, 0.005575325681, 0.004343419174, 0.005101689144, 0.007014247517, 0.005980140802, 0.00911136407 , 0.03464842512 , 0.003997088611, 0.006157957686, 0.007526787753, 0.006482814113, 0.007369409776, 0.007856690825, 0.004413349302, 0.005599437964
0.004176689619, 0.004566643332, 0.003332271214, 0.00491429038 , 0.004865850787, 0.003715198259, 0.004589575176, 0.004319501318, 0.003545288564, 0.004032682705, 0.004220605659, 0.00320938232 , 0.003417173349, 0.00341399816 , 0.003300095646, 0.005995816578, 0.003722575923, 0.005335373629, 0.006609332209, 0.00262783619 , 0.004737147945, 0.003704270424, 0.003608415979, 0.003122502544, 0.006275882477, 0.002831036867, 0.003517739389, 0.003997088611, 0.02510798111 , 0.003475004793, 0.00565063819 , 0.003191935149, 0.003226307961, 0.004389502889, 0.002604045726, 0.003100120566
0.00545068611 , 0.006287812109, 0.00409815213 , 0.005116217595, 0.007014000276, 0.003646638791, 0.005440869014, 0.005719290076, 0.003561320926, 0.00531412757 , 0.00699845085 , 0.003399742431, 0.004265135358, 0.003459684008, 0.003555404591, 0.004818750063, 0.00386642808 , 0.003351273121, 0.004534087439, 0.003092825766, 0.003140314521, 0.004547464451, 0.00351899441 , 0.004029650346, 0.009062431696, 0.003860223817, 0.004246589586, 0.006157957686, 0.003475004793, 0.02436756922 , 0.007380018637, 0.003144301512, 0.004713658215, 0.006148976303, 0.003400475543, 0.004200040031
0.006796468878, 0.008716200597, 0.005464470179, 0.007420695379, 0.008661959595, 0.005231772876, 0.007746319452, 0.00885103793 , 0.005336399617, 0.006819829966, 0.009424052441, 0.004484788259, 0.006379102465, 0.004531064117, 0.004785630885, 0.006697796208, 0.004597065577, 0.005153910416, 0.007352591879, 0.005286306421, 0.006198171335, 0.006232358354, 0.005212976784, 0.006330126144, 0.008519179553, 0.004634652143, 0.005549338018, 0.007526787753, 0.00565063819 , 0.007380018637, 0.03543843221 , 0.004586128706, 0.004895731352, 0.007741598801, 0.005874141835, 0.009073305747
0.004457105479, 0.004383974605, 0.003184563378, 0.004309500887, 0.004369474978, 0.003115167945, 0.003956235677, 0.004739729303, 0.003456762604, 0.004824583458, 0.003713182041, 0.003351353709, 0.004173229072, 0.003194793646, 0.003386542114, 0.003638997947, 0.002986449972, 0.003123932673, 0.006133730736, 0.003413700799, 0.004377225936, 0.005611470003, 0.003210256659, 0.004442378758, 0.003480763876, 0.00277393246 , 0.003666247356, 0.006482814113, 0.003191935149, 0.003144301512, 0.004586128706, 0.02478072578 , 0.002977441867, 0.005771205151, 0.003350961438, 0.003726794686
0.006370963657, 0.006571065512, 0.003622426513, 0.005172617749, 0.006427378993, 0.003988621467, 0.005673875894, 0.00707567589 , 0.003924398574, 0.006126423592, 0.007052938593, 0.003924780019, 0.004712993009, 0.003974800541, 0.003217743251, 0.00417327017 , 0.004166486346, 0.003870452624, 0.004675743288, 0.003615682663, 0.003579205707, 0.00462656202 , 0.003291601973, 0.003534801048, 0.005998667067, 0.003096251815, 0.004969411964, 0.007369409776, 0.003226307961, 0.004713658215, 0.004895731352, 0.002977441867, 0.0231023911  , 0.008585647111, 0.003217776106, 0.00410228751 
0.007664759364, 0.008554401498, 0.004945569254, 0.007374230542, 0.007632516634, 0.005095186985, 0.00613882931 , 0.008313974466, 0.005292775204, 0.006825833203, 0.007507576829, 0.004709987705, 0.006448189432, 0.004520024411, 0.007027731399, 0.005316699452, 0.004608198305, 0.00463400294 , 0.005750998246, 0.004918840804, 0.004232485712, 0.005895448996, 0.005554668226, 0.005647676131, 0.007141551993, 0.006488430068, 0.01089377371 , 0.007856690825, 0.004389502889, 0.006148976303, 0.007741598801, 0.005771205151, 0.008585647111, 0.03623918307 , 0.004502073202, 0.00574283684 
0.004005729924, 0.004332565207, 0.00319029624 , 0.004864451775, 0.004651848915, 0.003347738037, 0.004020504311, 0.004295229447, 0.003301299304, 0.004826792684, 0.004609713844, 0.003213019463, 0.006721881867, 0.003273726616, 0.004320367984, 0.00347965885 , 0.003009942552, 0.003604794912, 0.003801963371, 0.003197840707, 0.003022396069, 0.006712855483, 0.003234084551, 0.00527636566 , 0.005790804455, 0.003347128205, 0.003627638527, 0.004413349302, 0.002604045726, 0.003400475543, 0.005874141835, 0.003350961438, 0.003217776106, 0.004502073202, 0.02550324585 , 0.003344923604
0.005516267921, 0.00672108648 , 0.003754609901, 0.006585533935, 0.007001866334, 0.004370384894, 0.006754505246, 0.007077725086, 0.004556269064, 0.006000204805, 0.006489699116, 0.003641109788, 0.004728779994, 0.004251818179, 0.004330875893, 0.004673100307, 0.004218214332, 0.00370023582 , 0.004745578376, 0.003679458549, 0.003172543803, 0.004431096025, 0.003498680108, 0.003781657606, 0.009798792998, 0.003473486719, 0.004465576701, 0.005599437964, 0.003100120566, 0.004200040031, 0.009073305747, 0.003726794686, 0.00410228751 , 0.00574283684 , 0.003344923604, 0.02496763334 
