<Sz_i Sz_j >                                      
0.6345041063    , 0.009239205606  , 0.001617286083  , -0.04658851246  , -0.06170127132  , -0.07350479348  , 0.002349887366  , -0.006818622015 , -0.000133793949 , 0.00370256961   , 0.005027552073  , -0.001011865103 , -0.00850578165  , 0.006729923001  , 0.001984642865  , -0.01090893114  , 0.002268610294  , -0.002207653651 , 0.002618634515  , -0.007847412036 , 0.00341675329   , -0.0477119146   , -0.06991784024  , -0.06954484142  , -0.01042353518  , -0.1024931149   , -0.0005427256554, 0.006728149437  , 0.002933175716  , -0.002069075524 , 0.005968986381  , 0.002941793205  , 0.002645278115  , -0.003935151684 , -0.003916781279 , -0.002265014274 , -0.002965081781 , 0.006782875403  , -0.0006526128488, -0.001510309601 , 0.004414945793  , -0.001506160938 , -0.001228583462 , 0.003787440599  , 0.001434915582  , -0.01652350184  , -0.09906108244  , -0.004645734213 , 0.001107625164  , 0.0005709594624 , 0.00255862044   , -0.007385828609 , -0.001238834683 , 0.001481292401  , 0.0003295086853 , 0.001775665359  , 0.0003008569913 , -0.004583938136 , 0.002913252101  , 0.0005302543069 , 0.005393655784  , 0.0001915030565 , 0.0003817640055 , 0.0008704770777 , -0.0007902804666, 0.004978948808  , -0.002899115018 , 0.0008588524869 , 0.001583874053  , -0.00169606076  , -0.002165763972 , -0.00171933608  , -0.004170687197 , 0.001046396519  , 0.001658740584  , -0.003710358372 , 0.002261148269  , -0.001087582917 , 0.001619150002  , 0.000535486457  , 0.002324136207  , 0.0001936036713 , 0.003521585742  , 0.001986610003  , -0.01241148983  , -0.001995172734 , -0.002454625985 , 0.002142830722  , -0.0005945256683, -0.006534285765 , 0.004301148386  , 0.0006239039631 , -0.004406278714 , -0.006092910724 , 0.001679316897  , -0.003384274614 
0.009239205606  , 0.4295929129    , 0.003870163213  , -0.06850614197  , 0.008311793347  , -0.03307220521  , -0.001359685397 , -0.03311559543  , 0.001801493268  , -0.004188351247 , 0.001123872259  , 0.0007626837136 , 0.0006276353983 , 0.008326226826  , 0.0007798675755 , -0.0006781767068, 0.003228397832  , -0.0005171108434, -0.0029210723   , -0.02395595668  , 0.003621667073  , -0.07728796034  , 0.00500877226   , -0.03315637905  , -0.00489543494  , -0.002211682299 , -0.00337070896  , -0.004753719824 , 0.001754309693  , 0.0009868861788 , 0.0009636567876 , -0.001974964095 , -0.0002377598838, 0.001208632989  , -0.000472594073 , 0.002026286037  , 0.0036532188    , 0.00427225664   , -0.001662890574 , -0.005910848454 , 0.001029780697  , -0.0008698623986, 0.0008290165812 , 0.002228930511  , 0.004512475318  , -0.00757616349  , -0.001207713894 , 0.002502953987  , -0.002776990779 , 4.76708496e-05  , -0.0005817863775, 0.001873128232  , -0.0004148682343, 0.001756840974  , -0.002850291238 , -0.002842789476 , -0.001372857499 , -0.001917171686 , 4.102139556e-06 , -6.522521693e-05, -0.006823056425 , 0.001572217085  , 0.0008945072797 , -0.00321692342  , 0.00236852956   , -0.0005378267769, -0.009470348837 , -0.002204068972 , -0.002224333354 , -0.002919352556 , 0.001925056926  , 0.001399695565  , -0.002146894509 , -0.001171715119 , -0.00222325484  , 0.0003186046887 , 0.0003313550843 , 0.002896665063  , 0.0006276550515 , 0.002340011078  , 4.54218214e-05  , 0.005702613741  , -0.002208355099 , 0.00224582912   , -0.002654823752 , 0.004395419774  , 0.001157408457  , -0.002789083542 , 0.0009371453751 , -0.001627279838 , 0.006056678785  , 0.0009855876071 , 0.0009172535058 , 0.002661500298  , 0.0004710939989 , 0.003355148394  
0.001617286083  , 0.003870163213  , 0.4832895565    , -0.07650286973  , -0.03250407989  , 0.001639233239  , -0.0001299874065, -0.0004626890347, 0.003958170264  , -0.004261582899 , -0.0009708457883, -0.001724420115 , -0.002185135738 , -0.0008254987956, 0.0006846636996 , -0.0005987299861, 0.001476048166  , -0.0007408393835, -0.004398633171 , 0.001182874258  , 0.002017628697  , -0.07155408641  , -0.03515787683  , -0.0001520035953, -0.07674005938  , -0.04946856137  , -0.009388372648 , -0.003649606759 , 0.0006634783711 , 0.002440298027  , 0.002108068288  , -0.0003299213589, -0.002706274126 , 0.001432257167  , 0.0004323320303 , -0.000925228721 , 0.00109167481   , 0.0004024366149 , -0.002017400666 , 0.0005058464803 , -0.002383659637 , 0.001108677679  , 0.003887951039  , 0.003712619848  , 0.003532797532  , -0.082080778    , -0.05270708778  , -0.01049962519  , -0.008088673621 , -0.0004073093964, 0.0003802972838 , -0.001122887513 , 0.0009841183808 , -0.001112278003 , 0.004539224247  , 0.001171675794  , -0.0004726043997, -0.002252139177 , -0.0001140109438, -0.0006139514559, 0.0005440945835 , 0.002195549505  , -0.0009426442952, -0.002729009749 , 0.0008557288366 , 0.0004391889137 , -0.004427863575 , -0.001914908551 , -0.0007959722739, -0.0008669786895, 0.004129138346  , -0.0005175070475, -0.001119165604 , 0.001903266372  , 0.0006669291416 , 0.002262675274  , 0.001004627149  , 6.838414158e-06 , -0.004496989922 , -0.0007717161241, -0.00145060248  , 0.001953020484  , 0.001228259371  , -0.002558561104 , 0.0002074286366 , -0.001914222396 , -0.0006398835307, 0.00118417521   , 0.003653010482  , -0.001849773659 , -0.003227717705 , 0.001633814342  , 0.003264390773  , -0.00466366015  , 0.002263648158  , -0.00036603646  
-0.04658851246  , -0.06850614197  , -0.07650286973  , 0.632548127     , 0.006402737675  , -0.003287603413 , -0.04383923334  , -0.07070920336  , -0.07232069773  , 0.003537688812  , -0.002580248247 , 0.001832402582  , 0.007016498336  , -0.00217727188  , -0.00238487454  , -0.003154899989 , -0.009609297988 , 0.000408740987  , 0.008460804686  , 0.0002383251182 , -0.003378547255 , 0.006456673834  , -0.001109422253 , 0.00251163781   , -0.0129352342   , -0.09401706351  , -0.005197806914 , -0.01572098405  , -0.1010009863   , 0.003631504467  , -0.001378204149 , 0.002706728242  , 0.0004411208268 , -8.314325316e-05, -0.002693256819 , 0.002299095276  , 0.002150143735  , -0.001988580324 , -0.002599940923 , 0.003586599782  , -0.002495726332 , -0.001300365596 , -0.003821762114 , -0.006313051877 , -0.003013241493 , 0.00742377743   , 0.0003138351652 , 0.003511908323  , -0.000835855906 , -0.0007077331323, -0.005007863598 , -0.003645528916 , 0.004645574214  , -0.004196347847 , -0.0001021697733, -0.00644806123  , 0.0006863274896 , 0.004293805357  , 0.001121085636  , 0.00226753899   , 0.001878724663  , -0.001484471654 , 0.0003663844425 , 0.00199601991   , 0.005028069547  , 0.002214639901  , 0.001341677942  , 0.0009387821076 , -0.00473751566  , 0.002568828448  , -0.0008557012621, -0.002021713739 , 0.002781033372  , 0.003256033504  , 0.003158678634  , 0.006553039502  , 0.000406276471  , -8.820414554e-05, -0.003604044637 , -0.001187239944 , -0.003289370095 , 0.0001909933197 , -0.002650461671 , -0.001072044728 , -0.00318877641  , 0.001777178208  , 0.005633996695  , -0.004891119659 , 0.0005842696111 , 0.003886428931  , -0.0001152674453, -0.0001526586126, 0.00255497634   , -0.001117805533 , 0.00176975517   , 0.003421707314  
-0.06170127132  , 0.008311793347  , -0.03250407989  , 0.006402737675  , 0.4102826292    , 0.003070207329  , -0.06505758361  , 0.00321863509   , -0.03115377024  , -0.001150032172 , -0.02498957686  , 0.003200608158  , -0.004669460321 , 0.005755217672  , 0.002958286246  , 0.003193776298  , 0.007764736154  , 0.004106686365  , -0.003242986317 , 8.51753958e-05  , -0.001050395246 , -0.002399197618 , -0.02856624436  , -0.003002828226 , -0.009818104534 , 0.004733355965  , -0.002313547271 , -0.01245271477  , 0.003334930143  , -0.004169837264 , -0.004513251852 , -0.0008649495763, -0.0005419479535, 0.0009745111783 , -0.002109643471 , -8.027492002e-05, -0.0008881851259, -0.001438200005 , 0.002128898375  , -0.002967069174 , 0.002474273125  , -0.003442910775 , 0.001938051572  , -0.001351711382 , 0.001814246785  , -0.003373765399 , 0.00247133612   , -0.0004897622723, -0.0002009929164, 0.0007661416811 , -0.001955100564 , -0.0001282699375, 0.0005320529786 , -0.0001450682512, -0.001042481048 , -0.001219625362 , 0.001009291138  , 9.842428948e-05 , -0.002514031168 , 0.003190470775  , -0.0008786991755, 0.0009929363934 , -0.0006497373405, 0.004402186935  , -0.001065818554 , 0.001906291822  , -0.001397445858 , 0.001292465395  , -0.005627248745 , 0.003056080262  , 0.002072931523  , -0.001236001084 , -0.002284797433 , 0.001936027549  , 0.004696412734  , 0.0002233969899 , 0.003291069713  , 0.002032625396  , -0.00794153293  , 0.001032646571  , 0.0007781765522 , -0.003206490162 , -0.001644322652 , 0.0008067047742 , 0.003979344522  , 0.001008366375  , 0.001585242327  , -0.003213654872 , -0.001659918109 , 0.00217874704   , 0.003350590285  , -0.002220940529 , -0.0007872222394, 0.006133675351  , -0.001043066746 , 0.0005678708901 
-0.07350479348  , -0.03307220521  , 0.001639233239  , -0.003287603413 , 0.003070207329  , 0.4801748179    , -0.07211206279  , -0.03077341835  , -0.002615905598 , -0.001468288506 , -0.001460353297 , 0.001698608147  , -0.0002013513597, -0.001549585232 , 0.000878959102  , -0.0007291519333, 0.0009839344249 , 0.0005215463835 , -0.001418222734 , 0.002300472932  , -0.0005435160266, 0.001794991198  , -0.005481082108 , 0.001666955622  , -0.07783247486  , -0.05131261206  , -0.01118814033  , -0.07977645128  , -0.04545591178  , -0.01194448483  , -0.001657294373 , 0.002756645982  , 0.004371295629  , -0.003435605534 , -0.0002415092782, 0.001888626759  , -0.0004243557762, -0.001356229492 , 0.000886906281  , 0.000360427082  , 0.0007075510053 , -0.001627908583 , 1.337974277e-05 , -0.001489590417 , -0.001072770239 , 0.002438005249  , 0.001493901059  , -0.002209907703 , -0.006640963736 , 0.002477457176  , -0.0002820304129, -0.00104803082  , 0.002051741956  , 0.0005136260562 , -0.003181100037 , 0.000822901985  , 0.0009486545398 , 0.000833957896  , 0.0002471507615 , 0.001273029677  , -0.00419027967  , -0.003045953431 , -0.0009717208747, 0.004111978453  , 0.00140571206   , 0.001717201233  , -0.001243442489 , -0.002113257909 , -0.001495679571 , -0.0008684682717, 0.004404852296  , 0.00181051309   , -0.004437731932 , 0.003272570194  , 0.001403962045  , -0.002390684114 , 0.0008513198289 , 0.0009676866363 , -0.007173797794 , 0.0003665513081 , -0.00100737765  , 0.0008276238981 , 0.0006954739275 , -0.002546710592 , 0.006172392391  , -0.0005318664156, -0.0007433418987, -0.001213575311 , 0.0008226656734 , -4.053069791e-05, -0.004044394048 , 0.001025105084  , 0.002663967187  , -0.002440028509 , 0.001921235428  , 0.001056272798  
0.002349887366  , -0.001359685397 , -0.0001299874065, -0.04383923334  , -0.06505758361  , -0.07211206279  , 0.629857194     , 0.009461196982  , 0.002576352766  , -0.04722577386  , -0.07534422412  , -0.07757285944  , 0.002240546961  , -0.002609657777 , 0.002102843046  , 0.0003375629573 , -0.003206354748 , 0.009310929801  , -0.006150940099 , -0.004110479124 , -0.0005280055951, 0.0008021337293 , -0.001826671413 , -0.0009272239161, 0.002786921559  , 0.006414664827  , -0.0006271742255, -0.01640795393  , -0.09957289108  , 0.001508402785  , -0.0139244678   , -0.09665706346  , -0.003820518536 , 0.003497643578  , 0.0009951933495 , 0.0007993599232 , 0.002331041517  , -0.002716034853 , -0.005865260682 , -0.003847628063 , -0.003747543651 , 0.0008115896685 , 0.003678074272  , 0.001046037628  , -0.00145226618  , 0.00263600629   , -0.001816245329 , 0.00232716557   , -0.001897730623 , 0.003125887395  , 0.000448620018  , 0.0006850231769 , 0.001544083516  , -0.002584897221 , 0.004929405176  , -0.002166783634 , -0.003235095819 , 0.004594927934  , 0.001448844288  , -0.000439205862 , 0.001005743873  , 0.0004092686804 , 0.003194044698  , 0.001205782467  , -0.000222448573 , -0.004517129834 , -0.003544506509 , -0.001149280979 , 0.005893786148  , -0.008110593346 , -0.002166225749 , 9.268507992e-05 , 0.004121809938  , 0.001293647347  , -0.002039532673 , -0.002324335759 , -0.005682795618 , 0.0008061665243 , 0.005327670091  , -0.00065861618  , 0.005302770392  , 0.0003749667061 , -0.001662221326 , 0.002686907403  , -0.0008847859509, -0.001476126163 , 0.0006402002386 , -0.0003827343041, 0.001550274036  , 2.114527227e-06 , 0.00787500128   , 0.0009210522624 , 0.002073552095  , -0.004675888872 , -0.0001107359747, -0.002539605962 
-0.006818622015 , -0.03311559543  , -0.0004626890347, -0.07070920336  , 0.00321863509   , -0.03077341835  , 0.009461196982  , 0.4088828934    , 0.001995655923  , -0.06569566556  , 0.008473056765  , -0.03644529596  , -0.006325235009 , -0.0281821856   , -0.005472884508 , 0.003380036372  , 0.004130770245  , -0.005406335471 , 0.003031020049  , 0.008578303737  , 0.004324978556  , -0.002461571979 , 0.004800893344  , 0.0005546562936 , -0.002827617764 , 0.005509216326  , -0.003098718364 , -0.007553400535 , 0.000642361223  , -0.004173682275 , -0.004823244937 , 0.003796928145  , -0.002375918946 , 0.003239262069  , 0.003331043614  , -0.006631627886 , 0.0001773729171 , 0.003037761587  , 0.003251235077  , -0.001026780062 , 0.00174791861   , -0.001575042516 , -0.0001120786261, -0.0002002982099, 0.004331194041  , -0.005565465699 , 0.0001252370053 , -0.0007251336886, -4.717883153e-05, -0.0002110250235, -0.002234746726 , -0.000759712618 , -0.00181472594  , -0.003456710988 , 0.003299514335  , 0.002726694037  , 0.001033242207  , -0.000765511003 , 0.001539372632  , 0.001939170107  , -0.0002510643918, 0.002300583915  , -0.001511508342 , -0.0007212588953, -0.002084841251 , 0.0004558345777 , -0.004516671708 , 0.0004950788527 , -0.0008234079762, 0.002255368829  , 0.005052479394  , -0.002907481904 , 0.0003600343996 , 0.00247409315   , -0.0004531159812, -0.0002574805913, 0.002649909626  , 0.001030057066  , -0.001206660951 , -0.0007961146162, 0.0009290962843 , -0.004993961305 , 0.001895826645  , 0.001064119411  , -0.004014229492 , -0.002626179805 , 0.002276082692  , 0.0007666802618 , 0.0005487925418 , 8.882886116e-05 , 0.007849712355  , -0.00108834974  , 0.0001497292288 , 0.001374339497  , -0.002732335465 , -0.0008281617185
-0.000133793949 , 0.001801493268  , 0.003958170264  , -0.07232069773  , -0.03115377024  , -0.002615905598 , 0.002576352766  , 0.001995655923  , 0.4807976319    , -0.06670268829  , -0.03564665915  , -0.002369645674 , -0.001255709808 , -0.004605716032 , -0.0004018802795, 0.0001988289319 , 0.001852760548  , -0.0008854826843, -0.003347891082 , 0.001679473835  , 0.001773429664  , -0.001769908237 , 4.985045161e-05 , -0.001763596316 , -0.0001400101782, 0.001746369755  , 6.384961483e-05 , -0.07831824285  , -0.0481502642   , -0.0139745044   , -0.0774015251   , -0.05064794927  , -0.01428487845  , 0.001286421069  , 0.002705101599  , 0.001431897905  , 0.0006716976576 , 0.00134352011   , -0.001679691401 , 0.006561198096  , -0.002093448959 , 0.001810601415  , 0.001732523131  , 6.631025661e-05 , -0.00324646994  , 0.001016228205  , -4.402625582e-06, -0.001977769354 , 0.002089253635  , -0.002317589924 , 0.002537359982  , 0.004595243977  , 0.001559110021  , -0.002376163532 , -0.001899036894 , -0.001863012825 , -0.003553900626 , -0.002429406649 , 0.003335804927  , 0.005754514735  , -9.033988678e-05, -0.00106964167  , 0.0007674718086 , -0.002175025334 , -0.002202684685 , -0.0009745644079, 0.001789626985  , -0.001218665618 , 0.003439494528  , 0.002153750344  , 0.0003908436227 , 0.001581195013  , -0.001475694158 , 0.0002902196606 , -0.0003842503101, -0.003564728683 , 0.0006891843402 , -0.000121407852 , 0.0002788571508 , 0.001368315803  , 0.004183254492  , -0.004466753441 , -0.001753178092 , -0.0009313280708, 0.004049063135  , 0.000616525529  , -0.001978430904 , -0.00028810019  , -0.001806006056 , -0.001928928151 , -0.0004149975739, -0.0008579313106, 0.001717440283  , 0.0001388566196 , -0.003442967389 , -0.002007051501 
0.00370256961   , -0.004188351247 , -0.004261582899 , 0.003537688812  , -0.001150032172 , -0.001468288506 , -0.04722577386  , -0.06569566556  , -0.06670268829  , 0.6345559626    , 0.01012479133   , 0.002084639182  , -0.04360962471  , -0.06769751137  , -0.07659037174  , -0.003875685646 , 0.002711939227  , 0.0001065236949 , -0.0009671673657, 0.008984974108  , -0.0008180251248, 0.00411662019   , 0.00584016271   , -0.004956798315 , 0.005656214985  , -0.00142191615  , 0.003163337945  , 0.0001127244607 , -4.777943536e-05, -0.003898540285 , -0.01592265338  , -0.1027269082   , -0.0007150010775, -0.01313991689  , -0.1008725636   , -0.002115725866 , 0.002566405159  , 0.005611251182  , -0.0003444624999, -0.001760587979 , 0.0009807996407 , -0.0001666553529, 0.006584569431  , 0.001266327734  , -0.0005783026297, 0.0001701997073 , 0.0002955814141 , -0.00150287571  , -0.0001065995945, -0.0004218360728, -0.0007855366954, -0.0001111906691, 0.002354395893  , 0.0008499330704 , -0.001941491648 , -0.00100165073  , -0.003813547855 , 0.003903736632  , 0.0009305645095 , -0.001714968454 , -0.003215415494 , 0.0004170343161 , -7.679936197e-05, -0.003346496108 , 0.001410791782  , -0.0008175250315, 0.003194847094  , 0.003397146656  , 0.001314474384  , -0.001567111111 , -0.001549721407 , 0.002266941087  , 0.0001940222758 , 0.0005253936223 , 0.002055491757  , 0.006066159424  , 0.0002171131892 , -0.0016612377   , -0.00309607608  , -0.003784444584 , -0.00248212046  , 0.003685853032  , 0.000834689887  , 0.001263522662  , -0.0001995763179, 0.003292025175  , 0.004924401143  , -0.002993652175 , -0.001908962115 , 0.0005745802319 , -0.004010040902 , -0.004267888237 , 0.000950270455  , 0.0001702120437 , -0.0002793769117, -0.0007791604757
0.005027552073  , 0.001123872259  , -0.0009708457883, -0.002580248247 , -0.02498957686  , -0.001460353297 , -0.07534422412  , 0.008473056765  , -0.03564665915  , 0.01012479133   , 0.4147947758    , 0.003438227855  , -0.06510358386  , 0.01114413678   , -0.03077272982  , -0.01095321672  , -0.01984789468  , -0.003635530725 , 0.003945889767  , 0.007492717417  , 0.005952828615  , 2.507099649e-05 , -8.836775001e-05, -0.003773282708 , 0.00399227415   , 0.0001219971986 , 0.001312729377  , -0.002114042047 , 0.002590451647  , -0.005667888182 , -0.009191157013 , 0.001512551023  , -0.003483505822 , -0.00813799116  , 0.004331894964  , -0.001576367558 , -0.008843615619 , 0.0008207599695 , -0.001482813317 , -0.001378911094 , 0.002833650927  , -0.003739331105 , -0.00125630682  , -0.003429890507 , -0.0003039564813, 0.001095953983  , -6.224421202e-05, 0.001552450849  , -0.00141402295  , -0.0001731037099, -0.001386672002 , 0.002138923112  , 0.003990504402  , -0.001886691677 , 0.001756809033  , -0.00199104776  , -0.0008769849239, -0.0005249037971, -0.000259468935 , 0.001470400736  , 0.0004813648689 , 0.001368975141  , 0.003686870379  , 0.001042261354  , 0.0003367986832 , 0.000499925467  , 0.00337966217   , -0.0005806790964, -0.002138965906 , -0.002092887361 , -0.0001620692482, -0.001979623048 , -0.003153030471 , -0.001112492922 , -0.004392707743 , -0.002213878821 , 8.957461108e-05 , 0.002529079283  , -0.002100118428 , -0.0003431678331, 0.006015341858  , 0.008397355196  , -0.001617764935 , 0.01014522532   , 0.004897359695  , -0.000183862541 , 0.003655876569  , 0.004203976066  , -0.0002811701387, 0.0007298367476 , 0.006921506459  , 0.002315898577  , 0.003484941742  , 0.001176895401  , 0.0002782998693 , -0.001601052345 
-0.001011865103 , 0.0007626837136 , -0.001724420115 , 0.001832402582  , 0.003200608158  , 0.001698608147  , -0.07757285944  , -0.03644529596  , -0.002369645674 , 0.002084639182  , 0.003438227855  , 0.4845196797    , -0.07229515296  , -0.03427998999  , 0.001157079825  , 0.0005712617255 , 0.004136132536  , 0.001135872057  , 0.002915809969  , 0.004503836711  , 5.554224748e-05 , -0.00203458243  , -0.002864224549 , -0.001970069726 , -0.001075265455 , 0.0003714006494 , 0.001845806139  , -0.001311613744 , 0.0002536314672 , -0.0007962539916, -0.08491157699  , -0.04676174625  , -0.01199225237  , -0.07912669983  , -0.04810063903  , -0.01452606687  , -0.00263527469  , 0.001158872531  , -0.001514492582 , -0.0001569267403, 0.0004302318335 , -0.001402726604 , -0.0002375666762, 0.001401203835  , 0.001344848043  , 0.0002549112424 , 0.001247220716  , 0.0005181373263 , -0.002011079935 , -0.001794031867 , -0.001510827498 , -0.0008394252729, 0.0009662442561 , -0.002047658387 , 0.002820112917  , 0.006389125796  , 0.0002462683095 , -0.001247704587 , -0.002115922275 , -0.0009186833652, 0.0006358414664 , 0.002075498844  , 0.002616386795  , -0.0009846839092, 0.0003104099884 , 0.004178220955  , -0.00161254535  , -0.00121854756  , 0.0006738442052 , 0.002545655562  , 0.001035089688  , 0.001186143688  , 0.0004019715986 , 0.001127213732  , -0.002674886897 , 0.001198299512  , 0.002308551042  , -0.001661798563 , -0.001139289522 , -0.001606117795 , 0.0002400943056 , 0.002081262214  , -0.000646272581 , -3.696999818e-05, 0.002009606075  , -0.000676197909 , -0.0008004729511, 0.001718905643  , -0.003944157371 , -0.004626042893 , 0.001231546813  , 0.002417860601  , -0.0009034806043, 0.0008747315373 , -0.003510006235 , 0.003642977008  
-0.00850578165  , 0.0006276353983 , -0.002185135738 , 0.007016498336  , -0.004669460321 , -0.0002013513597, 0.002240546961  , -0.006325235009 , -0.001255709808 , -0.04360962471  , -0.06510358386  , -0.07229515296  , 0.6360803798    , 0.002629348005  , 0.004808724699  , -0.04290648102  , -0.0770125667   , -0.07432779333  , 0.008034233336  , -0.001618190052 , 0.002562026459  , -0.001035913667 , 0.001629099797  , 0.0004360601195 , 0.001152379942  , -0.003095004713 , 0.0008112602245 , -0.001105863102 , 0.001050120404  , -0.002737674438 , 0.008971881629  , 0.0003764354368 , 0.002912684051  , -0.02041652439  , -0.1000781231   , 0.0001355827058 , -0.01562683386  , -0.101146315    , 0.001546599663  , 0.00451662819   , -0.001149995256 , 0.0009911304347 , -0.004658453656 , -0.0001059624561, 0.005616316702  , -0.002978707431 , 0.000714219326  , 0.001900395299  , 0.003193670559  , -0.0001273315048, 0.00271653991   , 0.002987928724  , -0.002022126135 , 0.004698074637  , -0.00687537952  , -0.0007913017382, -0.004153477763 , -0.002119969513 , 0.001703877224  , -0.006920775095 , -0.003116319411 , -0.0002975822008, -0.005945643356 , 0.00435867536   , -0.0002932175071, -0.0001404892171, -0.002819687523 , -0.0007237113808, 0.001035337242  , -0.001519510786 , 0.002682976641  , 0.003315170423  , -0.003365849286 , -0.00292024059  , -0.001336312301 , 0.004292212198  , 0.001226882744  , -0.002926096769 , 0.006350647651  , 0.004606476875  , 0.0005070966792 , 0.002980626726  , 0.0005120583371 , 0.002848601113  , 0.002047312411  , -0.002554290855 , 0.001767694112  , 0.000367910524  , -0.001623347723 , 0.004975176763  , 0.006888453092  , -0.001205595742 , 0.002017677605  , -0.002610431799 , -0.00295157673  , -0.0002863026993
0.006729923001  , 0.008326226826  , -0.0008254987956, -0.00217727188  , 0.005755217672  , -0.001549585232 , -0.002609657777 , -0.0281821856   , -0.004605716032 , -0.06769751137  , 0.01114413678   , -0.03427998999  , 0.002629348005  , 0.4233564028    , 0.004948620197  , -0.07065319835  , 0.01254434201   , -0.03282963831  , 0.002812449441  , -0.02480675106  , 0.002996463588  , -0.002559685307 , 0.0008409863056 , 0.0005486690064 , -0.003444869616 , 0.00254866721   , 0.0009503673207 , -0.002028440802 , -0.0003750627711, -0.001727879144 , 0.0001971636647 , -0.0002510778024, -0.00165708856  , -0.009686058206 , 0.002974850059  , -0.00547385324  , -0.007851977332 , -0.0004000696697, -0.0033550634   , -0.003988464441 , 0.00403462878   , -0.001444589022 , 0.00152695844   , -0.002718030665 , -0.0001346834715, 0.002295814753  , -0.002018850634 , 0.001397744197  , 0.004913724832  , 0.003767114368  , -0.001477710968 , 0.004916204835  , -0.001364663989 , -0.000297645033 , -0.00132196138  , 0.0009345978289 , -0.002710822638 , 0.001852194431  , -0.00218737114  , 0.0002150997393 , 0.001272937567  , -0.0003870388743, 0.0009971710867 , 0.001344577017  , -0.0004641159651, 0.0004445848483 , 0.0005209755177 , -0.003336802847 , -0.002339665134 , 0.0004632812277 , -0.002648089801 , -0.0008729802602, 0.0001717430861 , -0.001897357468 , 0.003611584328  , 0.0005459267069 , -0.001458112046 , 0.002134377318  , 0.002362555539  , 0.001760148072  , 0.001670636474  , 0.001963539408  , -0.0009879557109, 0.002172425741  , 0.008988004022  , 0.003438988184  , 0.005156939857  , 0.001243370686  , 0.001854803226  , 0.00462725931   , -0.002113751721 , 0.0009123296252 , 0.001224549074  , 0.001151861526  , 0.001906843352  , 0.00362997765   
0.001984642865  , 0.0007798675755 , 0.0006846636996 , -0.00238487454  , 0.002958286246  , 0.000878959102  , 0.002102843046  , -0.005472884508 , -0.0004018802795, -0.07659037174  , -0.03077272982  , 0.001157079825  , 0.004808724699  , 0.004948620197  , 0.4833254348    , -0.06665531956  , -0.03312351718  , -0.001643350903 , 0.002134966977  , 0.001141140232  , -0.0008174919593, -0.003554467776 , 0.001868660123  , -0.001963677423 , -0.004113121767 , -0.001057925766 , 0.001525482778  , 0.0006891883706 , 0.0007014494352 , 0.002468964739  , -0.00370868621  , 0.00203975416   , -0.0008783489027, -0.08699928115  , -0.04957425099  , -0.005962654524 , -0.08468029387  , -0.05212094227  , -0.01238985342  , 0.0003204424004 , 0.001840930689  , 0.0009639477545 , -0.001899059416 , 0.0003741791123 , 0.001283003998  , -0.001811039536 , 0.001669155805  , -0.000602700796 , 0.002049340518  , 0.001366086115  , -0.001506230854 , -0.0004687457785, 0.001293947077  , 0.004002630518  , -0.005600231514 , 0.002928473096  , 0.002598408401  , -0.003993707056 , 0.005639253146  , 0.0007561521871 , -0.0001150967624, 0.003199836622  , -0.0007440195819, 0.002530955331  , -0.002479207756 , 0.0003510029897 , 0.001928058289  , 0.000604087358  , -0.004662693016 , -0.0005222639069, 0.001267911979  , -9.621800229e-06, -0.003495835361 , -0.0009833749734, 8.143423299e-05 , 0.003373925795  , -0.0009445846646, -0.00164538909  , 0.001373972083  , -0.001313720452 , -0.001333521581 , 0.0002425534376 , 0.001633298719  , -0.0008915014536, -0.0003658313903, -0.000330681429 , -0.002356937237 , 0.003301839881  , 0.0002741696198 , 0.002461741668  , 0.0001657120267 , 0.002424182769  , 0.0009545757866 , -0.0007722844893, -0.003512760211 , -0.0006069888311
-0.01090893114  , -0.0006781767068, -0.0005987299861, -0.003154899989 , 0.003193776298  , -0.0007291519333, 0.0003375629573 , 0.003380036372  , 0.0001988289319 , -0.003875685646 , -0.01095321672  , 0.0005712617255 , -0.04290648102  , -0.07065319835  , -0.06665531956  , 0.6318523142    , 0.01112246377   , -0.002896183815 , -0.04929059382  , -0.06060755985  , -0.06874158185  , 0.002900481721  , -0.006857503711 , 0.003301475494  , 0.005369946962  , 0.0009899822157 , 0.00414735736   , -0.001140507779 , 0.002451081973  , 0.003421573901  , -0.005865667704 , 0.002880819417  , 0.003388757251  , 0.001200208438  , 0.004430784148  , 0.003362317317  , -0.01616863242  , -0.09769937374  , -0.003736970697 , -0.005373022298 , -0.1029297226   , 0.002884032455  , -0.001153284473 , 0.002525471504  , 0.001634494377  , -0.004008197646 , 0.005295378466  , -0.002653127187 , -0.002551751243 , -0.003103570185 , 0.002901723816  , -0.002933392604 , -0.0004972814548, -0.002543209017 , -0.003410800898 , -0.000430704364 , 0.001973757389  , -0.001500440458 , 0.0002880205229 , 0.001562509472  , -0.004464028372 , 0.001305834495  , -0.003048512114 , -0.005364370455 , -0.006083451206 , -0.002228951613 , 0.003656433118  , 0.002150921333  , 0.004345744376  , -0.00114262661  , -0.0005094731239, 0.001198622196  , 0.006359191951  , -0.003450854497 , -0.0008439348099, -0.001559591503 , 0.004385627802  , -0.001685385828 , 0.003692887034  , -0.001550931945 , 0.003092383413  , 0.003732735405  , -0.0006073070507, -0.002631309736 , 0.003306185476  , 0.002042781349  , -0.003104369589 , -0.005894747649 , 0.001224647962  , 0.001742364308  , -0.00518233623  , -0.001135608729 , -0.001730691775 , 0.00309133026   , 0.0003538081705 , 0.002173350971  
0.002268610294  , 0.003228397832  , 0.001476048166  , -0.009609297988 , 0.007764736154  , 0.0009839344249 , -0.003206354748 , 0.004130770245  , 0.001852760548  , 0.002711939227  , -0.01984789468  , 0.004136132536  , -0.0770125667   , 0.01254434201   , -0.03312351718  , 0.01112246377   , 0.4330004608    , 0.005452744225  , -0.06232258065  , 0.009011999839  , -0.03356942409  , 0.0008598746944 , -0.01116013034  , -0.002621457603 , -0.00212015824  , 0.003436069601  , 0.001312375619  , 0.0002475592955 , 0.002024745822  , 0.001845325839  , -0.003365861849 , -0.001822380221 , -0.0006591550287, -0.001633602604 , 0.001200430029  , -0.0002724487743, -0.008657714223 , 0.001528860032  , -0.002582956767 , -0.008196661363 , -0.003459229722 , -0.004129462762 , 0.003760273628  , 0.004499912973  , 0.002413656712  , 0.001645999713  , 0.0003258112879 , 0.001400686548  , -0.001169429713 , -0.001845254708 , -0.001890706021 , 0.001584972764  , 0.000933961296  , 0.000779592001  , -0.003225553008 , -0.0007710692125, -0.0001625020249, 0.002775103278  , 0.002744883341  , 0.003487676711  , -0.004438670377 , -0.002334121504 , 0.005290220617  , -0.004369572479 , -0.001950781853 , -0.0006184577608, 0.0006434882311 , -0.002872701302 , 0.002666832108  , -0.004119978034 , -0.0006179471088, -0.0004220897075, -0.003350004889 , 0.002095627119  , -0.0006343688684, 0.0003364880645 , -0.0004027164117, -0.003878763372 , -0.0004518626946, -0.0008372859769, -0.004255428437 , -0.008768655055 , -0.001288537454 , -0.0002189746859, 0.00737488333   , 0.001549570265  , 0.003401232156  , -0.001314886879 , 0.001577076804  , -1.337342927e-05, -0.004426076477 , -0.003102346676 , -0.006095538359 , 0.005189412782  , 0.00163553441   , -0.0003512934397
-0.002207653651 , -0.0005171108434, -0.0007408393835, 0.000408740987  , 0.004106686365  , 0.0005215463835 , 0.009310929801  , -0.005406335471 , -0.0008854826843, 0.0001065236949 , -0.003635530725 , 0.001135872057  , -0.07432779333  , -0.03282963831  , -0.001643350903 , -0.002896183815 , 0.005452744225  , 0.4818726831    , -0.07364397022  , -0.03462004712  , -0.000892464311 , 0.001688265095  , -0.004114227275 , -0.0001479742555, 0.002141618819  , -0.002682630681 , -0.001608058539 , -0.003795190713 , -0.001588209165 , 0.003290513346  , 0.0005863624711 , -0.0009919704646, 0.003159647445  , -0.001266710936 , 0.003108669537  , -0.001798524101 , -0.0832271441   , -0.04883419095  , -0.01547504309  , -0.08197120838  , -0.0463889781   , -0.01217649921  , -0.001087033871 , 0.003609075423  , 0.001540009133  , 0.006170094975  , 0.001388619536  , -0.003549011988 , -0.007135494493 , -0.0006533946153, 0.000467267042  , -0.003824332732 , 0.00125506645   , 0.0009345250299 , -0.00145241029  , -0.0006072079383, -7.79848501e-05 , 0.005005994706  , 0.00179906301   , 0.0004109729918 , 0.005617507457  , 0.00522576398   , -0.001552547543 , -0.003392589851 , 0.0001250954943 , -0.001574754597 , 0.0006332469449 , -0.0009163197329, 0.0005609427575 , 0.002039575805  , 0.001008702156  , -0.0032891509   , 0.003549900477  , 0.004848143815  , 0.001843071408  , -0.005438475828 , -0.0003253652997, -0.0005104663404, -0.003400618698 , 0.001342936492  , 0.003587716562  , -0.001648924224 , -0.003172933447 , 0.001415544281  , 0.004555739628  , -0.001337701002 , -0.0008000584381, -0.0002397485847, 0.001240381974  , -8.031135351e-05, -0.001238705174 , -0.0008553048237, 0.003136272946  , 0.0009133001781 , 0.0006944039721 , 0.001989869352  
0.002618634515  , -0.0029210723   , -0.004398633171 , 0.008460804686  , -0.003242986317 , -0.001418222734 , -0.006150940099 , 0.003031020049  , -0.003347891082 , -0.0009671673657, 0.003945889767  , 0.002915809969  , 0.008034233336  , 0.002812449441  , 0.002134966977  , -0.04929059382  , -0.06232258065  , -0.07364397022  , 0.6340987333    , 0.008174269849  , 0.001798111777  , -0.0445620537   , -0.06537828385  , -0.06932197891  , 9.670033165e-06 , -0.003214195388 , -0.001438043345 , 0.00779853566   , 0.001284443792  , -0.001515457461 , 0.003483377889  , 0.002341770794  , -0.001924998973 , -0.006095704443 , -0.0002128283753, -0.004456190575 , 0.001652054698  , 0.005687687354  , 0.001864903796  , -0.02256487901  , -0.09782346725  , 0.002530495625  , -0.01564426028  , -0.1045613237   , -0.003605913215 , 0.0002641400971 , 0.001650690998  , 0.002208050974  , -0.0005448538095, 0.003993356639  , -0.003771070639 , 8.515475022e-06 , -0.0001720714314, -0.003576376414 , 0.003321745468  , 0.00212977961   , -0.003962446168 , 0.001606767046  , 0.0009564343956 , -0.001885848373 , -0.003938569186 , 0.002691969496  , -0.0003134275017, -0.003806441628 , 0.002867454575  , -0.003840921292 , -0.0008268796286, 0.002893882168  , -0.001612152616 , 0.00327501191   , 0.0007965420792 , -0.002932180704 , -0.004558967689 , -0.0009591979519, -0.0009324422397, -0.005703769147 , 0.002462644556  , -0.00138152597  , 7.535975107e-05 , -0.0009325643515, -0.004263848235 , -0.0009859130043, -3.153303003e-05, 0.00271166418   , -0.003007917073 , 0.003041404016  , 0.004418638845  , -0.009230146135 , 0.0008865291673 , -0.003244182993 , 0.001635610713  , 0.0002002699073 , -0.0003306234822, 0.00405701213   , 4.27907441e-05  , 0.002829420894  
-0.007847412036 , -0.02395595668  , 0.001182874258  , 0.0002383251182 , 8.51753958e-05  , 0.002300472932  , -0.004110479124 , 0.008578303737  , 0.001679473835  , 0.008984974108  , 0.007492717417  , 0.004503836711  , -0.001618190052 , -0.02480675106  , 0.001141140232  , -0.06060755985  , 0.009011999839  , -0.03462004712  , 0.008174269849  , 0.428247873     , -0.001450208116 , -0.06683177166  , 0.01626388188   , -0.03220720939  , -0.002774247926 , 0.002323724357  , -0.003177825934 , 0.002518264105  , 0.00133616202   , -0.004382391805 , -0.004591250829 , -0.003318495332 , -0.00215342702  , -0.00184332861  , -0.002531799045 , -0.0006263068193, -0.00505170523  , -0.0004294627832, -0.001484977154 , -0.007356220275 , 0.00136769859   , -0.004938381617 , -0.005449791692 , 0.003639613925  , -0.002059612165 , -0.006908627335 , 0.001195947141  , -0.001237616814 , -0.0007886151362, 0.001426416584  , 0.00155722134   , -0.0005169407258, -0.0004920615527, 0.0007929910103 , 0.0009240796274 , 0.001382366397  , 0.00117668339   , 0.0002369978486 , 0.0006845639381 , 0.00142152969   , 0.001200802983  , 0.004209882896  , 0.002928002235  , -0.0007383434901, 0.001241397613  , 0.0008815312682 , -0.001017050639 , 0.001265054478  , -0.003366015205 , 0.005106148745  , 0.004595558505  , 0.0004194776654 , -0.003483607015 , 0.0006157193562 , -0.0009771569012, 0.002364400145  , 0.001165075751  , -0.000629601344 , 0.009589635819  , -0.001792495254 , -0.001943774628 , -0.002521800876 , -0.002177825476 , 0.002244515394  , -0.002514587452 , -0.0005242380785, -0.0002186566533, -0.002347065382 , 0.001532712439  , -0.001179264016 , -0.005714663343 , -0.001246813356 , -0.0008284250314, 0.00208721096   , -0.001108650577 , -0.0006907976117
0.00341675329   , 0.003621667073  , 0.002017628697  , -0.003378547255 , -0.001050395246 , -0.0005435160266, -0.0005280055951, 0.004324978556  , 0.001773429664  , -0.0008180251248, 0.005952828615  , 5.554224748e-05 , 0.002562026459  , 0.002996463588  , -0.0008174919593, -0.06874158185  , -0.03356942409  , -0.000892464311 , 0.001798111777  , -0.001450208116 , 0.4812382386    , -0.07807142831  , -0.03071439102  , -0.0001247427381, -0.0004096753221, 0.0009043480674 , 0.001722700447  , 0.003258196959  , -0.0003097139558, 0.001491890918  , -0.003502646857 , -0.001035908147 , -0.000893495886 , -0.0008494203588, 0.003332230907  , 0.0001453366352 , -0.001270798735 , 0.001144425873  , 0.001198342567  , -0.07810011655  , -0.05310289594  , -0.01127911961  , -0.07889848568  , -0.04579805849  , -0.01099565482  , 0.001116075172  , -0.001335652887 , 0.002527007385  , -0.00155251747  , 0.002223596011  , -0.001823279643 , -0.0009901751519, 0.0004447344298 , -0.0006546823951, -0.00167305173  , 0.001798893662  , -0.00521138263  , 0.001736705277  , 0.002675870725  , -0.0007135272436, -0.000387767932 , -0.002211896841 , -0.001236926635 , -0.002223509311 , 0.002244727265  , -0.002809029412 , -0.0003606210746, -0.002910420286 , -0.002090867627 , -0.002403061464 , 0.0004877659812 , 0.0007487945412 , 0.0009771345218 , -0.0001636204489, 0.002342935646  , 0.0001235117494 , 0.0009680207927 , 0.001613529528  , 0.0001818205372 , 0.001449863529  , -0.0001844592522, 0.002056591834  , -0.0004897887507, 0.002011682462  , -0.002424223576 , 0.001441846107  , 0.00274493356   , 0.001624532153  , -7.41378567e-05 , -0.003428021046 , 0.003447941144  , 0.00345284187   , -0.001460277011 , -0.004629334412 , 0.00155646309   , -0.0007838246399
-0.0477119146   , -0.07728796034  , -0.07155408641  , 0.006456673834  , -0.002399197618 , 0.001794991198  , 0.0008021337293 , -0.002461571979 , -0.001769908237 , 0.00411662019   , 2.507099649e-05 , -0.00203458243  , -0.001035913667 , -0.002559685307 , -0.003554467776 , 0.002900481721  , 0.0008598746944 , 0.001688265095  , -0.0445620537   , -0.06683177166  , -0.07807142831  , 0.6334170131    , -0.001766746734 , -0.003798598732 , -0.002977512249 , 0.001604151056  , -0.0004105521737, -0.00103629075  , -0.004034744605 , 0.003651776041  , 0.0006962193363 , 0.0002325310102 , 0.004464203819  , 0.00232138126   , 0.004047305668  , 0.00433013581   , -0.001090082487 , 0.002680894181  , 0.003072106034  , 0.006739844471  , 0.004143785783  , -0.000663543254 , -0.01649738149  , -0.09689286362  , -0.004355169061 , -0.01327451729  , -0.0958215288   , -0.003180735333 , 0.003289250982  , 0.001546611401  , 0.003851729936  , -0.001895620506 , -0.003466462009 , -0.001202219239 , 0.0003659239168 , -0.004401554862 , 0.003911041821  , 0.0003397132124 , -0.004337909678 , 0.001656231547  , 0.001484096514  , -0.00717502943  , 0.0003034976251 , 0.003764834674  , 0.002557419149  , -0.001367954225 , 0.00185705279   , -0.002661706057 , -0.003326516687 , 0.003820199652  , 0.003241558923  , -0.001682093988 , 0.004839191634  , 0.0001480557135 , 0.003608770076  , -0.002234236741 , -0.003672089594 , 0.002626855174  , -0.006796190303 , -0.002081996915 , 0.004239370678  , -0.003709535556 , 0.0008574897595 , 0.00174112036   , 0.01136941249   , -7.329948341e-05, 0.002483549753  , 0.0003346112074 , -0.004081822402 , 0.002793953557  , -0.005442438113 , -0.001583450526 , 0.00103187036   , -0.003751800402 , -0.002393980346 , -0.002550498597 
-0.06991784024  , 0.00500877226   , -0.03515787683  , -0.001109422253 , -0.02856624436  , -0.005481082108 , -0.001826671413 , 0.004800893344  , 4.985045161e-05 , 0.00584016271   , -8.836775001e-05, -0.002864224549 , 0.001629099797  , 0.0008409863056 , 0.001868660123  , -0.006857503711 , -0.01116013034  , -0.004114227275 , -0.06537828385  , 0.01626388188   , -0.03071439102  , -0.001766746734 , 0.4314193056    , 0.002948890723  , -0.0005452962947, 0.007039320618  , -0.002060313874 , 0.006685419365  , 0.0004258062416 , -0.0003942550172, 0.002337442279  , -0.006454576081 , -0.001063601528 , -0.002747443343 , 0.0005987335535 , -0.000969503545 , 0.002235339285  , 0.002526073441  , -0.0009988854829, 0.0009170398104 , 0.005021974313  , 0.001445963051  , -0.007105273053 , 0.001207799011  , -0.008688151976 , -0.00890991691  , 0.003733106986  , -0.00252786301  , -0.001123837006 , -0.001512256703 , 0.002007207889  , 0.000760493512  , 0.0005338336235 , -0.0001752568737, -0.0009396629514, -0.00112571746  , 9.515676447e-06 , 0.0009553683971 , 0.003436376567  , -0.001929790275 , -0.0002472605485, 0.0001597604446 , 0.001948950332  , -0.001119158657 , 0.001157134106  , 0.0005655073119 , 0.002037746233  , 0.002514920427  , -0.0003863338845, -0.004523526594 , -0.002749323682 , 0.001854986103  , 0.001362691716  , 0.0004154860535 , 0.003750499046  , -0.0005057844731, -0.0009536439537, 0.0002445784737 , 0.001111064682  , 0.0002501574661 , 0.006045622675  , 0.003377292149  , 0.0006860265539 , 0.003834283519  , -0.005039425999 , -0.001820691378 , -0.0004476373968, -0.001434102715 , 0.0008961355511 , 0.002988078162  , 0.006072114554  , 0.002044928351  , 0.004083033276  , 0.005051778009  , -0.005055811227 , -0.0004081914329
