<Sz_i Sz_j >                                      
0.5321092055     -0.03071162672   -0.006533336205  -0.03373518781   -0.0588304341    -0.08093639391   -0.006175130152  0.01060443206    -0.003190067919  -0.01361064976   -0.06107584282   -0.04314388384   0.012201746      -0.05963181079   0.002726517734   -0.00330390442   -0.002020156405  -0.002329762347  -0.008416053649  0.008630414556   0.005463329136   -0.01617309879   -0.07707076404   0.0009224624618  -0.01129952755   -0.00916354147   -0.01243455721   0.005534432378   0.001526460843   -0.004199401434  -0.01756788915   0.009505145579   -0.009417130344  -0.01748876484   -0.01115478668   -0.005706575873  -0.002032569984  -0.001353756877  0.003849621247   0.02733429927    0.01233227633    -0.01221138844   0.01244398798    -0.01447850791   -0.01101800477   0.01768425674    0.01381207222    0.006266568514  
-0.03071162672   0.3008337233     0.003751175209   -0.02652557169   0.002367442138   -0.01248161239   0.01509583697    -0.06160391275   -0.001054114072  -0.06473296242   0.004466946265   -0.03009483879   -0.01013626174   -0.004315762862  -0.005078626274  -0.006680414958  -0.01222225045   -0.003879843999  -0.0001707991413 0.007305823414   -0.007442944333  -0.00934696282   0.009311671754   0.002197548234   -0.01123804565   0.00118056473    -0.004063188236  0.001067164155   -0.002068812285  -0.001162131272  0.01528617909    -0.001533486236  -0.002218473599  -0.002945065307  0.004036511034   0.0008692683679  -0.003749176143  0.007557546595   -0.007345585304  -0.01097169625   0.002033972988   0.002525127866   0.001557729776   0.0008206993038  0.00166757205    0.00587853672    0.004592357312   -0.003085372683 
-0.006533336205  0.003751175209   0.4135552233     -0.03699668628   -0.02643351462   -0.001608937855  0.01824981584    -0.0020261869    0.002641722354   -0.05879321936   -0.0277955569    -0.003021027397  -0.07402727889   -0.04540440797   0.005275222106   -0.009810255823  -0.01257125291   -0.007142976079  0.001050433744   -0.008140048094  0.005513006828   -0.0770146956    -0.03879465731   0.002579569615   -0.0130903522    -0.007938420523  0.01002074748    -0.0007703248273 0.01356532647    0.009531362721   0.005572771368   -0.01387188895   0.0106773583     0.002564270944   -0.005306140448  0.008994420754   -0.01540671503   0.005608140508   0.001719614665   -0.01799930687   -0.0004521829307 0.01077993893    -0.003599470885  -0.01494501982   0.001243690287   -0.001453626914  0.001675271232   -0.002720922477 
-0.03373518781   -0.02652557169   -0.03699668628   0.5314935898     -0.006954499508  -0.007107647561  -0.0113615284    -0.06996483457   -0.06139557877   -0.009094393624  -0.01257165869   -0.002168330453  -0.004038374377  -0.08488833181   -0.005823017666  -0.01435837907   -0.08238047708   0.00520882105    0.007333190245   -0.006788004363  0.008885792662   -0.02319363573   0.001458953031   0.01069794861    -0.006786336429  -0.01305498606   0.002627781917   -0.004605203423  -0.008211760801  -0.008840062413  0.01450911273    -0.006698466815  0.01264250173    -0.003417553467  0.01839165262    -0.006679370023  -0.007635423992  0.001597327312   -0.006960319539  0.006933752703   0.0007861494137  -0.009948533548  0.00491607963    -0.00962656469   0.008149141106   -0.007084337737  0.000848316533   0.01314602532   
-0.0588304341    0.002367442138   -0.02643351462   -0.006954499508  0.2788185909     0.008247248558   -0.04842322646   -0.01371363817   -0.01863262082   -0.003579238424  -0.04857783892   -0.004935990145  -0.02758180613   -0.0008460686181 -0.008269445719  -0.006948155322  0.005528591792   0.007971944415   -0.004928841071  0.007236646463   -0.001539671488  0.0139570594     0.0003796999563  -0.001246063383  0.002165017155   -0.003649234943  -0.008107004072  0.001770763069   -0.00550151281   -0.002007717688  0.006654936434   -0.004610080529  -0.006479012826  0.01731341142    0.0009216801202  0.003337393521   -0.004006831573  0.0006481987372  -0.006137761811  0.01628815753    -0.01014898136   0.005709652491   -0.009268012197  0.001703543903   -0.003891494613  -0.01860544939   0.0006302494831  -0.00387100088  
-0.08093639391   -0.01248161239   -0.001608937855  -0.007107647561  0.008247248558   0.4138182508     -0.0672368796    -0.01376489464   0.007400614046   0.00156508784    0.001297155728   0.0003152639579  -0.07916932639   -0.02951114617   -0.008691714697  -0.0699909644    -0.03397417552   -0.008567656583  0.00752962666    -0.003867652743  -0.008541241375  0.003172607344   -0.007017039825  0.0004865681223  0.00335348805    0.002914042816   -0.008506921312  0.01061928874    0.003251788181   -0.01706547563   0.002016528204   -0.004766245274  0.001337002597   0.008976672873   0.01463576996    -0.01259956227   -0.001827356081  0.003067955278   0.003060529235   0.003651580554   -0.004885497947  0.01420940992    0.004524380057   0.00417705135    0.004485310893   -0.01575678343   -0.000232001827  -0.00413489405  
-0.006175130152  0.01509583697    0.01824981584    -0.0113615284    -0.04842322646   -0.0672368796    0.5525714979     -0.0288897334    -0.008474153562  -0.03711604298   -0.02402488939   -0.06222890345   0.002599321075   -0.01978312842   0.01458696892    -0.01466080704   -0.08791439921   -0.01034495295   -0.006607741722  -0.08486831973   0.01563608886    -0.01295605625   0.008488231499   0.003398796783   -0.01783877879   0.008196297981   0.005534426657   -0.01616987264   -0.006730537864  0.01629286923    0.01220559269    -0.01033687975   0.009415171861   0.005992469977   -0.008766781891  -0.002225348854  0.01147618139    0.009672706355   -0.01302505754   -0.02443065498   -0.00718313745   0.003174194889   -0.05400256198   0.0003244230699  0.0003138553753  0.001030961637   0.001069414445   0.01922965627   
0.01060443206    -0.06160391275   -0.0020261869    -0.06996483457   -0.01371363817   -0.01376489464   -0.0288897334    0.292010112      0.0003324196999  -0.04317193062   0.002134487471   -0.01359949413   -0.001160596686  0.00964292962    0.002023426944   -0.004704821001  -0.002501875088  -0.004601823101  -0.01877430126   0.004226488201   -0.007296831006  -0.00361148644   -0.01370494537   -0.01733847483   0.01484546017    6.576724832e-05  -0.006199644783  0.002144731866   0.004680287292   -0.001851405565  -0.006788945726  0.01135528125    0.005215324769   -0.004255517786  0.00279309664    0.001421867835   0.01169790452    -0.002862394405  0.006618575985   -0.0002140715417 0.000610830923   -0.00109061141   0.01397344775    -0.001199690758  0.001132305859   0.002192678204   -0.01019654847   -0.00831225147  
-0.003190067919  -0.001054114072  0.002641722354   -0.06139557877   -0.01863262082   0.007400614046   -0.008474153562  0.0003324196999  0.4029759063     -0.05280591303   -0.02026859929   0.0005739381061  -0.0167292291    -0.006657168419  0.0007245725561  -0.07054899262   -0.04277927999   -0.01285834353   -0.05256594135   -0.04059159383   -0.0179323726    0.018118851      0.005206861161   0.0085283805     -0.0002174774494 0.0108057137     0.003098709924   -0.003292900249  -0.004860894465  -0.003755756843  -0.006105228637  0.008185224786   -0.01257128641   -0.00604745928   -0.01603832141   0.007996435787   -0.02152147709   -0.005034538576  0.005622867907   0.001586465619   0.02238052027    0.006349458754   0.01812329923    -0.007426226453  -0.001948245489  -0.01131815492   0.00369135065    0.000878830219  
-0.01361064976   -0.06473296242   -0.05879321936   -0.009094393624  -0.003579238424  0.00156508784    -0.03711604298   -0.04317193062   -0.05280591303   0.5461451422     -0.008001529353  0.01583626883    -0.004337460151  0.00769481793    -0.00736363596   0.004517377027   0.002057261996   0.002384257705   -0.03326553848   -0.0639766661    0.008180529432   -0.008124693605  -0.08224605935   -0.006023918676  0.006834358919   0.01110416355    0.002052617691   0.004728844902   0.0005412967341  0.01302065207    -0.0294643917    0.007757622943   -0.0001930195425 -0.00795189143   -0.006391166418  -0.004052194723  0.01543910719    0.00481279044    -7.661673984e-05 0.005300439329   -0.01069886573   -0.02044648072   0.005856429103   0.007757278105   -0.006318710152  0.02573629053    -0.009451074541  0.004077641391  
-0.06107584282   0.004466946265   -0.0277955569    -0.01257165869   -0.04857783892   0.001297155728   -0.02402488939   0.002134487471   -0.02026859929   -0.008001529353  0.2745625359     -0.005863466488  -0.006282945737  -0.004639581977  -0.008174928319  -0.00482255166   0.002824279942   -0.01301056148   -0.003321764307  -0.008988986459  -0.002986432332  -0.001568257875  0.006191534866   -0.01149320438   0.01822929741    0.004617557723   0.01009795122    -0.006889930586  0.0001087735562  0.0002222100131  0.001343665126   0.002996678875   0.009799636895   -0.009348752764  0.005008467582   -0.004879843007  0.00364738907    0.001601320303   -0.006055864454  -0.01571953468   6.569200488e-05  0.004836875126   -0.01017063756   0.005331691102   0.008231927472   -0.0003558890572 -0.007946411094  -0.002442290485 
-0.04314388384   -0.03009483879   -0.003021027397  -0.002168330453  -0.004935990145  0.0003152639579  -0.06222890345   -0.01359949413   0.0005739381061  0.01583626883    -0.005863466488  0.4014990176     0.0001226808677  0.01177798351    -0.003424223778  0.01516108071    0.001899434005   -0.002405403618  -0.07891805907   -0.03360206513   -0.01139185859   -0.06395540247   -0.04265989755   -0.0180914616    0.01229619586    0.002038795789   0.004896620001   -0.001867148339  -0.007236539006  0.0004334169179  -0.009872966861  0.002303460318   0.0073134655     0.006947506956   -4.55892228e-05  -0.001282451441  0.01404773717    -0.01554992147   0.007394174808   0.002267151743   0.002701493118   -0.009588286343  0.005639520431   -0.002525341588  -0.001126914433  0.008174197817   -0.01503102056   -0.005752893336 
0.012201746      -0.01013626174   -0.07402727889   -0.004038374377  -0.02758180613   -0.07916932639   0.002599321075   -0.001160596686  -0.0167292291    -0.004337460151  -0.006282945737  0.0001226808677  0.5431476537     -0.004458104317  -0.004962213338  -0.004802058004  -0.02720430558   -0.03671340318   -0.00209365911   0.02349624056    0.002688034235   -0.04405619034   -0.03897829163   -0.05027416255   -0.016989251     -0.06026684968   0.003069430521   -0.02421262727   0.008529330052   -0.006887504167  -0.007334944258  0.001810160155   -0.01084676976   -0.003041523033  -0.05463825736   -0.005895361651  0.03051288351    -0.001298983672  -0.001095714347  0.002635805724   0.01160855597    -0.004960439558  -0.005016014199  -0.0003723204766 -0.00989253246   0.02017050685    -0.005311029943  0.00361174452   
-0.05963181079   -0.004315762862  -0.04540440797   -0.08488833181   -0.0008460686181 -0.02951114617   -0.01978312842   0.00964292962    -0.006657168419  0.00769481793    -0.004639581977  0.01177798351    -0.004458104317  0.3921978544     -0.0002890336086 -0.01911771802   -0.01233052612   -0.01393771719   0.001010397811   -0.002946672878  -0.01758892629   -0.01713804136   -0.02791554265   -0.0260643063    -0.005612303703  0.005415706821   -0.01242877443   0.01102253994    -0.00540604132   -0.002422476672  0.0008024924518  -0.001361813799  0.0009251213506  -2.203648453e-05 -0.002972034592  -0.003522404236  0.01310485365    -0.005768156481  0.01065204741    0.003048757983   -0.003368224703  -0.005240507111  -0.00622300206   0.004655949126   -0.007275639691  0.009169986398   -0.006837430162  -0.01095914142  
0.002726517734   -0.005078626274  0.005275222106   -0.005823017666  -0.008269445719  -0.008691714697  0.01458696892    0.002023426944   0.0007245725561  -0.00736363596   -0.008174928319  -0.003424223778  -0.004962213338  -0.0002890336086 0.395595148      -0.03723830593   -0.01681251924   0.006000518636   -0.01191607057   -0.01303933403   -0.006601459632  -0.03227083262   -0.01738276767   0.004322815636   -0.0940052456    -0.03774716431   -0.004201428791  -0.008539104359  0.0144090724     0.01105538688    -0.001438237457  0.005570763989   0.007674909136   -0.08106715145   -0.04978161102   -0.00425255552   -0.01579243354   0.004093123752   -0.006614206002  0.006824858829   -0.009278407663  0.001673017324   0.02114520915    -0.009466994846  0.0002171330114  0.003556744414   0.006204226774   0.006245257196  
-0.00330390442   -0.006680414958  -0.009810255823  -0.01435837907   -0.006948155322  -0.0699909644    -0.01466080704   -0.004704821001  -0.07054899262   0.004517377027   -0.00482255166   0.01516108071    -0.004802058004  -0.01911771802   -0.03723830593   0.5350245449     -0.001214207511  0.009135781076   -0.03924460847   -0.01785055333   -0.04169347264   -0.01783204323   0.004022125087   -0.008010620285  -0.014877406     -0.07525518922   0.0007844151563  -0.02260813849   -0.05561430949   0.01204896161    -0.01616290263   -0.01082715888   0.006388333674   0.003812664151   0.008260657384   0.02142882743    0.02289569517    -0.01139697332   -0.006975767572  -0.01779191726   -0.002042721134  -0.01557854291   -0.0137340446    0.01256666569    0.003581547422   0.00640264922    0.004612819204   -0.01012446965  
-0.002020156405  -0.01222225045   -0.01257125291   -0.08238047708   0.005528591792   -0.03397417552   -0.08791439921   -0.002501875088  -0.04277927999   0.002057261996   0.002824279942   0.001899434005   -0.02720430558   -0.01233052612   -0.01681251924   -0.001214207511  0.395611853      0.003996921029   -0.02719791065   -0.0224484841    -0.01273031421   0.007212593728   0.002304987014   -0.0004977645968 -0.002420170461  0.0007663257993  0.001088686292   0.0002787066301  0.004528136678   -0.004116643299  -0.007608118681  -0.002721085271  -0.007984693471  -0.008525198178  0.002346866903   -0.008948170326  -0.002361835911  -0.008972517326  0.003120774974   0.003183731248   -0.004943162112  0.001543979662   -0.000973137631  0.009075395075   0.004407560584   4.843767172e-05  0.003760854955   -0.005906318942 
-0.002329762347  -0.003879843999  -0.007142976079  0.00520882105    0.007971944415   -0.008567656583  -0.01034495295   -0.004601823101  -0.01285834353   0.002384257705   -0.01301056148   -0.002405403618  -0.03671340318   -0.01393771719   0.006000518636   0.009135781076   0.003996921029   0.3863400246     -0.04250540545   -0.01521110932   -0.0115187562    0.003499464105   -0.003470367965  0.0003163720403  -0.06780896723   -0.04079256176   -0.01410069781   -0.0593432073    -0.03721241381   -0.00836538248   0.00551852554    -0.001324836318  -0.002127447068  -0.01859251254   0.0009239366347  0.002955712584   -0.004338908694  -0.0006311602774 -0.01262781405   0.01185838326    -0.007792886785  -0.007614630218  0.001514502914   0.01155694862    -0.002396377657  -0.001905000552  0.005882242702   0.001686143097  
-0.008416053649  -0.0001707991413 0.001050433744   0.007333190245   -0.004928841071  0.00752962666    -0.006607741722  -0.01877430126   -0.05256594135   -0.03326553848   -0.003321764307  -0.07891805907   -0.00209365911   0.001010397811   -0.01191607057   -0.03924460847   -0.02719791065   -0.04250540545   0.5398509461     -0.002721274229  -0.002934791554  -0.01583336658   -0.02542842787   -0.02217515219   0.001550988528   -0.005323252509  -0.009338389664  -0.004476177764  -0.06976862135   -0.01453980148   -0.01880008611   -0.07839688778   -0.01306836427   0.01303597282    0.008398921142   -0.006958323764  0.003992951202   -0.006697477189  0.01423985837    0.005828475375   0.0006680032529  -0.0006780678927 -0.01546792811   0.00846389034    -0.006895799696  0.002483624659   0.01175817522    0.005582706247  
0.008630414556   0.007305823414   -0.008140048094  -0.006788004363  0.007236646463   -0.003867652743  -0.08486831973   0.004226488201   -0.04059159383   -0.0639766661    -0.008988986459  -0.03360206513   0.02349624056    -0.002946672878  -0.01303933403   -0.01785055333   -0.0224484841    -0.01521110932   -0.002721274229  0.3951948707     0.001998448288   -0.03472533657   -0.0231499575    -0.02440964452   0.002501232298   -0.003851017109  -0.01995486329   -0.01600490207   -0.000973482123  -0.009881050034  -0.007707528892  0.002709990539   -0.01828025801   0.010289789      -0.0008588763586 0.003226795497   0.0182850073     0.01070816651    -0.001602390855  0.01181445726    0.001419958376   -0.005119414316  0.01183138661    -0.003447614728  -0.008585575329  0.007607488415   0.001653177119   -0.008817516834 
0.005463329136   -0.007442944333  0.005513006828   0.008885792662   -0.001539671488  -0.008541241375  0.01563608886    -0.007296831006  -0.0179323726    0.008180529432   -0.002986432332  -0.01139185859   0.002688034235   -0.01758892629   -0.006601459632  -0.04169347264   -0.01273031421   -0.0115187562    -0.002934791554  0.001998448288   0.3957293997     -0.05421152882   -0.002076079066  -0.0009734623847 0.01750200392    -0.005868938879  -0.0003190381486 -0.06638627868   -0.03399710797   -0.00512896877   -0.06369059149   -0.03697572583   -0.005293574901  0.00964549266    -0.002363336968  0.0008530564816  0.00601618319    0.002165396576   -0.005616018938  -0.006936217135  -0.006930110437  0.002494261826   -0.009628856847  -0.01585522977   0.0008296675741  0.008105444181   -0.01088863621   0.00258623291   
-0.01617309879   -0.00934696282   -0.0770146956    -0.02319363573   0.0139570594     0.003172607344   -0.01295605625   -0.00361148644   0.018118851      -0.008124693605  -0.001568257875  -0.06395540247   -0.04405619034   -0.01713804136   -0.03227083262   -0.01783204323   0.007212593728   0.003499464105   -0.01583336658   -0.03472533657   -0.05421152882   0.5397653028     0.004349841147   -0.007452166829  0.005593688542   0.01472613112    -0.005977779839  0.0008440115741  -0.006555094009  -0.009260005862  6.979357087e-05  -0.04749598312   -0.005726116317  -0.02843021297   -0.07326098445   -0.003670463355  -0.01216071761   0.002288225838   -0.005064887041  0.02491673457    -0.003462463554  0.0004228268442  0.001398510835   0.006997749772   0.0005900541528  -0.02170598813   0.0003156261707  0.004385998193  
-0.07707076404   0.009311671754   -0.03879465731   0.001458953031   0.0003796999563  -0.007017039825  0.008488231499   -0.01370494537   0.005206861161   -0.08224605935   0.006191534866   -0.04265989755   -0.03897829163   -0.02791554265   -0.01738276767   0.004022125087   0.002304987014   -0.003470367965  -0.02542842787   -0.0231499575    -0.002076079066  0.004349841147   0.3951038175     0.01123083373    -0.001171384816  -0.003980778119  -0.001982626503  -0.004326230081  -0.0008175517204 0.002558318061   -0.008882419903  -0.002737098969  -0.01068343508   -0.01485232285   -0.004995484834  -0.004077309633  -0.01166640192   0.001563420118   -0.004020870917  -0.01700596628   0.0007891499262  0.001863981625   0.006889030681   0.001187973893   0.009319687912   -0.003126478388  0.01281144157    0.004067688452  
0.0009224624618  0.002197548234   0.002579569615   0.01069794861    -0.001246063383  0.0004865681223  0.003398796783   -0.01733847483   0.0085283805     -0.006023918676  -0.01149320438   -0.0180914616    -0.05027416255   -0.0260643063    0.004322815636   -0.008010620285  -0.0004977645968 0.0003163720403  -0.02217515219   -0.02440964452   -0.0009734623847 -0.007452166829  0.01123083373    0.3834626828     -0.02692700625   -0.001099222129  -0.0004410594833 0.007019792921   0.0007743732192  0.002508689908   -0.06836994746   -0.03974578045   -0.01870665602   -0.05832401473   -0.03708658736   -0.009644978267  -0.02246668515   0.002350173791   0.001280083592   0.0009985476556  0.004590625616   0.0002009983253  0.01009931441    -0.002204061854  0.008015519296   -0.00810017672   0.01643376311    0.007229512205  
-0.01129952755   -0.01123804565   -0.0130903522    -0.006786336429  0.002165017155   0.00335348805    -0.01783877879   0.01484546017    -0.0002174774494 0.006834358919   0.01822929741    0.01229619586    -0.016989251     -0.005612303703  -0.0940052456    -0.014877406     -0.002420170461  -0.06780896723   0.001550988528   0.002501232298   0.01750200392    0.005593688542   -0.001171384816  -0.02692700625   0.5464292206     0.00410282767    -0.006139936149  -0.001017856903  -0.0555988723    -0.04440956834   0.006642583159   -0.002144026809  0.01241651081    0.009744205285   -0.01469179408   -0.03854196394   0.01492927453    -0.07226404663   0.0005314019808  -0.005204380708  -0.004454148131  0.004795373393   -0.01921498074   0.001779854462   0.002148674685   -0.02222437589   -0.09600691294   -0.02004085225  
-0.00916354147   0.00118056473    -0.007938420523  -0.01305498606   -0.003649234943  0.002914042816   0.008196297981   6.576724832e-05  0.0108057137     0.01110416355    0.004617557723   0.002038795789   -0.06026684968   0.005415706821   -0.03774716431   -0.07525518922   0.0007663257993  -0.04079256176   -0.005323252509  -0.003851017109  -0.005868938879  0.01472613112    -0.003980778119  -0.001099222129  0.00410282767    0.3913471104     0.009782711843   -0.04202117693   -0.02631371841   -0.01193734089   0.001732907834   0.00973386049    -0.01172491612   -0.03525769782   -0.02693098601   -0.02341343594   -0.01911506711   0.006089642682   -0.004493634918  0.006318549445   0.008198161948   0.00377977553    0.0112669057     -0.00456824427   -0.00167606066   -0.008824275811  -0.0143483758    -0.00729433927  
-0.01243455721   -0.004063188236  0.01002074748    0.002627781917   -0.008107004072  -0.008506921312  0.005534426657   -0.006199644783  0.003098709924   0.002052617691   0.01009795122    0.004896620001   0.003069430521   -0.01242877443   -0.004201428791  0.0007844151563  0.001088686292   -0.01410069781   -0.009338389664  -0.01995486329   -0.0003190381486 -0.005977779839  -0.001982626503  -0.0004410594833 -0.006139936149  0.009782711843   0.398666249      -0.05201800917   -0.005137803213  0.006869806478   -0.001577592428  0.003953550066   0.007245029742   -0.03883974426   -0.02164415548   0.007541794376   -0.06867679259   -0.04403261932   -0.01559360968   -0.007654907968  0.006128004629   0.007306275629   -0.005604275646  -0.01041912484   0.004121770759   -0.05990583434   -0.04984956827   -0.01131813322  
0.005534432378   0.001067164155   -0.0007703248273 -0.004605203423  0.001770763069   0.01061928874    -0.01616987264   0.002144731866   -0.003292900249  0.004728844902   -0.006889930586  -0.001867148339  -0.02421262727   0.01102253994    -0.008539104359  -0.02260813849   0.0002787066301  -0.0593432073    -0.004476177764  -0.01600490207   -0.06638627868   0.0008440115741  -0.004326230081  0.007019792921   -0.001017856903  -0.04202117693   -0.05201800917   0.540256868      -0.01297036089   0.002784090137   -0.009952727419  -0.0380991123    -0.02820105545   0.002023850655   0.01735570186    -0.01678515655   -0.02733500495   -0.06311650147   0.01796264296    -0.02983180401   -0.07140707683   -0.002697129065  -0.01311810678   0.01429648482    -0.006065352795  -0.0001724057753 0.008286645847   -0.001648449296 
0.001526460843   -0.002068812285  0.01356532647    -0.008211760801  -0.00550151281   0.003251788181   -0.006730537864  0.004680287292   -0.004860894465  0.0005412967341  0.0001087735562  -0.007236539006  0.008529330052   -0.00540604132   0.0144090724     -0.05561430949   0.004528136678   -0.03721241381   -0.06976862135   -0.000973482123  -0.03399710797   -0.006555094009  -0.0008175517204 0.0007743732192  -0.0555988723    -0.02631371841   -0.005137803213  -0.01297036089   0.3916646291     -0.003552702847  -0.02511617734   -0.01690633716   -0.01738513205   -0.01474670837   -0.01437864636   0.002449006288   -0.02061711055   0.008645222348   -0.00702394779   -0.01312956923   0.001318422747   0.002730636776   0.008147473128   -0.008853546423  0.00860393697    -0.001608464761  0.01039874039    0.007280421618  
-0.004199401434  -0.001162131272  0.009531362721   -0.008840062413  -0.002007717688  -0.01706547563   0.01629286923    -0.001851405565  -0.003755756843  0.01302065207    0.0002222100131  0.0004334169179  -0.006887504167  -0.002422476672  0.01105538688    0.01204896161    -0.004116643299  -0.00836538248   -0.01453980148   -0.009881050034  -0.00512896877   -0.009260005862  0.002558318061   0.002508689908   -0.04440956834   -0.01193734089   0.006869806478   0.002784090137   -0.003552702847  0.3997646026     -0.05823920748   -0.009306666231  -0.0005151186988 -0.01065148117   -0.008439283851  0.006286579881   -0.07673522735   -0.03204092133   -0.01395190156   -0.07841413865   -0.04268759753   -0.01953301784   0.004600181002   0.00930851966    -0.0006808486439 0.01817946662    7.726585441e-05  -0.0002980916549
-0.01756788915   0.01528617909    0.005572771368   0.01450911273    0.006654936434   0.002016528204   0.01220559269    -0.006788945726  -0.006105228637  -0.0294643917    0.001343665126   -0.009872966861  -0.007334944258  0.0008024924518  -0.001438237457  -0.01616290263   -0.007608118681  0.00551852554    -0.01880008611   -0.007707528892  -0.06369059149   6.979357087e-05  -0.008882419903  -0.06836994746   0.006642583159   0.001732907834   -0.001577592428  -0.009952727419  -0.02511617734   -0.05823920748   0.5407276042     0.003745778204   0.003077041509   -0.01297775457   -0.03419425719   -0.04741053048   -0.01245599021   0.003308973209   -0.008949063028  -0.01223083416   -0.0557768207    0.002407853053   -0.01328633368   -0.07465011295   -0.001582448598  -0.01053613184   -0.007230632519  -0.002513713819 
0.009505145579   -0.001533486236  -0.01387188895   -0.006698466815  -0.004610080529  -0.004766245274  -0.01033687975   0.01135528125    0.008185224786   0.007757622943   0.002996678875   0.002303460318   0.001810160155   -0.001361813799  0.005570763989   -0.01082715888   -0.002721085271  -0.001324836318  -0.07839688778   0.002709990539   -0.03697572583   -0.04749598312   -0.002737098969  -0.03974578045   -0.002144026809  0.00973386049    0.003953550066   -0.0380991123    -0.01690633716   -0.009306666231  0.003745778204   0.3900030214     -0.004406107122  -0.0484428391    -0.03311640579   -0.02154134344   -0.0273584299    0.005860532758   -0.001454413962  -0.004116053277  0.0116826294     -0.00551308902   0.02669488723    -0.01051999698   0.0009614478939  -0.004076046317  -0.005819862149  0.002468501429  
-0.009417130344  -0.002218473599  0.0106773583     0.01264250173    -0.006479012826  0.001337002597   0.009415171861   0.005215324769   -0.01257128641   -0.0001930195425 0.009799636895   0.0073134655     -0.01084676976   0.0009251213506  0.007674909136   0.006388333674   -0.007984693471  -0.002127447068  -0.01306836427   -0.01828025801   -0.005293574901  -0.005726116317  -0.01068343508   -0.01870665602   0.01241651081    -0.01172491612   0.007245029742   -0.02820105545   -0.01738513205   -0.0005151186988 0.003077041509   -0.004406107122  0.4003985883     -0.03436790228   -0.00677328672   0.003208939725   0.01384442567    -0.005059646235  0.0004492339119  -0.06866949492   -0.05302221581   -0.007738415832  -0.07753450336   -0.03439918099   -0.003863133876  -0.01463189393   -0.0172967793    0.0003655647766 
-0.01748876484   -0.002945065307  0.002564270944   -0.003417553467  0.01731341142    0.008976672873   0.005992469977   -0.004255517786  -0.00604745928   -0.00795189143   -0.009348752764  0.006947506956   -0.003041523033  -2.203648453e-05 -0.08106715145   0.003812664151   -0.008525198178  -0.01859251254   0.01303597282    0.010289789      0.00964549266    -0.02843021297   -0.01485232285   -0.05832401473   0.009744205285   -0.03525769782   -0.03883974426   0.002023850655   -0.01474670837   -0.01065148117   -0.01297775457   -0.0484428391    -0.03436790228   0.5423664621     0.01097679499    0.007063886958   0.03859550562    -0.01159538295   0.009438934409   -0.001973281927  -0.01095584802   0.01581624028    -0.05372623641   -0.05728699119   -0.01278996501   -0.03121626907   -0.07742084949   -0.01694303367  
-0.01115478668   0.004036511034   -0.005306140448  0.01839165262    0.0009216801202  0.01463576996    -0.008766781891  0.00279309664    -0.01603832141   -0.006391166418  0.005008467582   -4.55892228e-05  -0.05463825736   -0.002972034592  -0.04978161102   0.008260657384   0.002346866903   0.0009239366347  0.008398921142   -0.0008588763586 -0.002363336968  -0.07326098445   -0.004995484834  -0.03708658736   -0.01469179408   -0.02693098601   -0.02164415548   0.01735570186    -0.01437864636   -0.008439283851  -0.03419425719   -0.03311640579   -0.00677328672   0.01097679499    0.3912672056     -0.002850665895  0.01398373136    -0.005434096071  0.006861287283   -0.004405369142  -0.008078461853  8.379752649e-05  -0.02739811581   0.01266962723    -0.003965678755  -0.02004916589   0.0006376304809  -0.01026892829  
-0.005706575873  0.0008692683679  0.008994420754   -0.006679370023  0.003337393521   -0.01259956227   -0.002225348854  0.001421867835   0.007996435787   -0.004052194723  -0.004879843007  -0.001282451441  -0.005895361651  -0.003522404236  -0.00425255552   0.02142882743    -0.008948170326  0.002955712584   -0.006958323764  0.003226795497   0.0008530564816  -0.003670463355  -0.004077309633  -0.009644978267  -0.03854196394   -0.02341343594   0.007541794376   -0.01678515655   0.002449006288   0.006286579881   -0.04741053048   -0.02154134344   0.003208939725   0.007063886958   -0.002850665895  0.3974164979     0.004315908111   -0.001868743228  -0.003777585646  -0.000423233631  0.0006272163785  0.002774892449   -0.05824214666   -0.04007208793   -0.01541955021   -0.07371177144   -0.04235847913   -0.01966847606  
-0.002032569984  -0.003749176143  -0.01540671503   -0.007635423992  -0.004006831573  -0.001827356081  0.01147618139    0.01169790452    -0.02152147709   0.01543910719    0.00364738907    0.01404773717    0.03051288351    0.01310485365    -0.01579243354   0.02289569517    -0.002361835911  -0.004338908694  0.003992951202   0.0182850073     0.00601618319    -0.01216071761   -0.01166640192   -0.02246668515   0.01492927453    -0.01911506711   -0.06867679259   -0.02733500495   -0.02061711055   -0.07673522735   -0.01245599021   -0.0273584299    0.01384442567    0.03859550562    0.01398373136    0.004315908111   0.5627133262     -0.02162030267   -0.009192757695  0.004121577949   -0.06154623937   -0.07171837794   -0.07430450505   0.01795418881    -0.008785561778  -0.003526046652  -0.06145852494   -0.06286898381  
-0.001353756877  0.007557546595   0.005608140508   0.001597327312   0.0006481987372  0.003067955278   0.009672706355   -0.002862394405  -0.005034538576  0.00481279044    0.001601320303   -0.01554992147   -0.001298983672  -0.005768156481  0.004093123752   -0.01139697332   -0.008972517326  -0.0006311602774 -0.006697477189  0.01070816651    0.002165396576   0.002288225838   0.001563420118   0.002350173791   -0.07226404663   0.006089642682   -0.04403261932   -0.06311650147   0.008645222348   -0.03204092133   0.003308973209   0.005860532758   -0.005059646235  -0.01159538295   -0.005434096071  -0.001868743228  -0.02162030267   0.3698699541     -0.00627916505   -0.04715846667   -0.02035728891   0.0002833615543  0.008938164914   -0.01070798212   -0.00715060143   -0.04363277683   -0.007508000243  -0.002650933312 
0.003849621247   -0.007345585304  0.001719614665   -0.006960319539  -0.006137761811  0.003060529235   -0.01302505754   0.006618575985   0.005622867907   -7.661673984e-05 -0.006055864454  0.007394174808   -0.001095714347  0.01065204741    -0.006614206002  -0.006975767572  0.003120774974   -0.01262781405   0.01423985837    -0.001602390855  -0.005616018938  -0.005064887041  -0.004020870917  0.001280083592   0.0005314019808  -0.004493634918  -0.01559360968   0.01796264296    -0.00702394779   -0.01395190156   -0.008949063028  -0.001454413962  0.0004492339119  0.009438934409   0.006861287283   -0.003777585646  -0.009192757695  -0.00627916505   0.2767750921     -0.07269809638   -0.003457518543  -0.002405479581  -0.01852269885   0.004395045935   -0.02327268735   -0.06331490433   -0.001936633313  -0.004984913381 
0.02733429927    -0.01097169625   -0.01799930687   0.006933752703   0.01628815753    0.003651580554   -0.02443065498   -0.0002140715417 0.001586465619   0.005300439329   -0.01571953468   0.002267151743   0.002635805724   0.003048757983   0.006824858829   -0.01779191726   0.003183731248   0.01185838326    0.005828475375   0.01181445726    -0.006936217135  0.02491673457    -0.01700596628   0.0009985476556  -0.005204380708  0.006318549445   -0.007654907968  -0.02983180401   -0.01312956923   -0.07841413865   -0.01223083416   -0.004116053277  -0.06866949492   -0.001973281927  -0.004405369142  -0.000423233631  0.004121577949   -0.04715846667   -0.07269809638   0.5546097154     -0.003615445922  -0.01466570279   0.02816200745    -0.05887626892   -0.07321492389   -0.03884870224   -0.01050871856   -0.02075609517  
0.01233227633    0.002033972988   -0.0004521829307 0.0007861494137  -0.01014898136   -0.004885497947  -0.00718313745   0.000610830923   0.02238052027    -0.01069886573   6.569200488e-05  0.002701493118   0.01160855597    -0.003368224703  -0.009278407663  -0.002042721134  -0.004943162112  -0.007792886785  0.0006680032529  0.001419958376   -0.006930110437  -0.003462463554  0.0007891499262  0.004590625616   -0.004454148131  0.008198161948   0.006128004629   -0.07140707683   0.001318422747   -0.04268759753   -0.0557768207    0.0116826294     -0.05302221581   -0.01095584802   -0.008078461853  0.0006272163785  -0.06154623937   -0.02035728891   -0.003457518543  -0.003615445922  0.3727332144     0.001029390468   -0.02483524694   -0.02743628105   -0.006677510359  0.005523349346   0.002806535917   -1.297900354e-05
-0.01221138844   0.002525127866   0.01077993893    -0.009948533548  0.005709652491   0.01420940992    0.003174194889   -0.00109061141   0.006349458754   -0.02044648072   0.004836875126   -0.009588286343  -0.004960439558  -0.005240507111  0.001673017324   -0.01557854291   0.001543979662   -0.007614630218  -0.0006780678927 -0.005119414316  0.002494261826   0.0004228268442  0.001863981625   0.0002009983253  0.004795373393   0.00377977553    0.007306275629   -0.002697129065  0.002730636776   -0.01953301784   0.002407853053   -0.00551308902   -0.007738415832  0.01581624028    8.379752649e-05  0.002774892449   -0.07171837794   0.0002833615543  -0.002405479581  -0.01466570279   0.001029390468   0.2898101123     -0.07246418696   -0.01583225862   -0.003989365004  -0.03360728207   -0.009810778153  -0.02428133999  
0.01244398798    0.001557729776   -0.003599470885  0.00491607963    -0.009268012197  0.004524380057   -0.05400256198   0.01397344775    0.01812329923    0.005856429103   -0.01017063756   0.005639520431   -0.005016014199  -0.00622300206   0.02114520915    -0.0137340446    -0.000973137631  0.001514502914   -0.01546792811   0.01183138661    -0.009628856847  0.001398510835   0.006889030681   0.01009931441    -0.01921498074   0.0112669057     -0.005604275646  -0.01311810678   0.008147473128   0.004600181002   -0.01328633368   0.02669488723    -0.07753450336   -0.05372623641   -0.02739811581   -0.05824214666   -0.07430450505   0.008938164914   -0.01852269885   0.02816200745    -0.02483524694   -0.07246418696   0.5632503414     -0.02403589353   -0.01289473458   0.01930212483    -0.03229646377   -0.0700550987   
-0.01447850791   0.0008206993038  -0.01494501982   -0.00962656469   0.001703543903   0.00417705135    0.0003244230699  -0.001199690758  -0.007426226453  0.007757278105   0.005331691102   -0.002525341588  -0.0003723204766 0.004655949126   -0.009466994846  0.01256666569    0.009075395075   0.01155694862    0.00846389034    -0.003447614728  -0.01585522977   0.006997749772   0.001187973893   -0.002204061854  0.001779854462   -0.00456824427   -0.01041912484   0.01429648482    -0.008853546423  0.00930851966    -0.07465011295   -0.01051999698   -0.03439918099   -0.05728699119   0.01266962723    -0.04007208793   0.01795418881    -0.01070798212   0.004395045935   -0.05887626892   -0.02743628105   -0.01583225862   -0.02403589353   0.3710843981     0.001982154471   -0.03884712687   -0.00752118698   -0.001665142913 
-0.01101800477   0.00166757205    0.001243690287   0.008149141106   -0.003891494613  0.004485310893   0.0003138553753  0.001132305859   -0.001948245489  -0.006318710152  0.008231927472   -0.001126914433  -0.00989253246   -0.007275639691  0.0002171330114  0.003581547422   0.004407560584   -0.002396377657  -0.006895799696  -0.008585575329  0.0008296675741  0.0005900541528  0.009319687912   0.008015519296   0.002148674685   -0.00167606066   0.004121770759   -0.006065352795  0.00860393697    -0.0006808486439 -0.001582448598  0.0009614478939  -0.003863133876  -0.01278996501   -0.003965678755  -0.01541955021   -0.008785561778  -0.00715060143   -0.02327268735   -0.07321492389   -0.006677510359  -0.003989365004  -0.01289473458   0.001982154471   0.2806688859     -0.07103820268   -0.006012475142  0.002878204154  
0.01768425674    0.00587853672    -0.001453626914  -0.007084337737  -0.01860544939   -0.01575678343   0.001030961637   0.002192678204   -0.01131815492   0.02573629053    -0.0003558890572 0.008174197817   0.02017050685    0.009169986398   0.003556744414   0.00640264922    4.843767172e-05  -0.001905000552  0.002483624659   0.007607488415   0.008105444181   -0.02170598813   -0.003126478388  -0.00810017672   -0.02222437589   -0.008824275811  -0.05990583434   -0.0001724057753 -0.001608464761  0.01817946662    -0.01053613184   -0.004076046317  -0.01463189393   -0.03121626907   -0.02004916589   -0.07371177144   -0.003526046652  -0.04363277683   -0.06331490433   -0.03884870224   0.005523349346   -0.03360728207   0.01930212483    -0.03884712687   -0.07103820268   0.5486775674     0.00297351683    -0.009048501194 
0.01381207222    0.004592357312   0.001675271232   0.000848316533   0.0006302494831  -0.000232001827  0.001069414445   -0.01019654847   0.00369135065    -0.009451074541  -0.007946411094  -0.01503102056   -0.005311029943  -0.006837430162  0.006204226774   0.004612819204   0.003760854955   0.005882242702   0.01175817522    0.001653177119   -0.01088863621   0.0003156261707  0.01281144157    0.01643376311    -0.09600691294   -0.0143483758    -0.04984956827   0.008286645847   0.01039874039    7.726585441e-05  -0.007230632519  -0.005819862149  -0.0172967793    -0.07742084949   0.0006376304809  -0.04235847913   -0.06145852494   -0.007508000243  -0.001936633313  -0.01050871856   0.002806535917   -0.009810778153  -0.03229646377   -0.00752118698   -0.006012475142  0.00297351683    0.3850858964     0.01204595216   
0.006266568514   -0.003085372683  -0.002720922477  0.01314602532    -0.00387100088   -0.00413489405   0.01922965627    -0.00831225147   0.000878830219   0.004077641391   -0.002442290485  -0.005752893336  0.00361174452    -0.01095914142   0.006245257196   -0.01012446965   -0.005906318942  0.001686143097   0.005582706247   -0.008817516834  0.00258623291    0.004385998193   0.004067688452   0.007229512205   -0.02004085225   -0.00729433927   -0.01131813322   -0.001648449296  0.007280421618   -0.0002980916549 -0.002513713819  0.002468501429   0.0003655647766  -0.01694303367   -0.01026892829   -0.01966847606   -0.06286898381   -0.002650933312  -0.004984913381  -0.02075609517   -1.297900354e-05 -0.02428133999   -0.0700550987    -0.001665142913  0.002878204154   -0.009048501194  0.01204595216    0.2780398652    
