<Sz_i Sz_j >                                      
0.484017556      -0.0001066847878 -0.01771067565   0.01206310476    -0.001419641505  -0.03198441186   0.0104464261     -0.001538667461  -0.03222064109   -0.002968490031  -0.08037657256   -0.0041248233    -0.04286285776   0.001668323165   -0.01211524167   -0.003040052572  -0.07821303689   -0.005560369657  0.0007037241432  0.000126958858   -0.0004721450561 0.003292891285   0.000938853648   -0.0003140601701 -0.01261975307   0.00103958763    -0.007513900929  -0.002740232435  0.001020574378   -0.0003666638717 -0.002010150042  -0.0001355469198 0.0002190104568  -0.0005254196065 0.0006010190994  -0.0001670240606
-0.0001066847878 0.01203529545    -8.040197192e-06 -0.001382450206  -1.996979063e-05 -0.0005553669434 -0.001383951625  -1.761755111e-05 -0.0005284511    -0.001341245527  -0.0002663396673 4.064302584e-05  -4.140915585e-05 -0.001236338921  -3.991908146e-06 -0.001349673445  -0.0002793079974 1.613307946e-06  -6.470057643e-05 -0.0001245214887 -3.313739162e-05 8.712890832e-05  -9.618780635e-05 3.257431589e-06  -1.694827598e-06 -0.0005794415226 4.384523816e-06  -0.0001098304174 -0.0002348760807 3.04710038e-05   -0.0002018401828 -3.316083578e-06 1.621028021e-05  -0.0001768115969 3.015630622e-05  -5.400740947e-05
-0.01771067565   -8.040197192e-06 0.3398550435     -0.03414533704   -0.0006327476978 -0.001941674269  -0.03356965469   -0.0006097521315 -0.0002765576583 -0.06938413926   -0.03935089313   -0.007374277643  0.001198826235   0.001666859233   0.0005880911234  -0.07389951733   -0.0398461219    -0.008640314462  -0.001736193532  -0.001512650141  -0.0008740846197 2.399913814e-05  0.0001251762021  -0.0006059633918 0.000459789459   0.00109020385    -0.0008169110539 1.437206117e-05  -0.0001963874118 -3.474293529e-05 -0.001531543053  0.0001938495203  0.000448841764   0.000751681383   0.001370436996   0.0004375969391 
0.01206310476    -0.001382450206  -0.03414533704   0.4815849064     -9.606411861e-05 -0.01628788492   0.0125332022     -0.001431730821  -0.03425226588   -0.004541202665  -0.07904961294   -0.004009566243  -0.001582039624  -0.07894918158   -0.002888076586  -0.04256662608   0.001656579349   -0.009411533563  -0.01450520075   6.984234961e-05  -0.007812945232  -0.00250583662   0.0001470547403  -0.001292174615  -0.0001549657992 0.001672912549   0.0005156228844  0.003193401122   0.0005197423681  -0.000581570402  -0.004379560134  0.0007630392735  0.0003155859963  0.0009089233305  -0.0008036685321 -0.0002301982969
-0.001419641505  -1.996979063e-05 -0.0006327476978 -9.606411861e-05 0.01173921358    4.677917414e-05  -0.00129489155   -2.212480972e-05 -0.0005960878821 -0.001233060649  -0.0002525247977 6.61877706e-05   -0.001370574881  -0.0002678554088 3.88811679e-05   -4.831872176e-05 -0.001222119152  2.094027607e-05  -7.031322994e-05 -0.0006702934371 4.531863184e-05  -4.664435094e-05 -0.0001706599815 -4.814118085e-05 -8.524477993e-05 -0.0001396362866 -5.263003232e-05 -0.0001045150342 -8.179654841e-06 -4.974820361e-05 -3.658688682e-05 -0.0001793414198 2.246471752e-05  -7.86165681e-05  -5.369196832e-06 -1.506081244e-05
-0.03198441186   -0.0005553669434 -0.001941674269  -0.01628788492   4.677917414e-05  0.3393713244     -0.03440258156   -0.0005856743603 -0.001018488864  -0.07127387396   -0.03916666477   -0.00652946873   -0.07036254845   -0.03916973397   -0.00787177527   -0.0001324668589 -0.0002120952374 0.0006219499978  -0.0004184509775 0.00130398763    -0.001409357246  -0.001735267515  -0.000799836248  -0.000104636766  -1.524970498e-05 -0.0007873895965 -0.0005201018343 0.001898119798   0.001191936941   -0.0004048832742 -0.0008380564558 -0.001027434089  -0.0002530921948 0.0005047996588  -7.667486006e-05 -2.192042677e-06
0.0104464261     -0.001383951625  -0.03356965469   0.0125332022     -0.00129489155   -0.03440258156   0.4821150784     -0.0001425706939 -0.01929390429   -0.0438224       0.002009199563   -0.01090371227   -0.003373241339  -0.07991211941   -0.003741471031  -0.001253893215  -0.07888307183   -0.004301374115  0.00345869701    0.00143630153    -0.001550880821  -0.0115552795    -0.0001328799068 -0.0108430419    0.0005493171231  0.001314849591   -0.002391227854  0.0005314937645  -0.0007661902895 0.0001500378085  0.001568493897   0.001458067193   -0.0001906295648 -0.002820796888  0.0001252060317  -0.0005027374018
-0.001538667461  -1.761755111e-05 -0.0006097521315 -0.001431730821  -2.212480972e-05 -0.0005856743603 -0.0001425706939 0.01227024344    -9.359067071e-06 9.632229026e-05  -0.001243109799  6.057607359e-05  -0.001382377636  -0.0003069523799 7.966831446e-05  -0.001340488434  -0.0002475875054 7.279603351e-05  -4.721354806e-05 -0.0002278263717 -5.547309251e-06 -2.07632833e-05  -0.0006608435209 1.741685759e-05  2.83636287e-05   -0.0002190943832 -2.985527286e-05 -0.000205582894  -7.085960032e-05 -1.29801573e-06  -0.0002021109157 -3.966945425e-05 -3.026472899e-05 5.544657153e-05  -0.0001615174362 5.120877556e-06 
-0.03222064109   -0.0005284511    -0.0002765576583 -0.03425226588   -0.0005960878821 -0.001018488864  -0.01929390429   -9.359067071e-06 0.3398230944     0.0002669764827  0.0004031698393  0.001061276247   -0.07186696913   -0.03905750673   -0.006830421795  -0.07336635459   -0.03877569879   -0.009258603481  -0.0006311075864 -0.001069417042  -0.000109053103  0.00144622421    0.001961298894   -4.338371158e-05 -0.0009796509453 -0.001166828448  -0.001104868703  -0.000902239206  0.0004111446327  0.0001204104116  -0.0004603950664 0.000244224191   0.0005227048365  -0.0004158817181 0.0008886590255  -0.0003627555506
-0.002968490031  -0.001341245527  -0.06938413926   -0.004541202665  -0.001233060649  -0.07127387396   -0.0438224       9.632229026e-05  0.0002669764827  0.5439433237     -0.000779271409  0.001741250846   -0.01374199412   -0.01854958839   -0.03857130825   -0.01086733536   -0.01799630295   -0.03710889254   -0.008472688536  -0.0721928583    -0.001858103845  -0.009971984396  0.001105219257   -0.0007319836127 -0.01139943114   -0.07370398072   -0.00195697008   -0.001579279216  -0.0006088536806 -0.0001756971054 0.000596923151   -0.0005127588567 -0.0009331981065 -0.006982145034  -0.0002128219601 -0.001860312753 
-0.08037657256   -0.0002663396673 -0.03935089313   -0.07904961294   -0.0002525247977 -0.03916666477   0.002009199563   -0.001243109799  0.0004031698393  -0.000779271409  0.3850887872     0.0008797559235  -0.01992590717   -0.03131889084   -0.01316266424   -0.01656876715   -0.03086308102   -0.01187571509   -0.006155853252  0.0001584519429  -0.004200672574  7.863176923e-05  -0.002279616277  -0.001665648501  -0.007596806082  -0.0007357411379 -0.004289123756  -0.002861177107  0.000753065971   0.0006983736663  0.0007219401406  -0.000104395435  -0.0001711214984 0.0004145869595  -0.000791367083  0.0001258082887 
-0.0041248233    4.064302584e-05  -0.007374277643  -0.004009566243  6.61877706e-05   -0.00652946873   -0.01090371227   6.057607359e-05  0.001061276247   0.001741250846   0.0008797559235  0.3711181476     -0.03860723275   -0.01458119387   -0.001617753547  -0.03774176467   -0.0148677938    -0.001322416504  -0.0665784933    -0.03866085553   -0.008942985347  0.0003005259062  0.0004062078038  0.001212586916   -0.06637704549   -0.04024831567   -0.009508640348  -0.0009858903962 0.0004041901491  -0.0007197613623 -0.0007383725817 -0.002364506962  -0.0003025668393 -0.0007914121457 0.001714207636   -9.705766919e-05
-0.04286285776   -4.140915585e-05 0.001198826235   -0.001582039624  -0.001370574881  -0.07036254845   -0.003373241339  -0.001382377636  -0.07186696913   -0.01374199412   -0.01992590717   -0.03860723275   0.5439669156     0.001130348182   0.0006761724605  -0.01420215022   -0.01835163951   -0.03772774868   -0.01203361824   -0.07217975052   -0.001479190876  -0.01077051628   -0.07165063835   -0.002564940763  -0.01060574097   0.002300215289   0.000751728025   -0.005403116959  -0.001048911475  -0.001971255901  -0.001737284838  0.0007285444688  -0.0005260763881 -0.000154255146  -0.0003133617975 -0.000677804742 
0.001668323165   -0.001236338921  0.001666859233   -0.07894918158   -0.0002678554088 -0.03916973397   -0.07991211941   -0.0003069523799 -0.03905750673   -0.01854958839   -0.03131889084   -0.01458119387   0.001130348182   0.384392203      0.0006503681351  -0.0186818394    -0.0304852691    -0.01340582574   -0.007312672358  -0.0003380581144 -0.004910749544  -0.008380901149  -2.360879747e-05 -0.002304522253  -0.000430029146  -0.001936511405  -0.001222485305  0.0005527962582  -0.001942240949  -0.0004502847617 -0.001407809942  0.0003179681024  0.0001674100323  0.0003042267098  0.001747035223   0.0005888521883 
-0.01211524167   -3.991908146e-06 0.0005880911234  -0.002888076586  3.88811679e-05   -0.00787177527   -0.003741471031  7.966831446e-05  -0.006830421795  -0.03857130825   -0.01316266424   -0.001617753547  0.0006761724605  0.0006503681351  0.3710693447     -0.03920381997   -0.01407159354   -0.001310576836  -0.06701831314   -0.04045520203   -0.00890576648   -0.06531327675   -0.03898343565   -0.009502893503  -0.001062734619  0.002002779485   0.0002538525569  0.0007176692901  0.0007376690599  -0.001064226632  -0.0005855079392 -0.0003291235122 -0.0003747883841 -0.001026573843  -0.0004874242398 -0.0001744680212
-0.003040052572  -0.001349673445  -0.07389951733   -0.04256662608   -4.831872176e-05 -0.0001324668589 -0.001253893215  -0.001340488434  -0.07336635459   -0.01086733536   -0.01656876715   -0.03774176467   -0.01420215022   -0.0186818394    -0.03920381997   0.5445917943     0.0015819731     0.002201659433   -0.009060783206  0.004493064274   -0.002386149159  -0.0100907401    -0.07277204426   -0.004019066235  -0.01277414522   -0.0743487032    -0.002259561773  -0.0005753160343 0.0006411320993  -0.0001136133261 -0.004959021564  0.0006819263813  -0.002589131753  -0.00196839376   0.0009854799872  -0.0004036374771
-0.07821303689   -0.0002793079974 -0.0398461219    0.001656579349   -0.001222119152  -0.0002120952374 -0.07888307183   -0.0002475875054 -0.03877569879   -0.01799630295   -0.03086308102   -0.0148677938    -0.01835163951   -0.0304852691    -0.01407159354   0.0015819731     0.384269904      0.001394080297   0.0005253450448  -0.001299475458  0.0003443864831  -0.008175214132  -0.001377620783  -0.003123051707  -0.007121933093  0.0003299268583  -0.003723366247  -0.001645762274  0.0001277481883  0.0004388591043  0.001283460817   -0.0003595455094 -0.0007046944327 -0.001245107456  -0.001729800445  -8.637522014e-05
-0.005560369657  1.613307946e-06  -0.008640314462  -0.009411533563  2.094027607e-05  0.0006219499978  -0.004301374115  7.279603351e-05  -0.009258603481  -0.03710889254   -0.01187571509   -0.001322416504  -0.03772774868   -0.01340582574   -0.001310576836  0.002201659433   0.001394080297   0.3716776948     -0.0002124501776 0.001101507517   -0.001201242098  -0.0677630195    -0.03962845862   -0.00906186505   -0.06702920711   -0.03987032102   -0.008826382749  -0.0009972783224 -0.0004405711633 4.62402324e-05   0.0008611509137  0.0001239231003  -0.0003868329483 -0.001256108103  -0.0004879537725 0.0002895602028 
0.0007037241432  -6.470057643e-05 -0.001736193532  -0.01450520075   -7.031322994e-05 -0.0004184509775 0.00345869701    -4.721354806e-05 -0.0006311075864 -0.008472688536  -0.006155853252  -0.0665784933    -0.01203361824   -0.007312672358  -0.06701831314   -0.009060783206  0.0005253450448  -0.0002124501776 0.5436282998     0.0007254239359  0.001114325481   -0.01704716522   -0.02137340752   -0.03781537702   -0.01710662886   -0.02067396036   -0.03921482693   -0.01530795926   -0.06538160635   -0.002575948764  -0.01072071608   0.001145770978   4.095100536e-05  -0.01880480608   -0.06689981184   -0.002724319648 
0.000126958858   -0.0001245214887 -0.001512650141  6.984234961e-05  -0.0006702934371 0.00130398763    0.00143630153    -0.0002278263717 -0.001069417042  -0.0721928583    0.0001584519429  -0.03866085553   -0.07217975052   -0.0003380581144 -0.04045520203   0.004493064274   -0.001299475458  0.001101507517   0.0007254239359  0.3877271868     0.0003025395873  -0.02284676358   -0.03198651342   -0.01635507673   -0.02120714482   -0.0322429636    -0.0153796857    -0.01236575741   -0.0004728378159 -0.001727389859  0.001373047358   3.002203828e-05  0.0005833514177  -0.01032870235   -0.001293434725  -0.002962021594 
-0.0004721450561 -3.313739162e-05 -0.0008740846197 -0.007812945232  4.531863184e-05  -0.001409357246  -0.001550880821  -5.547309251e-06 -0.000109053103  -0.001858103845  -0.004200672574  -0.008942985347  -0.001479190876  -0.004910749544  -0.00890576648   -0.002386149159  0.0003443864831  -0.001201242098  0.001114325481   0.0003025395873  0.3898295253     -0.03810044416   -0.0154717097    0.001146373658   -0.03534806329   -0.01456025785   0.001052675124   -0.06795484073   -0.04220944834   -0.009160469013  -0.003871674427  0.0007742169107  -1.436840478e-05 -0.0675136909    -0.04201251524   -0.009895348276 
0.003292891285   8.712890832e-05  2.399913814e-05  -0.00250583662   -4.664435094e-05 -0.001735267515  -0.0115552795    -2.07632833e-05  0.00144622421    -0.009971984396  7.863176923e-05  0.0003005259062  -0.01077051628   -0.008380901149  -0.06531327675   -0.0100907401    -0.008175214132  -0.0677630195    -0.01704716522   -0.02284676358   -0.03810044416   0.5437548828     0.0008715848411  -0.0001585133182 -0.01577337385   -0.02033802172   -0.03825983195   -0.01745685842   -0.0653638974    -0.002449282008  -0.01891683927   -0.06348398261   -0.001604019879  -0.01327608545   0.001599220381   0.001226435602  
0.000938853648   -9.618780635e-05 0.0001251762021  0.0001470547403  -0.0001706599815 -0.000799836248  -0.0001328799068 -0.0006608435209 0.001961298894   0.001105219257   -0.002279616277  0.0004062078038  -0.07165063835   -2.360879747e-05 -0.03898343565   -0.07277204426   -0.001377620783  -0.03962845862   -0.02137340752   -0.03198651342   -0.0154717097    0.0008715848411  0.386946142      0.001101598195   -0.02096935145   -0.03027733013   -0.01518938823   -0.01332652461   5.332229063e-05  -0.002456155482  -0.01218437197   0.0003644688571  -0.002939428721  0.002349192246   -0.0006593823219 -0.0002709269424
-0.0003140601701 3.257431589e-06  -0.0006059633918 -0.001292174615  -4.814118085e-05 -0.000104636766  -0.0108430419    1.741685759e-05  -4.338371158e-05 -0.0007319836127 -0.001665648501  0.001212586916   -0.002564940763  -0.002304522253  -0.009502893503  -0.004019066235  -0.003123051707  -0.00906186505   -0.03781537702   -0.01635507673   0.001146373658   -0.0001585133182 0.001101598195   0.3913716721     -0.03612584588   -0.01433800633   0.001762831936   -0.06943831565   -0.04243551994   -0.009396498112  -0.06838677514   -0.0428410867    -0.009479451075  -0.003398071031  0.001725593666   0.0001477391046 
-0.01261975307   -1.694827598e-06 0.000459789459   -0.0001549657992 -8.524477993e-05 -1.524970498e-05 0.0005493171231  2.83636287e-05   -0.0009796509453 -0.01139943114   -0.007596806082  -0.06637704549   -0.01060574097   -0.000430029146  -0.001062734619  -0.01277414522   -0.007121933093  -0.06702920711   -0.01710662886   -0.02120714482   -0.03534806329   -0.01577337385   -0.02096935145   -0.03612584588   0.543557406      0.001800970478   0.001128900366   -0.01424006222   0.001211898036   0.0002656513064  -0.01865362286   -0.06580036428   -0.001486481352  -0.01722132818   -0.06547150673   -0.00243970432  
0.00103958763    -0.0005794415226 0.00109020385    0.001672912549   -0.0001396362866 -0.0007873895965 0.001314849591   -0.0002190943832 -0.001166828448  -0.07370398072   -0.0007357411379 -0.04024831567   0.002300215289   -0.001936511405  0.002002779485   -0.0743487032    0.0003299268583  -0.03987032102   -0.02067396036   -0.0322429636    -0.01456025785   -0.02033802172   -0.03027733013   -0.01433800633   0.001800970478   0.3880889631     -0.0005697921586 0.0003090081331  -0.00169787476   -0.0003055685171 -0.01238338971   -0.0006362845073 -0.001944515365  -0.01170652907   -0.0002473290426 -0.00250362326  
-0.007513900929  4.384523816e-06  -0.0008169110539 0.0005156228844  -5.263003232e-05 -0.0005201018343 -0.002391227854  -2.985527286e-05 -0.001104868703  -0.00195697008   -0.004289123756  -0.009508640348  0.000751728025   -0.001222485305  0.0002538525569  -0.002259561773  -0.003723366247  -0.008826382749  -0.03921482693   -0.0153796857    0.001052675124   -0.03825983195   -0.01518938823   0.001762831936   0.001128900366   -0.0005697921586 0.3922204929     -0.002894358282  0.001899367671   0.0004321589893  -0.06946526002   -0.04287280672   -0.01000298114   -0.06782781947   -0.04272978479   -0.009850740152 
-0.002740232435  -0.0001098304174 1.437206117e-05  0.003193401122   -0.0001045150342 0.001898119798   0.0005314937645  -0.000205582894  -0.000902239206  -0.001579279216  -0.002861177107  -0.0009858903962 -0.005403116959  0.0005527962582  0.0007176692901  -0.0005753160343 -0.001645762274  -0.0009972783224 -0.01530795926   -0.01236575741   -0.06795484073   -0.01745685842   -0.01332652461   -0.06943831565   -0.01424006222   0.0003090081331  -0.002894358282  0.5129241649     0.003118378391   -0.05616875139   -0.04969458918   -0.04829370255   -0.01579211655   -0.05258915219   -0.04672285361   -0.01504740301  
0.001020574378   -0.0002348760807 -0.0001963874118 0.0005197423681  -8.179654841e-06 0.001191936941   -0.0007661902895 -7.085960032e-05 0.0004111446327  -0.0006088536806 0.000753065971   0.0004041901491  -0.001048911475  -0.001942240949  0.0007376690599  0.0006411320993  0.0001277481883  -0.0004405711633 -0.06538160635   -0.0004728378159 -0.04220944834   -0.0653638974    5.332229063e-05  -0.04243551994   0.001211898036   -0.00169787476   0.001899367671   0.003118378391   0.3629701176     -0.0002733277698 -0.04633285627   -0.02579104378   -0.00255280081   -0.04681890766   -0.02642809599   -0.003225357901 
-0.0003666638717 3.04710038e-05   -3.474293529e-05 -0.000581570402  -4.974820361e-05 -0.0004048832742 0.0001500378085  -1.29801573e-06  0.0001204104116  -0.0001756971054 0.0006983736663  -0.0007197613623 -0.001971255901  -0.0004502847617 -0.001064226632  -0.0001136133261 0.0004388591043  4.62402324e-05   -0.002575948764  -0.001727389859  -0.009160469013  -0.002449282008  -0.002456155482  -0.009396498112  0.0002656513064  -0.0003055685171 0.0004321589893  -0.05616875139   -0.0002733277698 0.1355955645     -0.01556989279   -0.002781718673  -0.004708336537  -0.01505381357   -0.002301828152  -0.004968412903 
-0.002010150042  -0.0002018401828 -0.001531543053  -0.004379560134  -3.658688682e-05 -0.0008380564558 0.001568493897   -0.0002021109157 -0.0004603950664 0.000596923151   0.0007219401406  -0.0007383725817 -0.001737284838  -0.001407809942  -0.0005855079392 -0.004959021564  0.001283460817   0.0008611509137  -0.01072071608   0.001373047358   -0.003871674427  -0.01891683927   -0.01218437197   -0.06838677514   -0.01865362286   -0.01238338971   -0.06946526002   -0.04969458918   -0.04633285627   -0.01556989279   0.5120906896     0.002668243681   -0.05671182403   -0.05079261245   -0.0466219903    -0.01584723809  
-0.0001355469198 -3.316083578e-06 0.0001938495203  0.0007630392735  -0.0001793414198 -0.001027434089  0.001458067193   -3.966945425e-05 0.000244224191   -0.0005127588567 -0.000104395435  -0.002364506962  0.0007285444688  0.0003179681024  -0.0003291235122 0.0006819263813  -0.0003595455094 0.0001239231003  0.001145770978   3.002203828e-05  0.0007742169107  -0.06348398261   0.0003644688571  -0.0428410867    -0.06580036428   -0.0006362845073 -0.04287280672   -0.04829370255   -0.02579104378   -0.002781718673  0.002668243681   0.3628215025     0.0002136164167  -0.0454951941    -0.02549344374   -0.002721779235 
0.0002190104568  1.621028021e-05  0.000448841764   0.0003155859963  2.246471752e-05  -0.0002530921948 -0.0001906295648 -3.026472899e-05 0.0005227048365  -0.0009331981065 -0.0001711214984 -0.0003025668393 -0.0005260763881 0.0001674100323  -0.0003747883841 -0.002589131753  -0.0007046944327 -0.0003868329483 4.095100536e-05  0.0005833514177  -1.436840478e-05 -0.001604019879  -0.002939428721  -0.009479451075  -0.001486481352  -0.001944515365  -0.01000298114   -0.01579211655   -0.00255280081   -0.004708336537  -0.05671182403   0.0002136164167  0.1365902207     -0.01588593339   -0.002625679608  -0.004992173864 
-0.0005254196065 -0.0001768115969 0.000751681383   0.0009089233305  -7.86165681e-05  0.0005047996588  -0.002820796888  5.544657153e-05  -0.0004158817181 -0.006982145034  0.0004145869595  -0.0007914121457 -0.000154255146  0.0003042267098  -0.001026573843  -0.00196839376   -0.001245107456  -0.001256108103  -0.01880480608   -0.01032870235   -0.0675136909    -0.01327608545   0.002349192246   -0.003398071031  -0.01722132818   -0.01170652907   -0.06782781947   -0.05258915219   -0.04681890766   -0.01505381357   -0.05079261245   -0.0454951941    -0.01588593339   0.512868263      0.001850516968   -0.05685910311  
0.0006010190994  3.015630622e-05  0.001370436996   -0.0008036685321 -5.369196832e-06 -7.667486006e-05 0.0001252060317  -0.0001615174362 0.0008886590255  -0.0002128219601 -0.000791367083  0.001714207636   -0.0003133617975 0.001747035223   -0.0004874242398 0.0009854799872  -0.001729800445  -0.0004879537725 -0.06689981184   -0.001293434725  -0.04201251524   0.001599220381   -0.0006593823219 0.001725593666   -0.06547150673   -0.0002473290426 -0.04272978479   -0.04672285361   -0.02642809599   -0.002301828152  -0.0466219903    -0.02549344374   -0.002625679608  0.001850516968   0.3630496428     0.0007275543425 
-0.0001670240606 -5.400740947e-05 0.0004375969391  -0.0002301982969 -1.506081244e-05 -2.192042677e-06 -0.0005027374018 5.120877556e-06  -0.0003627555506 -0.001860312753  0.0001258082887  -9.705766919e-05 -0.000677804742  0.0005888521883  -0.0001744680212 -0.0004036374771 -8.637522014e-05 0.0002895602028  -0.002724319648  -0.002962021594  -0.009895348276  0.001226435602   -0.0002709269424 0.0001477391046  -0.00243970432   -0.00250362326   -0.009850740152  -0.01504740301   -0.003225357901  -0.004968412903  -0.01584723809   -0.002721779235  -0.004992173864  -0.05685910311   0.0007275543425  0.1370038221    
