<S_i S_j >               
2.48058      -0.922518    0.177256     -0.0299152   0.126083     -0.117939    0.024739     -0.00847665  0.0325893    -0.0093956   0.0225953    -0.0689919   0.0494212    -0.0409531   0.0160805    -0.00994784  -0.0104147   0.0376271    -0.0334879   -0.0139437   0.00624794   -0.0147975   0.0374179    -0.032935    0.0435166    -0.0372367   -0.00383229  -0.0266986   0.0453062    -0.0537719   -0.0158771   0.0106221    0.0284143    -0.0225491   0.0358163    -0.0317445   0.00790906   -0.031893    0.0175815    -0.0466746   0.0729585    -0.0347935   0.0449294    -0.0858855   0.0361267    -0.0399135   0.087181     -0.0952604   0.0868996    -0.0234231   0.0147295    -0.0700187   0.0865348    -0.0990993   0.130759     -0.174069    0.143219     -0.0528557   0.173707     -1.02384    
-0.922518    2.48485      -1.07028     0.133452     -0.0564223   0.11607      -0.0700138   0.00604529   -0.0103788   0.0171392    -0.0545835   0.0631175    -0.0318511   0.0394338    -0.0371223   0.0199271    -0.0257513   0.0183935    0.0222968    0.0128597    -0.0134137   -0.00976935  -0.0196058   0.0158402    0.00777344   -0.00151082  0.036728     -0.00942348  -0.0306339   0.0478656    -0.000744039 -0.0150536   -0.0276569   0.0331285    -0.0530406   0.0478504    -0.0201937   0.0092399    -0.0171715   0.0468095    -0.0295135   -0.00247858  -0.00904419  0.0543947    0.00639381   -0.0243596   -0.0698644   0.0599086    -0.0658265   0.0377762    -0.0320505   0.0595237    -0.104023    0.0955008    -0.0746332   0.0753514    -0.113004    0.0936275    -0.0255535   0.168542    
0.177256     -1.07028     2.51028      -0.834606    0.171895     -0.00494627  0.0299807    -0.0193379   0.0141871    -0.0300439   0.0328502    -0.0705032   0.0211686    -0.0131328   0.024432     0.00137265   -0.0378549   -0.00535465  -0.0108359   -0.0255814   0.0203235    0.0217739    0.00194589   -0.00393502  0.00141718   -0.021917    0.016141     -0.0174294   0.0111768    -0.0149424   -0.0184458   0.00918026   0.013859     -0.0432416   0.0482419    -0.0563519   0.032261     -0.0140738   0.0561779    -0.0413567   0.062946     -0.0433273   0.0332338    -0.0578417   0.0317275    -0.0154242   0.0809108    -0.0851458   0.0705182    -0.0681556   0.038356     -0.0261611   0.0885561    -0.126927    0.100805     -0.0911484   0.0975153    -0.133085    0.0794927    -0.0728765  
-0.0299152   0.133452     -0.834606    2.5247       -1.11045     0.192333     -0.0628418   0.0663356    -0.133107    0.100242     -0.0692431   0.0542625    -0.0519139   0.00832221   0.020455     0.00865611   0.0302737    0.00289295   -0.0247733   0.0262543    -0.0616954   0.0372078    -0.0527037   0.0255304    0.0210646    0.0143117    -0.0267671   0.0245437    -0.0391511   0.0132799    -0.02549     0.00645089   -0.0236308   0.0198116    -0.00989127  0.0128058    -0.016008    0.0244732    -0.020019    0.0157616    -0.0203052   -0.00280599  -0.019138    0.00301861   0.0521115    -0.0483795   -0.0234541   -0.000375859 -0.0218088   0.0168801    -0.00893807  0.00643037   -0.0343281   0.0765267    -0.0203094   0.0101018    -0.0431053   0.0514681    -0.0539481   0.116356    
0.126083     -0.0564223   0.171895     -1.11045     2.49979      -0.882888    0.146311     -0.00217077  0.0805443    -0.116854    0.0633928    -0.010693    0.0123905    0.00680008   -0.0358048   0.015722     -0.0274274   0.029448     -0.00184388  -0.0123527   0.0364469    -0.0533007   0.0435051    -0.0314254   -0.0319543   -0.000876739 0.0253473    -0.0259857   0.0806153    -0.0569807   0.0324297    -0.00560322  0.0178967    -0.024125    0.0435567    -0.0630831   0.0414389    -0.0288984   0.0132167    -0.0349132   0.0256464    0.0239258    -0.0028017   0.00736006   -0.0353283   0.0414196    0.0181677    -0.0357966   0.0624585    -0.0014455   0.00328742   -0.0299318   0.0339438    -0.0824363   0.0263496    -0.00462626  0.0600736    -0.08499     0.0703038    -0.177762   
-0.117939    0.11607      -0.00494627  0.192333     -0.882888    2.49979      -1.0102      0.160351     -0.0608684   0.112658     -0.161992    0.0705991    -0.0441325   0.0805799    -0.0599443   0.0169708    0.00291503   0.0429717    -0.059803    0.0476625    -0.0968556   0.0626293    -0.0409898   0.0453091    -0.0218641   0.0147513    -0.0433897   0.0307842    -0.0597128   0.0186168    0.00111726   -0.0235752   0.00880452   -0.0102056   -0.0149591   0.0404026    0.0125346    -0.0315728   -0.0131313   0.00743805   0.04874      -0.0672891   0.0106673    -0.00583423  0.021089     -0.0420244   -0.0164713   0.0384221    -0.0376757   -0.00878102  0.028618     -0.000516386 -0.0234021   0.0473612    -0.0201663   -0.0153599   -0.0495585   0.0332761    -0.057749    0.0827158   
0.024739     -0.0700138   0.0299807    -0.0628418   0.146311     -1.0102      2.48513      -0.96692     0.187514     -0.0604639   0.0951121    -0.0900872   0.0565074    -0.0870257   0.0379376    -0.0314758   0.0323516    -0.0345012   0.0406959    -0.0343464   0.0426934    -0.0370433   0.0431805    -0.0377868   0.0407951    -0.0154351   0.0331412    -0.0429041   0.0340845    0.000794233  -0.000975819 0.0240847    -0.0239608   0.0223615    0.0176228    -0.0164705   0.0121393    0.00873008   0.0290557    -0.0314192   -0.0547552   0.038028     -0.00389792  0.000390017  -0.000668106 0.0305228    0.015298     -0.0246284   0.0475311    -0.0337465   0.02668      -0.0241751   0.0361517    -0.0543639   0.010437     0.0137819    0.0325125    -0.0340095   0.00861266   -0.0653304  
-0.00847665  0.00604529   -0.0193379   0.0663356    -0.00217077  0.160351     -0.96692     2.4895       -0.995198    0.151309     -0.0159696   0.0952303    -0.152611    0.0409445    -0.0351918   0.0535992    -0.0384939   0.029645     -0.04984     0.040441     -0.0300277   0.0632791    -0.045297    0.0221092    -0.0423771   -0.0426577   -0.0126173   0.0436193    -0.00741969  -0.0372702   0.0328331    -0.0197469   0.0230326    -0.0093725   -0.0327291   0.0241773    -0.0370858   -0.0165606   -0.0039448   -0.0134363   0.0382023    -0.039249    0.0514446    -0.0316549   -0.0122521   0.00479525   -0.00331529  0.0139424    -0.0178232   0.000942021  -0.0219841   0.0196865    -0.0395079   0.0497536    -0.00576313  -0.0281713   0.00404831   0.000380521  -0.0292191   0.0795572   
0.0325893    -0.0103788   0.0141871    -0.133107    0.0805443    -0.0608684   0.187514     -0.995198    2.49272      -0.933944    0.121139     0.0091016    0.0706523    -0.0767933   0.0251356    -0.040376    0.00133494   -0.0576683   0.0494376    -0.029188    0.0686803    -0.0618687   0.00678522   -0.0136872   0.0300943    0.0015449    0.00968733   -0.0361816   0.00215251   0.0421115    -0.025845    0.0164544    -0.0279342   0.0119943    0.0393501    -0.0485356   0.0429883    0.0214766    -0.0557731   0.066942     -0.056756    0.0609856    -0.0602913   0.0255566    -0.0121314   0.0242936    -0.0184706   0.0271939    -0.00213837  -0.0023943   0.0469527    -0.0185784   0.0218035    -0.0181538   0.00683524   0.0100342    0.0283652    -0.0233414   0.0177802    -0.0888184  
-0.0093956   0.0171392    -0.0300439   0.100242     -0.116854    0.112658     -0.0604639   0.151309     -0.933944    2.4784       -0.963247    0.111224     0.00719768   0.0989424    -0.11595     0.063451     -0.0433478   0.0369641    -0.0703664   0.0618607    -0.123392    0.0709002    -0.0229236   0.0228705    -0.0261298   0.0125137    -0.0265669   0.0171311    -0.00276844  0.0198544    -0.00199156  0.0310006    -0.0327122   -0.00654108  -0.0480322   0.0590222    -0.042883    -0.0204019   0.0430444    0.00401736   -0.00406481  0.0141107    0.0119359    -0.0105832   -0.0334314   0.0493688    -0.0157645   -0.0036011   -0.0331958   0.028206     -0.048323    0.0199685    -0.0276196   0.0269171    -0.0160579   -0.0320631   -0.00992048  0.0412491    -0.020306    0.0237049   
0.0225953    -0.0545835   0.0328502    -0.0692431   0.0633928    -0.161992    0.0951121    -0.0159696   0.121139     -0.963247    2.4801       -0.939849    0.129983     -0.0333691   0.112042     -0.134833    0.0818304    -0.0664202   0.0629134    -0.049504    0.0933359    -0.0626665   0.0414154    -0.029027    0.0387291    -0.0235778   0.0324309    -0.0301076   -0.00218781  -0.0050357   0.0389241    -0.0356243   0.0418466    -0.0194988   0.0433283    -0.0355014   0.0372222    -0.00309284  -0.0337061   -0.00840291  -0.024261    -0.0166961   -0.00134446  -0.0130352   0.0167378    0.00836749   -0.0149302   0.00556022   0.0294675    -0.000716964 0.00773129   -0.0343411   0.0339024    -0.0278911   0.0344807    -0.0170593   0.0665696    -0.0400083   0.00444712   -0.0322069  
-0.0689919   0.0631175    -0.0705032   0.0542625    -0.010693    0.0705991    -0.0900872   0.0952303    0.0091016    0.111224     -0.939849    2.48605      -1.00319     0.105983     -0.0391781   0.12776      -0.138151    0.0795648    -0.0637495   0.0756457    -0.0835823   0.0882773    -0.0559471   0.0235502    -0.0585917   0.0477564    -0.0489869   0.0651709    -0.0463366   0.0444679    -0.0562537   0.0411472    -0.0608271   0.0528133    -0.0156626   0.00182117   -0.0195475   0.0282105    0.0428483    -0.0221502   0.00262455   0.0310918    0.00336093   -0.00223356  -0.0458519   0.011602     -0.0194962   0.0609188    -0.0520737   0.00500885   -0.0189626   0.0565453    -0.0870427   0.0278447    -0.0453641   0.0547996    -0.0941931   0.0412395    -0.00162682  0.0359782   
0.0494212    -0.0318511   0.0211686    -0.0519139   0.0123905    -0.0441325   0.0565074    -0.152611    0.0706523    0.00719768   0.129983     -1.00319     2.49179      -0.870072    0.154276     -0.0577537   0.0532551    -0.0637606   0.0432605    -0.0288495   0.0669485    -0.0936138   0.0557558    -0.0454219   0.0541536    -0.0373561   0.0373179    -0.06656     0.0328743    -0.0432757   0.0535301    -0.0163289   0.0535395    -0.0122346   -0.034458    0.0321583    -0.00873537  0.0226149    -0.0812888   0.0417147    0.0145866    -0.0258285   0.0117457    0.019353     -0.00241589  -0.00850804  -0.00152832  -0.0400239   0.0416014    0.0207845    -0.00389434  -0.0299488   0.0480485    -0.0249682   0.0259302    -0.0246658   0.0380099    -0.028637    0.0337473    -0.0542058  
-0.0409531   0.0394338    -0.0131328   0.00832221   0.00680008   0.0805799    -0.0870257   0.0409445    -0.0767933   0.0989424    -0.0333691   0.105983     -0.870072    2.50686      -0.929003    0.125169     0.00140019   0.0402489    -0.0762757   0.0467279    -0.0723005   0.0259894    -0.0534373   0.0454588    -0.0392343   0.0238046    -0.0340757   0.0532136    -0.0157374   0.0276963    -0.0296515   -0.002019    -0.0185189   0.010326     0.0166785    0.00517647   0.00284157   -0.072853    0.00981888   0.01088      -0.034297    0.0459209    -0.047696    0.0181211    0.0214119    -0.0229984   -0.015575    -0.00650883  -0.0229374   0.00739738   -0.0447247   0.0348716    -0.0486265   0.0385816    -0.032616    0.0157638    -0.00143497  0.00864622   -0.0273772   0.0472645   
0.0160805    -0.0371223   0.024432     0.020455     -0.0358048   -0.0599443   0.0379376    -0.0351918   0.0251356    -0.11595     0.112042     -0.0391781   0.154276     -0.929003    2.49566      -0.981477    0.103009     0.0130457    0.0774015    -0.160771    0.109014     -0.0694295   0.08596      -0.0820438   0.0559799    -0.0501068   0.0292016    -0.0671316   0.026403     -0.0323295   -0.00103984  -0.0187376   0.0322047    -0.0116033   0.0292652    -0.00863378  -0.00114064  0.0276716    -0.00827706  -0.00567705  0.0195023    -0.0260683   -0.00127132  0.0237992    -0.0293664   0.0044129    0.0169523    0.00859527   0.0340289    -0.0409598   0.0758986    -0.0479545   0.0635742    -0.0380333   0.0050587    0.0254454    -0.059095    0.0388839    0.00701383   -0.0192863  
-0.00994784  0.0199271    0.00137265   0.00865611   0.015722     0.0169708    -0.0314758   0.0535992    -0.040376    0.063451     -0.134833    0.12776      -0.0577537   0.125169     -0.981477    2.51054      -0.862022    0.0818409    -0.0167769   0.0744792    -0.130546    0.0569499    -0.047349    0.0415941    -0.0425187   0.0264922    0.0319829    0.0320252    -0.000328203 0.000800011  0.0191448    -0.0199561   0.00358434   -0.0729102   -0.000707711 -0.0215624   -0.000935871 -0.0164133   0.0404844    -0.0384341   0.0438835    -0.0122799   0.0121018    -0.0351809   0.0659391    -0.0534252   0.0528014    -0.0362199   -0.00633176  0.0171241    -0.0477634   0.00975228   -0.0363411   0.0207782    -0.00740224  0.00994148   0.00563804   -0.00290604  -0.0209825   -0.0128463  
-0.0104147   -0.0257513   -0.0378549   0.0302737    -0.0274274   0.00291503   0.0323516    -0.0384939   0.00133494   -0.0433478   0.0818304    -0.138151    0.0532551    0.00140019   0.103009     -0.862022    2.49699      -1.00191     0.121771     -0.0281149   0.0694348    -0.107443    0.060575     -0.00585481  0.0207885    -0.0344832   -0.0234531   0.010015     0.0199624    -0.0190018   0.0104704    -0.017728    0.0165064    0.00186848   0.0181399    0.00653073   0.0273798    -0.0122084   0.0089084    -0.0380936   -0.0301296   0.00586537   0.0238898    -0.000593927 0.00939577   0.0239639    -0.0275817   -0.0115776   -0.014039    0.00360473   -0.0180983   -0.00300623  0.0354798    0.0166974    -0.00988018  0.00771845   -0.0204367   0.00851479   0.0370592    0.022107    
0.0376271    0.0183935    -0.00535465  0.00289295   0.029448     0.0429717    -0.0345012   0.029645     -0.0576683   0.0369641    -0.0664202   0.0795648    -0.0637606   0.0402489    0.0130457    0.0818409    -1.00191     2.48213      -0.90422     0.105666     0.00526025   0.066307     -0.107614    0.0233246    -0.0351002   0.0327477    0.012783     -0.00914846  -0.013941    0.0008047    -0.0266922   0.0109468    0.00716955   0.00994484   -0.00459311  -0.00843677  -0.028327    0.012574     -0.0289933   0.0158411    0.00556618   0.0402682    -0.0353345   -0.00202181  -0.0213958   -0.013275    0.0114485    0.0370527    -0.0134018   0.0132412    0.00446742   0.0180796    -0.0580108   -0.0164139   -0.00414988  0.00395402   -0.00139398  -0.0135271   -0.011552    -0.0109961  
-0.0334879   0.0222968    -0.0108359   -0.0247733   -0.00184388  -0.059803    0.0406959    -0.04984     0.0494376    -0.0703664   0.0629134    -0.0637495   0.0432605    -0.0762757   0.0774015    -0.0167769   0.121771     -0.90422     2.48699      -1.00306     0.140334     -0.00895667  0.0772507    -0.0931907   0.0633258    -0.0589096   0.0297376    -0.0372781   -0.00557099  0.0451569    -0.00409069  0.00230372   -0.0134781   -0.0201054   0.0298673    0.00033839   0.0266184    0.0191025    -0.000596721 -0.016138    0.0430145    -0.0487714   -0.0121687   0.0642814    -0.00369814  0.00936112   -0.0315934   0.0135641    -0.0222206   -0.0103277   -0.00425929  0.00952826   -0.02919     0.0562682    -0.0356915   0.0485371    -0.0369739   0.0155903    -0.00852389  -0.00845809 
-0.0139437   0.0128597    -0.0255814   0.0262543    -0.0123527   0.0476625    -0.0343464   0.040441     -0.029188    0.0618607    -0.049504    0.0756457    -0.0288495   0.0467279    -0.160771    0.0744792    -0.0281149   0.105666     -1.00306     2.48576      -0.91747     0.123014     -0.0526362   0.0570112    -0.100157    0.085787     -0.0216069   0.0511533    -0.014473    -0.0429589   -0.0199232   0.0163827    -0.0150924   0.0708811    -0.0625723   0.0255953    -0.0319924   0.0301597    -0.0469972   0.0317723    -0.0482394   0.0573806    -0.00802788  -0.0157053   0.00177122   0.00291972   -0.0205151   0.00552182   0.022995     0.0311983    -0.0409909   0.0200539    0.000313673  -0.00336752  -0.00757263  0.0222688    -0.0170773   0.0181616    -0.0324483   0.0194297   
0.00624794   -0.0134137   0.0203235    -0.0616954   0.0364469    -0.0968556   0.0426934    -0.0300277   0.0686803    -0.123392    0.0933359    -0.0835823   0.0669485    -0.0723005   0.109014     -0.130546    0.0694348    0.00526025   0.140334     -0.91747     2.50105      -0.9673      0.128976     -0.00424622  0.0657374    -0.131622    0.0870833    -0.0655004   0.0325987    -0.0264796   0.0661703    -0.0340973   0.0118866    -0.0319681   -0.00842424  0.000451706  0.0029243    0.00439461   0.0129086    -0.0231906   0.00288311   0.00513835   -0.0323601   0.032803     -0.0276348   0.0207718    -0.0210112   0.0194122    0.000687663  -0.0261047   0.00227566   0.0370997    0.00777847   0.00426439   -0.00600388  -0.00480464  0.0406062    -0.0279155   0.032621     -0.0133118  
-0.0147975   -0.00976935  0.0217739    0.0372078    -0.0533007   0.0626293    -0.0370433   0.0632791    -0.0618687   0.0709002    -0.0626665   0.0882773    -0.0936138   0.0259894    -0.0694295   0.0569499    -0.107443    0.066307     -0.00895667  0.123014     -0.9673      2.49099      -0.92933     0.145285     -0.013889    0.0714471    -0.13        0.101965     -0.0797116   0.0555371    -0.0759737   0.0352281    -0.0213184   0.0317735    0.00787899   0.0148004    -0.0193795   0.0128237    0.00658264   0.0303781    -0.0262067   0.00373044   0.0142433    -0.0106803   0.0114069    -0.0245558   0.0252276    0.00488733   -0.0162849   -0.0217129   0.0246983    -0.0132616   -0.0385617   0.0149336    -0.00506817  -0.00541189  -0.00827756  0.0157564    -0.0285226   0.0257627   
0.0374179    -0.0196058   0.00194589   -0.0527037   0.0435051    -0.0409898   0.0431805    -0.045297    0.00678522   -0.0229236   0.0414154    -0.0559471   0.0557558    -0.0534373   0.08596      -0.047349    0.060575     -0.107614    0.0772507    -0.0526362   0.128976     -0.92933     2.51158      -0.903367    0.125881     -0.0270454   0.0660741    -0.147499    0.0468431    -0.00964228  0.0575082    -0.0623355   0.0450114    -0.0538141   0.0663923    -0.0803887   0.0437216    -0.0474589   0.0376992    -0.0342214   0.0379578    -0.055861    0.036709     -0.007833    -0.0176995   0.0088309    0.00730924   0.00170831   0.0070813    0.00930954   -0.0103257   -0.00605885  0.0543268    -0.0486883   0.0389325    0.00722567   -0.010401    0.00130841   0.00405089   -0.0195701  
-0.032935    0.0158402    -0.00393502  0.0255304    -0.0314254   0.0453091    -0.0377868   0.0221092    -0.0136872   0.0228705    -0.029027    0.0235502    -0.0454219   0.0454588    -0.0820438   0.0415941    -0.00585481  0.0233246    -0.0931907   0.0570112    -0.00424622  0.145285     -0.903367    2.49056      -0.993502    0.126072     -0.00891021  0.0857277    -0.084267    0.0527336    -0.0641288   0.0642963    -0.0869618   0.0800453    -0.0804256   0.0780119    -0.0338465   0.0385386    -0.0661732   0.0506451    -0.0527298   0.048        -0.0294658   -0.00169419  -0.0243352   0.0414995    -0.0102887   0.0420863    -0.0780912   0.0524652    -0.0295176   0.017178     -0.0424175   0.0450626    -0.0493566   -0.0258376   0.0229271    0.0268839    -0.0144464   0.019644    
0.0435166    0.00777344   0.00141718   0.0210646    -0.0319543   -0.0218641   0.0407951    -0.0423771   0.0300943    -0.0261298   0.0387291    -0.0585917   0.0541536    -0.0392343   0.0559799    -0.0425187   0.0207885    -0.0351002   0.0633258    -0.100157    0.0657374    -0.013889    0.125881     -0.993502    2.45365      -0.961645    0.122818     -0.00857266  0.0593784    -0.0947891   0.0721776    -0.0570325   0.0544079    -0.0646336   0.0642191    -0.0429114   0.0566617    -0.0585845   0.0512355    -0.0687542   0.0509041    -0.0258396   0.00302318   0.0220615    0.030961     -0.0428216   -0.0059843   -0.0576774   0.0715434    -0.0301529   0.0240152    -0.0226454   0.036091     -0.0599504   0.0386194    -0.025556    0.0347645    -0.0729972   0.0470486    -0.0279015  
-0.0372367   -0.00151082  -0.021917    0.0143117    -0.000876739 0.0147513    -0.0154351   -0.0426577   0.0015449    0.0125137    -0.0235778   0.0477564    -0.0373561   0.0238046    -0.0501068   0.0264922    -0.0344832   0.0327477    -0.0589096   0.085787     -0.131622    0.0714471    -0.0270454   0.126072     -0.961645    2.48889      -0.900297    0.166687     -0.0802797   0.131804     -0.193929    0.118882     -0.055427    0.0699274    -0.0729965   0.0759461    -0.0546033   0.0574671    -0.00533136  0.00999685   -0.022628    -0.000818769 -0.0240115   0.0116193    -0.0300832   0.0204633    -0.0138629   0.0459784    -0.0729872   0.0319819    -0.0165648   0.0171442    -0.0289932   0.0775096    -0.0725709   0.0396446    -0.0538125   0.0787014    -0.054137    0.0539936   
-0.00383229  0.036728     0.016141     -0.0267671   0.0253473    -0.0433897   0.0331412    -0.0126173   0.00968733   -0.0265669   0.0324309    -0.0489869   0.0373179    -0.0340757   0.0292016    0.0319829    -0.0234531   0.012783     0.0297376    -0.0216069   0.0870833    -0.13        0.0660741    -0.00891021  0.122818     -0.900297    2.48831      -1.05462     0.153981     -0.054261    0.127569     -0.147626    0.0650689    -0.0470392   0.0295845    -0.0907569   0.0592607    -0.0438194   0.0240267    0.000833435  0.00788854   0.0123405    -0.00238819  -0.00307087  0.0188952    -0.0192885   0.00862867   -0.0501341   0.0767354    -0.00920394  -0.000652138 -0.0335884   0.0265058    -0.0524861   0.0682304    -0.0364559   0.0452309    -0.043472    0.000100076  -0.023239   
-0.0266986   -0.00942348  -0.0174294   0.0245437    -0.0259857   0.0307842    -0.0429041   0.0436193    -0.0361816   0.0171311    -0.0301076   0.0651709    -0.06656     0.0532136    -0.0671316   0.0320252    0.010015     -0.00914846  -0.0372781   0.0511533    -0.0655004   0.101965     -0.147499    0.0857277    -0.00857266  0.166687     -1.05462     2.4934       -0.832997    0.150735     -0.0553829   0.105581     -0.102579    0.0492607    -0.0359851   0.0669727    -0.0658057   0.0676634    -0.0120889   0.00225401   -0.0348976   0.00503231   0.0110124    -0.042527    0.0133738    -0.00344946  0.00158213   0.0248236    -0.0676796   -0.00866424  -0.00877924  0.032565     -0.0403442   0.0432667    -0.0306026   0.0337181    -0.0661991   0.0584689    -0.0140693   0.0388001   
0.0453062    -0.0306339   0.0111768    -0.0391511   0.0806153    -0.0597128   0.0340845    -0.00741969  0.00215251   -0.00276844  -0.00218781  -0.0463366   0.0328743    -0.0157374   0.026403     -0.000328203 0.0199624    -0.013941    -0.00557099  -0.014473    0.0325987    -0.0797116   0.0468431    -0.084267    0.0593784    -0.0802797   0.153981     -0.832997    2.51322      -1.02386     0.225579     -0.0628725   0.0827558    -0.141993    0.0834664    -0.0925047   0.0338475    -0.063006    0.0202044    -0.0232997   0.0315708    0.00810497   -0.0148375   0.00428276   0.0289722    -0.0381435   0.0186637    -0.056121    0.0444746    0.0498075    -0.000358757 -0.0148345   0.0545033    -0.0709842   0.041442     -0.0135186   0.0645784    -0.0809491   0.0581863    -0.0554349  
-0.0537719   0.0478656    -0.0149424   0.0132799    -0.0569807   0.0186168    0.000794233  -0.0372702   0.0421115    0.0198544    -0.0050357   0.0444679    -0.0432757   0.0276963    -0.0323295   0.000800011  -0.0190018   0.0008047    0.0451569    -0.0429589   -0.0264796   0.0555371    -0.00964228  0.0527336    -0.0947891   0.131804     -0.054261    0.150735     -1.02386     2.51503      -0.930828    0.187213     -0.0827261   0.113187     -0.118668    0.0969485    -0.0502454   0.061819     -0.0237125   0.0448823    -0.0413694   0.0320986    -0.0155283   0.00395454   -0.0733119   0.0504894    -0.0483995   0.0730653    -0.0853156   -0.00762851  -0.0264932   0.0476865    -0.080403    0.0696491    -0.061894    0.0381327    -0.0618756   0.05977      -0.0528222   0.0560678   
-0.0158771   -0.000744039 -0.0184458   -0.02549     0.0324297    0.00111726   -0.000975819 0.0328331    -0.025845    -0.00199156  0.0389241    -0.0562537   0.0535301    -0.0296515   -0.00103984  0.0191448    0.0104704    -0.0266922   -0.00409069  -0.0199232   0.0661703    -0.0759737   0.0575082    -0.0641288   0.0721776    -0.193929    0.127569     -0.0553829   0.225579     -0.930828    2.51949      -0.986609    0.162761     -0.0688564   0.0981766    -0.152556    0.050384     -0.0717767   0.0428991    -0.0486148   0.0649338    -0.0596498   0.0627219    -0.0462449   0.0309511    -0.0278035   0.0227416    -0.0623579   0.0469603    0.0495786    -0.0213646   0.0113533    0.0260882    -0.0148385   0.0144793    -0.0790144   0.0629113    -0.0390168   0.0355196    0.00880494  
0.0106221    -0.0150536   0.00918026   0.00645089   -0.00560322  -0.0235752   0.0240847    -0.0197469   0.0164544    0.0310006    -0.0356243   0.0411472    -0.0163289   -0.002019    -0.0187376   -0.0199561   -0.017728    0.0109468    0.00230372   0.0163827    -0.0340973   0.0352281    -0.0623355   0.0642963    -0.0570325   0.118882     -0.147626    0.105581     -0.0628725   0.187213     -0.986609    2.49397      -0.981741    0.153999     -0.0287513   0.0871183    -0.0882265   0.0499225    -0.0140379   0.0431977    -0.0581      0.0571656    -0.0369062   -0.00522031  0.00571908   0.0240767    -0.0125827   0.0470649    -0.0983153   0.0182152    -0.0231983   0.0236878    -0.0450673   0.00464654   -0.031715    0.0220102    -0.0102953   -0.000278914 0.00781856   0.0176984   
0.0284143    -0.0276569   0.013859     -0.0236308   0.0178967    0.00880452   -0.0239608   0.0230326    -0.0279342   -0.0327122   0.0418466    -0.0608271   0.0535395    -0.0185189   0.0322047    0.00358434   0.0165064    0.00716955   -0.0134781   -0.0150924   0.0118866    -0.0213184   0.0450114    -0.0869618   0.0544079    -0.055427    0.0650689    -0.102579    0.0827558    -0.0827261   0.162761     -0.981741    2.48987      -0.942181    0.0886687    -0.00101018  0.0490846    -0.11237     0.0441028    -0.00955293  0.0747228    -0.073492    0.045785     -0.0082828   0.0343608    -0.0417268   0.0362476    -0.0758962   0.104975     -0.0549745   0.046856     -0.0617334   0.115889     -0.0614011   0.0629053    -0.0541146   0.0302135    -0.0361314   0.034456     -0.033675   
-0.0225491   0.0331285    -0.0432416   0.0198116    -0.024125    -0.0102056   0.0223615    -0.0093725   0.0119943    -0.00654108  -0.0194988   0.0528133    -0.0122346   0.010326     -0.0116033   -0.0729102   0.00186848   0.00994484   -0.0201054   0.0708811    -0.0319681   0.0317735    -0.0538141   0.0800453    -0.0646336   0.0699274    -0.0470392   0.0492607    -0.141993    0.113187     -0.0688564   0.153999     -0.942181    2.48071      -0.903763    0.148609     -0.00840313  0.108344     -0.140386    0.033769     -0.103739    0.0808465    -0.0328655   0.0176878    -0.0565651   0.0706554    -0.035941    0.0606421    -0.0378525   0.00494297   -0.0235986   0.023093     -0.100542    0.0644568    -0.0680868   0.086432     -0.0634629   0.0569071    -0.0669298   0.0482075   
0.0358163    -0.0530406   0.0482419    -0.00989127  0.0435567    -0.0149591   0.0176228    -0.0327291   0.0393501    -0.0480322   0.0433283    -0.0156626   -0.034458    0.0166785    0.0292652    -0.000707711 0.0181399    -0.00459311  0.0298673    -0.0625723   -0.00842424  0.00787899   0.0663923    -0.0804256   0.0642191    -0.0729965   0.0295845    -0.0359851   0.0834664    -0.118668    0.0981766    -0.0287513   0.0886687    -0.903763    2.48212      -1.01717     0.142439     -0.0575324   0.102564     -0.149094    0.0647471    -0.0405836   -0.000844836 0.00208286   0.0504929    -0.062745    0.0254417    -0.0694468   0.0801258    -0.0238346   0.075991     -0.0723524   0.0710268    -0.0692072   0.0949385    -0.0798435   0.0444469    -0.0467237   0.0555203    -0.0675155  
-0.0317445   0.0478504    -0.0563519   0.0128058    -0.0630831   0.0404026    -0.0164705   0.0241773    -0.0485356   0.0590222    -0.0355014   0.00182117   0.0321583    0.00517647   -0.00863378  -0.0215624   0.00653073   -0.00843677  0.00033839   0.0255953    0.000451706  0.0148004    -0.0803887   0.0780119    -0.0429114   0.0759461    -0.0907569   0.0669727    -0.0925047   0.0969485    -0.152556    0.0871183    -0.00101018  0.148609     -1.01717     2.49149      -0.931896    0.144892     -0.0014747   0.0552819    -0.11542     0.0626618    -0.0196677   0.0376192    -0.0893415   0.0781254    -0.0306134   0.0875505    -0.077068    0.00919439   -0.0666349   0.0773298    -0.0736498   0.0539066    -0.0555879   0.0762669    -0.0517948   0.0449298    -0.0423396   0.0490248   
0.00790906   -0.0201937   0.032261     -0.016008    0.0414389    0.0125346    0.0121393    -0.0370858   0.0429883    -0.042883    0.0372222    -0.0195475   -0.00873537  0.00284157   -0.00114064  -0.000935871 0.0273798    -0.028327    0.0266184    -0.0319924   0.0029243    -0.0193795   0.0437216    -0.0338465   0.0566617    -0.0546033   0.0592607    -0.0658057   0.0338475    -0.0502454   0.050384     -0.0882265   0.0490846    -0.00840313  0.142439     -0.931896    2.45392      -1.03279     0.136855     -0.0329266   0.108169     -0.156489    0.0802149    -0.0214754   0.0449434    -0.0701579   0.0308277    -0.0528174   0.0512524    -0.0535188   0.0668189    -0.0433744   0.0351225    -0.0223767   0.0238838    -0.037512    0.0301966    -0.0345265   -0.00440391  -0.00869375 
-0.031893    0.0092399    -0.0140738   0.0244732    -0.0288984   -0.0315728   0.00873008   -0.0165606   0.0214766    -0.0204019   -0.00309284  0.0282105    0.0226149    -0.072853    0.0276716    -0.0164133   -0.0122084   0.012574     0.0191025    0.0301597    0.00439461   0.0128237    -0.0474589   0.0385386    -0.0585845   0.0574671    -0.0438194   0.0676634    -0.063006    0.061819     -0.0717767   0.0499225    -0.11237     0.108344     -0.0575324   0.144892     -1.03279     2.45145      -0.885637    0.180852     -0.0428291   0.0973923    -0.141829    0.0712558    -0.066114    0.0925321    -0.0830877   0.116675     -0.0595601   0.0362736    -0.0773958   0.0647907    -0.0766853   0.0764762    -0.0683018   0.0710092    -0.0690226   0.0508995    -0.022424    0.0175309   
0.0175815    -0.0171715   0.0561779    -0.020019    0.0132167    -0.0131313   0.0290557    -0.0039448   -0.0557731   0.0430444    -0.0337061   0.0428483    -0.0812888   0.00981888   -0.00827706  0.0404844    0.0089084    -0.0289933   -0.000596721 -0.0469972   0.0129086    0.00658264   0.0376992    -0.0661732   0.0512355    -0.00533136  0.0240267    -0.0120889   0.0202044    -0.0237125   0.0428991    -0.0140379   0.0441028    -0.140386    0.102564     -0.0014747   0.136855     -0.885637    2.49451      -1.04383     0.154111     -0.0616649   0.13585      -0.146703    0.0985494    -0.0859913   0.0639739    -0.0785016   -0.000124772 -0.0368131   0.0395057    -0.0228218   0.0350715    -0.0327296   0.0143248    -0.0295597   -0.00134437  0.0111798    0.00786971   -0.0163781  
-0.0466746   0.0468095    -0.0413567   0.0157616    -0.0349132   0.00743805   -0.0314192   -0.0134363   0.066942     0.00401736   -0.00840291  -0.0221502   0.0417147    0.01088      -0.00567705  -0.0384341   -0.0380936   0.0158411    -0.016138    0.0317723    -0.0231906   0.0303781    -0.0342214   0.0506451    -0.0687542   0.00999685   0.000833435  0.00225401   -0.0232997   0.0448823    -0.0486148   0.0431977    -0.00955293  0.033769     -0.149094    0.0552819    -0.0329266   0.180852     -1.04383     2.52327      -0.813874    0.130291     -0.0521592   0.0724167    -0.095188    0.0852653    -0.0852353   0.0901324    -0.0428591   0.0515431    -0.0264977   0.012473     -0.0189741   0.0208082    0.00213662   0.0147403    0.00554442   0.00282861   -0.0208243   0.0398033   
0.0729585    -0.0295135   0.062946     -0.0203052   0.0256464    0.04874      -0.0547552   0.0382023    -0.056756    -0.00406481  -0.024261    0.00262455   0.0145866    -0.034297    0.0195023    0.0438835    -0.0301296   0.00556618   0.0430145    -0.0482394   0.00288311   -0.0262067   0.0379578    -0.0527298   0.0509041    -0.022628    0.00788854   -0.0348976   0.0315708    -0.0413694   0.0649338    -0.0581      0.0747228    -0.103739    0.0647471    -0.11542     0.108169     -0.0428291   0.154111     -0.813874    2.50649      -1.05179     0.200218     -0.0249687   0.109629     -0.193605    0.145161     -0.117377    0.0498227    -0.0767122   0.0733899    -0.0327332   0.0235203    -0.0480867   0.0546856    -0.0605683   0.0352398    -0.0382349   0.0672953    -0.105201   
-0.0347935   -0.00247858  -0.0433273   -0.00280599  0.0239258    -0.0672891   0.038028     -0.039249    0.0609856    0.0141107    -0.0166961   0.0310918    -0.0258285   0.0459209    -0.0260683   -0.0122799   0.00586537   0.0402682    -0.0487714   0.0573806    0.00513835   0.00373044   -0.055861    0.048        -0.0258396   -0.000818769 0.0123405    0.00503231   0.00810497   0.0320986    -0.0596498   0.0571656    -0.073492    0.0808465    -0.0405836   0.0626618    -0.156489    0.0973923    -0.0616649   0.130291     -1.05179     2.49834      -0.934783    0.158        -0.0562318   0.170778     -0.181435    0.117043     -0.0422531   0.0909378    -0.0827703   0.0726097    -0.081465    0.0668503    -0.0839849   0.0677398    -0.0397476   0.0254219    -0.0240858   0.0429016   
0.0449294    -0.00904419  0.0332338    -0.019138    -0.0028017   0.0106673    -0.00389792  0.0514446    -0.0602913   0.0119359    -0.00134446  0.00336093   0.0117457    -0.047696    -0.00127132  0.0121018    0.0238898    -0.0353345   -0.0121687   -0.00802788  -0.0323601   0.0142433    0.036709     -0.0294658   0.00302318   -0.0240115   -0.00238819  0.0110124    -0.0148375   -0.0155283   0.0627219    -0.0369062   0.045785     -0.0328655   -0.000844836 -0.0196677   0.0802149    -0.141829    0.13585      -0.0521592   0.200218     -0.934783    2.49671      -1.02403     0.0925748    -0.0701744   0.129418     -0.120124    0.048543     -0.0740086   0.0624879    -0.0598531   0.0814468    -0.0687343   0.0751459    -0.0765349   0.0619863    -0.0374484   0.0430243    -0.0429056  
-0.0858855   0.0543947    -0.0578417   0.00301861   0.00736006   -0.00583423  0.000390017  -0.0316549   0.0255566    -0.0105832   -0.0130352   -0.00223356  0.019353     0.0181211    0.0237992    -0.0351809   -0.000593927 -0.00202181  0.0642814    -0.0157053   0.032803     -0.0106803   -0.007833    -0.00169419  0.0220615    0.0116193    -0.00307087  -0.042527    0.00428276   0.00395454   -0.0462449   -0.00522031  -0.0082828   0.0176878    0.00208286   0.0376192    -0.0214754   0.0712558    -0.146703    0.0724167    -0.0249687   0.158        -1.02403     2.49616      -0.84257     0.147151     -0.0812999   0.0899375    -0.0474876   0.0506126    -0.0357419   0.0350828    -0.0602399   0.0704455    -0.0984786   0.0781393    -0.0858008   0.0618607    -0.0720273   0.0872489   
0.0361267    0.00639381   0.0317275    0.0521115    -0.0353283   0.021089     -0.000668106 -0.0122521   -0.0121314   -0.0334314   0.0167378    -0.0458519   -0.00241589  0.0214119    -0.0293664   0.0659391    0.00939577   -0.0213958   -0.00369814  0.00177122   -0.0276348   0.0114069    -0.0176995   -0.0243352   0.030961     -0.0300832   0.0188952    0.0133738    0.0289722    -0.0733119   0.0309511    0.00571908   0.0343608    -0.0565651   0.0504929    -0.0893415   0.0449434    -0.066114    0.0985494    -0.095188    0.109629     -0.0562318   0.0925748    -0.84257     2.51403      -1.01812     0.20518      -0.0725982   0.100277     -0.123415    0.0658789    -0.0923867   0.0809427    -0.0815147   0.0938068    -0.0860689   0.101368     -0.0946172   0.0808251    -0.0575678  
-0.0399135   -0.0243596   -0.0154242   -0.0483795   0.0414196    -0.0420244   0.0305228    0.00479525   0.0242936    0.0493688    0.00836749   0.011602     -0.00850804  -0.0229984   0.0044129    -0.0534252   0.0239639    -0.013275    0.00936112   0.00291972   0.0207718    -0.0245558   0.0088309    0.0414995    -0.0428216   0.0204633    -0.0192885   -0.00344946  -0.0381435   0.0504894    -0.0278035   0.0240767    -0.0417268   0.0706554    -0.062745    0.0781254    -0.0701579   0.0925321    -0.0859913   0.0852653    -0.193605    0.170778     -0.0701744   0.147151     -1.01812     2.5111       -0.916155    0.129283     -0.0454387   0.0991906    -0.116534    0.0946242    -0.0815971   0.095047     -0.112099    0.0685039    -0.0554883   0.0772474    -0.0621876   0.0357089   
0.087181     -0.0698644   0.0809108    -0.0234541   0.0181677    -0.0164713   0.015298     -0.00331529  -0.0184706   -0.0157645   -0.0149302   -0.0194962   -0.00152832  -0.015575    0.0169523    0.0528014    -0.0275817   0.0114485    -0.0315934   -0.0205151   -0.0210112   0.0252276    0.00730924   -0.0102887   -0.0059843   -0.0138629   0.00862867   0.00158213   0.0186637    -0.0483995   0.0227416    -0.0125827   0.0362476    -0.035941    0.0254417    -0.0306134   0.0308277    -0.0830877   0.0639739    -0.0852353   0.145161     -0.181435    0.129418     -0.0812999   0.20518      -0.916155    2.51276      -0.968787    0.148215     -0.056409    0.0916749    -0.136405    0.077991     -0.0755848   0.101535     -0.0710735   0.0537636    -0.0567545   0.0695681    -0.0703745  
-0.0952604   0.0599086    -0.0851458   -0.000375859 -0.0357966   0.0384221    -0.0246284   0.0139424    0.0271939    -0.0036011   0.00556022   0.0609188    -0.0400239   -0.00650883  0.00859527   -0.0362199   -0.0115776   0.0370527    0.0135641    0.00552182   0.0194122    0.00488733   0.00170831   0.0420863    -0.0576774   0.0459784    -0.0501341   0.0248236    -0.056121    0.0730653    -0.0623579   0.0470649    -0.0758962   0.0606421    -0.0694468   0.0875505    -0.0528174   0.116675     -0.0785016   0.0901324    -0.117377    0.117043     -0.120124    0.0899375    -0.0725982   0.129283     -0.968787    2.52747      -0.924767    0.181588     -0.0499234   0.128359     -0.140192    0.0954665    -0.0913855   0.0968293    -0.0955658   0.0866149    -0.0919059   0.0694303   
0.0868996    -0.0658265   0.0705182    -0.0218088   0.0624585    -0.0376757   0.0475311    -0.0178232   -0.00213837  -0.0331958   0.0294675    -0.0520737   0.0416014    -0.0229374   0.0340289    -0.00633176  -0.014039    -0.0134018   -0.0222206   0.022995     0.000687663  -0.0162849   0.0070813    -0.0780912   0.0715434    -0.0729872   0.0767354    -0.0676796   0.0444746    -0.0853156   0.0469603    -0.0983153   0.104975     -0.0378525   0.0801258    -0.077068    0.0512524    -0.0595601   -0.000124772 -0.0428591   0.0498227    -0.0422531   0.048543     -0.0474876   0.100277     -0.0454387   0.148215     -0.924767    2.52794      -0.980661    0.158791     -0.0875463   0.152193     -0.146221    0.127824     -0.0779255   0.0506178    -0.0725091   0.0603645    -0.087217   
-0.0234231   0.0377762    -0.0681556   0.0168801    -0.0014455   -0.00878102  -0.0337465   0.000942021  -0.0023943   0.028206     -0.000716964 0.00500885   0.0207845    0.00739738   -0.0409598   0.0171241    0.00360473   0.0132412    -0.0103277   0.0311983    -0.0261047   -0.0217129   0.00930954   0.0524652    -0.0301529   0.0319819    -0.00920394  -0.00866424  0.0498075    -0.00762851  0.0495786    0.0182152    -0.0549745   0.00494297   -0.0238346   0.00919439   -0.0535188   0.0362736    -0.0368131   0.0515431    -0.0767122   0.0909378    -0.0740086   0.0506126    -0.123415    0.0991906    -0.056409    0.181588     -0.980661    2.48538      -0.964972    0.1214       -0.0404782   0.0537354    -0.11304     0.0338143    0.0134537    0.00333147   -0.0248628   0.0386112   
0.0147295    -0.0320505   0.038356     -0.00893807  0.00328742   0.028618     0.02668      -0.0219841   0.0469527    -0.048323    0.00773129   -0.0189626   -0.00389434  -0.0447247   0.0758986    -0.0477634   -0.0180983   0.00446742   -0.00425929  -0.0409909   0.00227566   0.0246983    -0.0103257   -0.0295176   0.0240152    -0.0165648   -0.000652138 -0.00877924  -0.000358757 -0.0264932   -0.0213646   -0.0231983   0.046856     -0.0235986   0.075991     -0.0666349   0.0668189    -0.0773958   0.0395057    -0.0264977   0.0733899    -0.0827703   0.0624879    -0.0357419   0.0658789    -0.116534    0.0916749    -0.0499234   0.158791     -0.964972    2.47468      -0.946262    0.131483     -0.0337021   0.0986483    -0.0474824   0.0244226    -0.0308413   -0.00317886  -0.0200773  
