# d<Sz_i Sz_j >
8.924585270999999854e-04 4.363624953999999632e-03 4.037747518000000049e-03 4.026588188999999894e-03 4.061158484999999839e-03 4.371797145999999600e-03
4.363624953999999632e-03 8.911837699000000170e-04 4.366643007999999881e-03 4.021823709000000094e-03 4.057652727999999827e-03 4.070271119999999826e-03
4.037747518000000049e-03 4.366643007999999881e-03 8.952333085000000129e-04 4.329954335000000404e-03 4.042430351999999963e-03 4.054833562000000231e-03
4.026588188999999894e-03 4.021823709000000094e-03 4.329954335000000404e-03 8.839550306000000350e-04 4.332030764000000152e-03 4.066961554999999964e-03
4.061158484999999839e-03 4.057652727999999827e-03 4.042430351999999963e-03 4.332030764000000152e-03 8.903120652999999820e-04 4.372775623999999861e-03
4.371797145999999600e-03 4.070271119999999826e-03 4.054833562000000231e-03 4.066961554999999964e-03 4.372775623999999861e-03 9.023047824999999491e-04
