# <Sz_i Sz_j >
7.820876657999999981e-01 -1.135034080999999945e-01 5.781490042000000072e-03 4.607258018999999850e-03 1.596852028999999965e-02 -1.163901784999999967e-01
-1.135034080999999945e-01 7.825521171000000553e-01 -1.108359265999999954e-01 6.903460567000000055e-03 -2.837243905999999993e-03 1.544522052999999957e-02
5.781490042000000072e-03 -1.108359265999999954e-01 7.824108866000000218e-01 -1.095642671999999956e-01 9.847983987000000217e-03 -3.314598419999999820e-03
4.607258018999999850e-03 6.903460567000000055e-03 -1.095642671999999956e-01 7.809361596999999655e-01 -1.199004230000000060e-01 9.792465852000000262e-03
1.596852028999999965e-02 -2.837243905999999993e-03 9.847983987000000217e-03 -1.199004230000000060e-01 7.837359725000000443e-01 -1.226089404999999993e-01
-1.163901784999999967e-01 1.544522052999999957e-02 -3.314598419999999820e-03 9.792465852000000262e-03 -1.226089404999999993e-01 7.835747902999999903e-01
