Spin-spin correlation function <S_i S_j>
2.235089462   -1.391629463  0.2630455915  -0.4065138108 0.2998409359  -0.1600753481 0.1192759614  -0.26245895   0.2405955563  -1.115516771 
-1.391629463  2.223817525   -1.055629881  0.5296898346  -0.8081068798 0.3822401926  -0.235430431  0.16070632    -0.3120917356 0.3534850538 
0.2630455915  -1.055629881  2.215965343   -1.160333385  0.5508404202  -0.5645269105 0.2509955266  -0.486095553  0.1934804238  -0.7529789629
-0.4065138108 0.5296898346  -1.160333385  2.179715246   -1.378391658  0.3596328965  -0.3371928322 0.3967842064  -0.3464529354 0.2484246151 
0.2998409359  -0.8081068798 0.5508404202  -1.378391658  2.179038189   -1.606382236  0.2339598518  -0.3615132213 0.261283028   -0.3085960587
-0.1600753481 0.3822401926  -0.5645269105 0.3596328965  -1.606382236  2.200773564   -1.216628062  0.2441110108  -0.2928847648 0.1004457967 
0.1192759614  -0.235430431  0.2509955266  -0.3371928322 0.2339598518  -1.216628062  2.289736216   -1.099252564  0.3677661878  -0.2600474253
-0.26245895   0.16070632    -0.486095553  0.3967842064  -0.3615132213 0.2441110108  -1.099252564  2.247517864   -1.278853675  0.5029751612 
0.2405955563  -0.3120917356 0.1934804238  -0.3464529354 0.261283028   -0.2928847648 0.3677661878  -1.278853675  2.168311801   -1.250068664 
-1.115516771  0.3534850538  -0.7529789629 0.2484246151  -0.3085960587 0.1004457967  -0.2600474253 0.5029751612  -1.250068664  2.233511363  

2.310185241    -1.782809815   0.2786104462   -0.2564302872  0.08948429807  0.05705806437  0.0337340473   -0.2989111879  0.8979435223   -1.232142139  
-1.782809815   2.293340636    -1.448718091   0.1892247951   -0.04489313539 0.3539121225   -0.2239341039  0.2345453658   -0.5475490221  0.3945286863  
0.2786104462   -1.448718091   2.311927615    -1.289387431   0.4339785637   -0.5414176055  0.4719699908   -0.6901855121  0.3662466986   -0.7796304016 
-0.2564302872  0.1892247951   -1.289387431   2.311322114    -1.586159294   0.2640148245   -0.2654211289  0.3230094223   -0.2314115701  0.2475716294  
0.08948429807  -0.04489313539 0.4339785637   -1.586159294   2.313219767    -1.14846485    0.4125915404   -0.5114233997  0.2000235818   -0.358790716  
0.05705806437  0.3539121225   -0.5414176055  0.2640148245   -1.14846485    2.372203247    -1.446269577   0.3708152472   -0.1382185501  0.09257000313 
0.0337340473   -0.2239341039  0.4719699908   -0.2654211289  0.4125915404   -1.446269577   2.336359044    -1.170515504   0.9822042782   -0.3382165502 
-0.2989111879  0.2345453658   -0.6901855121  0.3230094223   -0.5114233997  0.3708152472   -1.170515504   2.399426133    -1.089248034   0.4424380461  
0.8979435223   -0.5475490221  0.3662466986   -0.2314115701  0.2000235818   -0.1382185501  0.9822042782   -1.089248034   2.409938024    -1.477548869  
-1.232142139   0.3945286863   -0.7796304016  0.2475716294   -0.358790716   0.09257000313  -0.3382165502  0.4424380461   -1.477548869   2.377498792   

2.431988457    -1.396347011   0.2507711005   -0.6712352036  0.0283858552   0.01603430503  -0.02293197831 0.01627034022  0.2193997618   -1.436619952  
-1.396347011   2.435896224    -0.7143323193  0.3988933381   0.004834468445 0.1049149824   0.04626329059  -0.0307162515  -0.3466387151  0.3791531837  
0.2507711005   -0.7143323193  2.461457931    -1.456171954   0.3628926894   -0.44848729    0.2106671774   -0.3214560043  0.1769323333   -0.3563196628 
-0.6712352036  0.3988933381   -1.456171954   2.386128755    -1.4072448     0.5383600789   -0.3806227159  0.209570612    -0.4818822766  0.2870425161  
0.0283858552   0.004834468445 0.3628926894   -1.4072448     2.375887648    -1.671100189   1.065932656    -0.3589718209  0.2796387674   -0.1045426242 
0.01603430503  0.1049149824   -0.44848729    0.5383600789   -1.671100189   2.358068432    -1.462673365   0.3909924868   -0.2020548418  0.02774855996 
-0.02293197831 0.04626329059  0.2106671774   -0.3806227159  1.065932656    -1.462673365   2.393033997    -1.614723804   0.1537648432   -0.06913011146
0.01627034022  -0.0307162515  -0.3214560043  0.209570612    -0.3589718209  0.3909924868   -1.614723804   2.472721833    -0.6188283198  0.0863145602  
0.2193997618   -0.3466387151  0.1769323333   -0.4818822766  0.2796387674   -0.2020548418  0.1537648432   -0.6188283198  2.460801777    -1.606091923  
-1.436619952   0.3791531837   -0.3563196628  0.2870425161   -0.1045426242  0.02774855996  -0.06913011146 0.0863145602   -1.606091923   2.440266625   

2.333997639      -1.448105429     0.1886275953     -0.2118066109    0.01973023665    -0.1498812752    0.1361206942     -0.02706590865   0.3648862607     -1.43490407     
-1.448105429     2.39224088       -1.063068609     1.859141108      -0.03168297517   0.130910986      -2.197491828     0.08014164527    -4.06660959      0.4365661017    
0.1886275953     -1.063068609     2.434693042      -1.487650471     0.2444294079     -0.4393057963    0.2902310289     -0.2905729671    0.3699491241     -0.1018004697   
-0.2118066109    1.859141108      -1.487650471     2.436548943      -1.252845849     0.4178119777     -0.3002027963    0.1749374051     -0.3601620423    0.2751017533    
0.01973023665    -0.03168297517   0.2444294079     -1.252845849     2.449093796      -2.012944292     0.4906463313     -0.5496931808    0.181556053      -7.329798995e-05
-0.1498812752    0.130910986      -0.4393057963    0.4178119777     -2.012944292     2.517880012      -0.8823022709    0.4250536207     -0.07073867058   0.004804534737  
0.1361206942     -2.197491828     0.2902310289     -0.3002027963    0.4906463313     -0.8823022709    2.459383056      -1.923388324     0.06832923796    -0.0399528897   
-0.02706590865   0.08014164527    -0.2905729671    0.1749374051     -0.5496931808    0.4250536207     -1.923388324     2.460703043      -0.4307324122    0.261356269     
0.3648862607     -4.06660959      0.3699491241     -0.3601620423    0.181556053      -0.07073867058   0.06832923796    -0.4307324122    2.511960186      -1.320816322    
-1.43490407      0.4365661017     -0.1018004697    0.2751017533     -7.329798995e-05 0.004804534737   -0.0399528897    0.261356269      -1.320816322     2.367748757     

2.266469637     -1.514603506    0.363171472     -0.1175945067   0.0748932884    0.1264228275    0.006619275698  -0.03155213955  0.2305044749    -1.276806355   
-1.514603506    2.353403773     -0.7322417162   0.2482348271    0.03253882367   -0.2039502168   -0.06249014778  -0.0165275759   -0.5130688561   0.5664866269   
0.363171472     -0.7322417162   2.457532891     -1.241874832    0.3222095475    -0.3974277279   0.1559440508    -0.5132624664   -0.1146637583   -0.008083145074
-0.1175945067   0.2482348271    -1.241874832    2.443859374     -1.12334        0.5309997555    -0.1644292241   0.3743696749    0.01343715275   -0.07130370122 
0.0748932884    0.03253882367   0.3222095475    -1.12334        2.446015759     -1.3140552      0.444249515     -0.4646611881   -0.09505939236  0.08449488734  
0.1264228275    -0.2039502168   -0.3974277279   0.5309997555    -1.3140552      2.470651888     -0.9391643749   0.5062900895    0.1870202588    -0.2448902077  
0.006619275698  -0.06249014778  0.1559440508    -0.1644292241   0.444249515     -0.9391643749   2.443270939     -1.909821524    0.0406430172    0.01347220076  
-0.03155213955  -0.0165275759   -0.5132624664   0.3743696749    -0.4646611881   0.5062900895    -1.909821524    2.519947341     -0.5115776316   -0.02274764356 
0.2305044749    -0.5130688561   -0.1146637583   0.01343715275   -0.09505939236  0.1870202588    0.0406430172    -0.5115776316   2.553731694     -1.180934806   
-1.276806355    0.5664866269    -0.008083145074 -0.07130370122  0.08449488734   -0.2448902077   0.01347220076   -0.02274764356  -1.180934806    2.37643703     

2.312446189     -1.555844609    0.1750469637    -0.2256414635   -0.06268748514  0.1003929659    0.0005727806853 0.05142648967   0.2417422379    -1.143567596   
-1.555844609    2.361139353     -0.6138419401   0.6995608977    0.1013975602    0.6132979307    -0.2537217978   0.04159983488   -0.5339388758   0.3408606193   
0.1750469637    -0.6138419401   2.436763656     -1.422338518    0.182309151     -0.3722283022   1.368789473     -0.1588883377   -0.06885578536  -0.06020279792 
-0.2256414635   0.6995608977    -1.422338518    2.440467705     -0.8254151139   0.1624339766    -0.04286826676  0.02290495759   -0.05618367434  0.04383338635  
-0.06268748514  0.1013975602    0.182309151     -0.8254151139   2.449869553     -1.486224446    1.683520215     -0.3697662795   -0.04623854191  0.01566005298  
0.1003929659    0.6132979307    -0.3722283022   0.1624339766    -1.486224446    2.497382902     -0.8242469718   0.5811512293    -1.600691469    2.916109932    
0.0005727806853 -0.2537217978   1.368789473     -0.04286826676  1.683520215     -0.8242469718   2.424784921     -2.112457755    0.2338319892    -0.7383130998  
0.05142648967   0.04159983488   -0.1588883377   0.02290495759   -0.3697662795   0.5811512293    -2.112457755    2.460315219     -0.6093354301   0.3620635357   
0.2417422379    -0.5339388758   -0.06885578536  -0.05618367434  -0.04623854191  -1.600691469    0.2338319892    -0.6093354301   2.375349135     -2.030001915   
-1.143567596    0.3408606193    -0.06020279792  0.04383338635   0.01566005298   2.916109932     -0.7383130998   0.3620635357    -2.030001915    2.228730543    

2.416593898     -1.23192763     0.4602545624    -0.2058988056   0.2591815253    0.1406680716    0.1733075226    -0.175737258    0.4173292056    -1.38036797    
-1.23192763     2.467179153     -0.7095142138   0.2331084528    -1.233822248    0.4331923943    -1.194129505    0.439696447     -0.7495049434   0.4391995749   
0.4602545624    -0.7095142138   2.475706914     -1.039621187    0.4342961594    -0.227589405    0.03982821074   -0.1183789382   0.02923918089   -0.003833954994
-0.2058988056   0.2331084528    -1.039621187    2.356943843     -1.086093975    0.5832200299    -0.1495191085   0.1616792152    -0.05880267113  -0.112280283   
0.2591815253    -1.233822248    0.4342961594    -1.086093975    2.273890559     -1.977899761    0.3222063617    -0.5534217602   0.1708735854    0.02466349628  
0.1406680716    0.4331923943    -0.227589405    0.5832200299    -1.977899761    2.354367315     -0.8032010658   0.6231209323    -0.1111776384   -0.06859599535 
0.1733075226    -1.194129505    0.03982821074   -0.1495191085   0.3222063617    -0.8032010658   2.319951769     -1.872127318    0.1207055247    -0.186117393   
-0.175737258    0.439696447     -0.1183789382   0.1616792152    -0.5534217602   0.6231209323    -1.872127318    2.346175524     -0.6031451191   0.2885879616   
0.4173292056    -0.7495049434   0.02923918089   -0.05880267113  0.1708735854    -0.1111776384   0.1207055247    -0.6031451191   2.434358004     -1.498491657   
-1.38036797     0.4391995749    -0.003833954994 -0.112280283    0.02466349628   -0.06859599535  -0.186117393    0.2885879616    -1.498491657    2.348473127    

2.341365526    -1.385273454   0.3381813193   -0.5853437048  0.3825061188   -0.2159513806  0.7821903624   -0.04772813175 0.1655166626   -1.160880448  
-1.385273454   2.361763141    -0.8890719672  0.07983531447  -0.0594336406  0.2315661888   -0.2695070047  0.03152020251  -0.5876240713  0.1625709443  
0.3381813193   -0.8890719672  2.450148516    -0.9012801911  0.02783342536  -0.5900884732  0.2144507469   -0.08965806479 0.7329310134   -0.4413584027 
-0.5853437048  0.07983531447  -0.9012801911  2.38572463     -1.329330941   0.4980162116   -0.5374582849  0.3666247768   -1.104365042   0.3255423443  
0.3825061188   -0.0594336406  0.02783342536  -1.329330941   2.362286325    -1.608623233   0.3140177564   -0.2277534734  0.02131037464  0.02973274643 
-0.2159513806  0.2315661888   -0.5900884732  0.4980162116   -1.608623233   2.421935708    -0.8557884126  0.2315598504   -0.2683559916  0.2794784121  
0.7821903624   -0.2695070047  0.2144507469   -0.5374582849  0.3140177564   -0.8557884126  2.401284156    -1.424966676   0.5913661627   -0.7972058813 
-0.04772813175 0.03152020251  -0.08965806479 0.3666247768   -0.2277534734  0.2315598504   -1.424966676   2.438070757    -0.9942021496  0.0800248272  
0.1655166626   -0.5876240713  0.7329310134   -1.104365042   0.02131037464  -0.2683559916  0.5913661627   -0.9942021496  2.367639555    -1.802521291  
-1.160880448   0.1625709443   -0.4413584027  0.3255423443   0.02973274643  0.2794784121   -0.7972058813  0.0800248272   -1.802521291   2.277763195   

2.302114337     -1.91192993     0.1333032451    -0.1753520924   0.2451310755    0.01616959207   0.1749541922    -0.1714109811   0.5602444712    -1.380092663   
-1.91192993     2.274258224     -1.208850518    0.214868055     -0.7337986094   -0.03557294676  -0.6343091712   2.846276009     -0.4631733012   1.731642656    
0.1333032451    -1.208850518    2.317948583     -1.440093585    1.289986247     -0.1945305217   -0.04840504405  -0.006848601808 0.1528112051    -0.4575269392  
-0.1753520924   0.214868055     -1.440093585    2.310814327     -1.314520564    0.474224626     -0.2891537825   0.4628167766    -0.7516312703   0.4086516125   
0.2451310755    -0.7337986094   1.289986247     -1.314520564    2.299374026     -1.437747077    0.2165624937    -0.3548106333   3.353069621     -0.6833405786  
0.01616959207   -0.03557294676  -0.1945305217   0.474224626     -1.437747077    2.359050967     -1.137247299    0.424682532     -0.2251244052   0.1340815363   
0.1749541922    -0.6343091712   -0.04840504405  -0.2891537825   0.2165624937    -1.137247299    2.309088636     -1.888177678    0.27770427      -0.193472865   
-0.1714109811   2.846276009     -0.006848601808 0.4628167766    -0.3548106333   0.424682532     -1.888177678    2.318188195     -0.6525264351   0.2750170049   
0.5602444712    -0.4631733012   0.1528112051    -0.7516312703   3.353069621     -0.2251244052   0.27770427      -0.6525264351   2.476340523     -1.224140984   
-1.380092663    1.731642656     -0.4575269392   0.4086516125    -0.6833405786   0.1340815363    -0.193472865    0.2750170049    -1.224140984    2.429856116    

2.346044394     -1.379885685    0.08591269664   -0.4792942205   0.6110060521    -0.06487982875  0.1202170672    -0.4629928403   1.215320241     -1.155474887   
-1.379885685    2.37743116      -0.8790810954   0.6538605692    0.005154002692  0.2248658448    0.04283794724   1.762735142     -0.7024142911   1.439517153    
0.08591269664   -0.8790810954   2.419287505     -1.514063781    0.846885634     -0.2769077699   0.1322442143    -0.2908901244   0.3173855626    -0.005759846938
-0.4792942205   0.6538605692    -1.514063781    2.430261472     -0.7522058291   0.2336161879    -0.02567194428  -0.04262810633  -0.1450729251   -0.07834863116 
0.6110060521    0.005154002692  0.846885634     -0.7522058291   2.404957762     -1.973476851    0.2957279068    -0.4063609441   0.1431013077    -0.06652088746 
-0.06487982875  0.2248658448    -0.2769077699   0.2336161879    -1.973476851    2.424924145     -0.7581947854   0.2500777797    -0.07962391235  0.1195603878   
0.1202170672    0.04283794724   0.1322442143    -0.02567194428  0.2957279068    -0.7581947854   2.312547986     -2.104318431    0.5395103971    -0.1421458086  
-0.4629928403   1.762735142     -0.2908901244   -0.04262810633  -0.4063609441   0.2500777797    -2.104318431    2.310167413     -0.8602233607   0.2352088298   
1.215320241     -0.7024142911   0.3173855626    -0.1450729251   0.1431013077    -0.07962391235  0.5395103971    -0.8602233607   2.473206464     -1.123621761   
-1.155474887    1.439517153     -0.005759846938 -0.07834863116  -0.06652088746  0.1195603878    -0.1421458086   0.2352088298    -1.123621761    2.446918716    

2.402727123    -1.25073844    0.5025495503   0.009111484243 0.09098980977  0.1042971445   -0.06281966489 0.0494350075   0.3498776392   -1.00896816   
-1.25073844    2.417098297    -0.6799388732  0.1697162686   -0.0303292646  0.05970765987  -0.09332779772 0.1885604542   -3.0943516     0.3224198631  
0.5025495503   -0.6799388732  2.47938258     -1.212606987   1.416304269    -0.5101832296  0.141958696    -0.3852047672  0.8982662523   0.08768501388 
0.009111484243 0.1697162686   -1.212606987   2.514161944    -0.8221845022  0.2631974785   -0.03979532387 0.08930471089  -0.1414041222  -0.2331654135 
0.09098980977  -0.0303292646  1.416304269    -0.8221845022  2.395362724    -1.992655899   0.2727254106   -0.5563561328  0.5048744959   -0.09459536524
0.1042971445   0.05970765987  -0.5101832296  0.2631974785   -1.992655899   2.355812411    -1.31308299    0.467131786    -0.2279292656  0.04743804828 
-0.06281966489 -0.09332779772 0.141958696    -0.03979532387 0.2727254106   -1.31308299    2.344243846    -2.048258756   0.6222883348   -0.0874096115 
0.0494350075   0.1885604542   -0.3852047672  0.08930471089  -0.5563561328  0.467131786    -2.048258756   2.344013217    -0.9325616425  0.2511400017  
0.3498776392   -3.0943516     0.8982662523   -0.1414041222  0.5048744959   -0.2279292656  0.6222883348   -0.9325616425  2.443483902    -1.610037298  
-1.00896816    0.3224198631   0.08768501388  -0.2331654135  -0.09459536524 0.04743804828  -0.0874096115  0.2511400017   -1.610037298   2.463522513   

2.392596439     -1.365705448    0.2025726653    -0.1240967664   -0.002762566068 0.00356336632   0.02681888404   -0.004522786901 0.260049421     -1.401299724   
-1.365705448    2.451642262     -1.000266562    0.1373676671    0.009484258103  -0.004697512753 -0.1378040538   0.1083403189    -0.4584434483   0.2267507364   
0.2025726653    -1.000266562    2.415729533     -1.525620958    0.175161694     -0.4111043149   0.1432762522    -0.1966481791   0.2847144755    -0.03420352387 
-0.1240967664   0.1373676671    -1.525620958    2.4397298       -0.8068864065   0.2569986685    -0.1253529811   0.2794855791    -0.2532443345   0.04094075677  
-0.002762566068 0.009484258103  0.175161694     -0.8068864065   2.490162081     -1.448172246    0.276208664     -0.5824123725   0.2387726579    -0.1816636368  
0.00356336632   -0.004697512753 -0.4111043149   0.2569986685    -1.448172246    2.410561582     -1.074918456    0.3178931436    -0.2110967556   0.1755014973   
0.02681888404   -0.1378040538   0.1432762522    -0.1253529811   0.276208664     -1.074918456    2.323306266     -2.05770938     0.788487649     -1.456037173   
-0.004522786901 0.1083403189    -0.1966481791   0.2794855791    -0.5824123725   0.3178931436    -2.05770938     2.387003691     -0.797306722    0.1856790897   
0.260049421     -0.4584434483   0.2847144755    -0.2532443345   0.2387726579    -0.2110967556   0.788487649     -0.797306722    2.480026796     -1.472647262   
-1.401299724    0.2267507364    -0.03420352387  0.04094075677   -0.1816636368   0.1755014973    -1.456037173    0.1856790897    -1.472647262    2.404498245    

2.39039596     -1.472452501   2.003496134    -0.247084752   0.1057633805   -0.1188943254  0.05891316714  -0.07918381829 0.4926988487   -1.297488069  
-1.472452501   2.440900104    -1.112422389   0.240937838    -0.0531780854  0.02568204309  -0.04243080482 0.1168766168   -0.4746170273  0.2635285446  
2.003496134    -1.112422389   2.400526081    -1.310957839   0.4866853033   -0.1299696148  0.04296704503  -0.1705110988  0.2489470953   -0.4370499083 
-0.247084752   0.240937838    -1.310957839   2.399325995    -1.104160485   0.320042046    -0.1833108174  0.1122583698   -0.3149563187  0.006406713001
0.1057633805   -0.0531780854  0.4866853033   -1.104160485   2.474965829    -1.430891114   0.3172233597   -0.3576817206  0.2907663178   -0.4186741415 
-0.1188943254  0.02568204309  -0.1299696148  0.320042046    -1.430891114   2.466409038    -0.8448138996  1.189154473    -0.5479112924  0.3059799412  
0.05891316714  -0.04243080482 0.04296704503  -0.1833108174  0.3172233597   -0.8448138996  2.454339083    -1.984821583   0.4003190784   -0.2318387108 
-0.07918381829 0.1168766168   -0.1705110988  0.1122583698   -0.3576817206  1.189154473    -1.984821583   2.442545428    -0.7754805981  0.2341620217  
0.4926988487   -0.4746170273  0.2489470953   -0.3149563187  0.2907663178   -0.5479112924  0.4003190784   -0.7754805981  2.410918122    -1.668718398  
-1.297488069   0.2635285446   -0.4370499083  0.006406713001 -0.4186741415  0.3059799412   -0.2318387108  0.2341620217   -1.668718398   2.369337164   

2.398653858   -1.466563123  0.2238257558  -0.1209083304 0.1819305348  -0.3666318112 0.1155633233  -0.2041464183 0.5541411688  -1.476376031 
-1.466563123  2.456245316   -0.9687371588 0.2647016609  -0.2184005403 0.2441978046  -0.3426297843 0.3913408604  -0.4011753822 0.5875943469 
0.2238257558  -0.9687371588 2.384142399   -1.395460841  0.1967515311  -0.3964713063 0.1939081963  -0.307194882  0.3029811155  -0.1419296497
-0.1209083304 0.2647016609  -1.395460841  2.455197658   -1.107102103  0.2571524971  -0.2028955762 0.1570543329  -0.2806531381 0.1088000542 
0.1819305348  -0.2184005403 0.1967515311  -1.107102103  2.460532413   -1.451031257  0.1884633701  -0.5330690336 0.3262396385  -0.4400995982
-0.3666318112 0.2441978046  -0.3964713063 0.2571524971  -1.451031257  2.432331449   -1.00957047   0.3796350254  -0.5270386778 0.3495586327 
0.1155633233  -0.3426297843 0.1939081963  -0.2028955762 0.1884633701  -1.00957047   2.411561531   -2.088956338  0.412014439   -0.4733767895
-0.2041464183 0.3913408604  -0.307194882  0.1570543329  -0.5330690336 0.3796350254  -2.088956338  2.436322786   -0.750763679  0.3268465343 
0.5541411688  -0.4011753822 0.3029811155  -0.2806531381 0.3262396385  -0.5270386778 0.412014439   -0.750763679  2.420420117   -1.487505975 
-1.476376031  0.5875943469  -0.1419296497 0.1088000542  -0.4400995982 0.3495586327  -0.4733767895 0.3268465343  -1.487505975  2.338012718  

2.367501138     -1.441813001    0.2407481824    -0.1557121282   -0.009228722085 -0.2002702751   0.2972786441    -0.245026144    0.2082257044    -1.201846639   
-1.441813001    2.345578522     -1.205379709    0.2544963383    -0.1432706358   0.2801482275    -0.3595389978   0.2670884648    -0.5015713161   0.3629035086   
0.2407481824    -1.205379709    2.392733387     -1.658699182    0.2240328282    -0.4223406642   0.1996941909    -0.1360924502   0.1823044406    -0.2105079815  
-0.1557121282   0.2544963383    -1.658699182    2.454506521     -0.782700211    0.4299314776    -0.1549705661   0.07973612663   -0.1864192088   0.1526975266   
-0.009228722085 -0.1432706358   0.2240328282    -0.782700211    2.423870491     -1.98077811     0.1590381061    -0.08996806499  0.1836336065    -0.1795209311  
-0.2002702751   0.2801482275    -0.4223406642   0.4299314776    -1.98077811     2.441602538     -0.5512686444   0.36759521      -0.6698062795   0.2723524475   
0.2972786441    -0.3595389978   0.1996941909    -0.1549705661   0.1590381061    -0.5512686444   2.403089455     -2.079403507    0.4695923233    -0.3998209981  
-0.245026144    0.2670884648    -0.1360924502   0.07973612663   -0.08996806499  0.36759521      -2.079403507    2.324691169     -1.060351705    0.2927271868   
0.2082257044    -0.5015713161   0.1823044406    -0.1864192088   0.1836336065    -0.6698062795   0.4695923233    -1.060351705    2.432579425     -1.086066937   
-1.201846639    0.3629035086    -0.2105079815   0.1526975266    -0.1795209311   0.2723524475    -0.3998209981   0.2927271868    -1.086066937    2.397655828    

2.486219711    -1.574656956   0.4905043056   -0.3677799157  0.01357738026  -0.1791200148  0.4693683101   -0.3658222684  0.5095526422   -0.9706276504 
-1.574656956   2.453007458    -1.176592946   0.4000917326   -0.05874687214 0.2239312367   -0.3852942478  0.2987599946   -0.4108942208  0.4699092054  
0.4905043056   -1.176592946   2.334754377    -2.496431499   0.0689432106   -0.6561781562  0.2390129766   -0.3293934768  0.5091343889   -0.4383001788 
-0.3677799157  0.4000917326   -2.496431499   2.378472904    -0.5772686976  0.06777497869  -0.1944596411  0.1683704108   -0.2038093688  0.1903228609  
0.01357738026  -0.05874687214 0.0689432106   -0.5772686976  2.408315673    -1.783306201   0.1268022841   -0.08379913052 0.4341259611   -0.8153723286 
-0.1791200148  0.2239312367   -0.6561781562  0.06777497869  -1.783306201   2.430025951    -0.4389506274  0.2104355628   -0.325152553   0.2291229928  
0.4693683101   -0.3852942478  0.2390129766   -0.1944596411  0.1268022841   -0.4389506274  2.480706139    -1.92980571    1.169577294    -2.153278777  
-0.3658222684  0.2987599946   -0.3293934768  0.1683704108   -0.08379913052 0.2104355628   -1.92980571    2.405976474    -1.282786224   0.6021500732  
0.5095526422   -0.4108942208  0.5091343889   -0.2038093688  0.4341259611   -0.325152553   1.169577294    -1.282786224   2.449551397    -1.404919928  
-0.9706276504  0.4699092054   -0.4383001788  0.1903228609   -0.8153723286  0.2291229928   -2.153278777   0.6021500732   -1.404919928   2.482062844   

2.452984193    -1.762637125   0.4262443792   -0.4154984326  -0.1273692848  -0.03023648919 0.3629452495   -0.380148673   0.3208282114   -0.8386847284 
-1.762637125   2.393128118    -0.9881842315  0.2758582368   -0.05116737093 -0.01608825942 -0.3577059517  0.2590358657   -0.2708659232  0.2628372529  
0.4262443792   -0.9881842315  2.398481237    -1.639292585   0.1664694998   -0.20101636    0.216686018    -0.2660183068  0.1408331363   -0.08945315202
-0.4154984326  0.2758582368   -1.639292585   2.449300422    -0.6140684774  0.1060466416   -0.3025512931  0.224144111    -0.06008398073 0.005960823799
-0.1273692848  -0.05116737093 0.1664694998   -0.6140684774  2.390519396    -2.107939042   0.2258609335   -0.1713203603  -0.0334051477  0.0608345133  
-0.03023648919 -0.01608825942 -0.20101636    0.1060466416   -2.107939042   2.387076354    -0.7265737002  0.2177383113   -0.0466193435  0.02806430986 
0.3629452495   -0.3577059517  0.216686018    -0.3025512931  0.2258609335   -0.7265737002  2.443625681    -1.615388538   0.3496806436   -0.402222256  
-0.380148673   0.2590358657   -0.2660183068  0.224144111    -0.1713203603  0.2177383113   -1.615388538   2.407145865    -0.8570497147  0.4070848726  
0.3208282114   -0.2708659232  0.1408331363   -0.06008398073 -0.0334051477  -0.0466193435  0.3496806436   -0.8570497147  2.400981029    -1.706558792  
-0.8386847284  0.2628372529   -0.08945315202 0.005960823799 0.0608345133   0.02806430986  -0.402222256   0.4070848726   -1.706558792   2.455069394   

2.454978689    -1.573613306   0.764038922    -0.5423346783  -0.03904649331 0.01548764603  0.2522366288   -0.3360136633  0.3038684536   -0.5752023658 
-1.573613306   2.371712748    -1.009389728   0.3484092686   -0.03698506979 0.02693859363  -0.2292057017  0.5450888693   -0.3155424459  0.3371101614  
0.764038922    -1.009389728   2.419222167    -1.421204218   0.2048939798   -0.5392899396  0.1590045366   -0.3488571276  0.07092572867  -0.02637908968
-0.5423346783  0.3484092686   -1.421204218   2.439556939    -0.9680873598  1.741497907    -0.5477088339  0.2694619071   -0.2023747154  -0.01652715595
-0.03904649331 -0.03698506979 0.2048939798   -0.9680873598  2.431053675    -1.764766542   0.1393369652   -0.1822784858  0.05197175215  -0.1040569966 
0.01548764603  0.02693859363  -0.5392899396  1.741497907    -1.764766542   2.445017547    -0.9389691793  0.1882064007   -0.02476460813 0.06868688988 
0.2522366288   -0.2292057017  0.1590045366   -0.5477088339  0.1393369652   -0.9389691793  2.455327533    -1.53980903    0.09396521243  -0.1764286648 
-0.3360136633  0.5450888693   -0.3488571276  0.2694619071   -0.1822784858  0.1882064007   -1.53980903    2.450332609    -0.7283281072  0.234373501   
0.3038684536   -0.3155424459  0.07092572867  -0.2023747154  0.05197175215  -0.02476460813 0.09396521243  -0.7283281072  2.458760816    -1.656000009  
-0.5752023658  0.3371101614   -0.02637908968 -0.01652715595 -0.1040569966  0.06868688988  -0.1764286648  0.234373501    -1.656000009   2.462620598   

2.480712893    -1.777881553   0.2977521315   -0.4130330413  0.07958925369  -0.07798474602 0.2776326082   -0.2244117109  0.4277338209   -0.431932671  
-1.777881553   2.452093947    -0.7554823128  0.4189910348   -0.1384958904  0.1048970235   -0.5298809737  1.121297379    -0.2815379601  0.3776668812  
0.2977521315   -0.7554823128  2.465098028    -2.106639227   0.3067126886   -0.3020804622  0.1957449786   -0.3515362818  0.1377577746   -0.115577933  
-0.4130330413  0.4189910348   -2.106639227   2.493376956    -0.6783602161  0.3836714552   -1.892569021   0.9761994533   -0.1681475861  0.09110133355 
0.07958925369  -0.1384958904  0.3067126886   -0.6783602161  2.442597884    -2.026464841   0.670040985    -0.6998227949  0.1280663771   -0.445616372  
-0.07798474602 0.1048970235   -0.3020804622  0.3836714552   -2.026464841   2.297072481    -1.682630952   0.6624122769   -0.1955961595  0.405567984   
0.2776326082   -0.5298809737  0.1957449786   -1.892569021   0.670040985    -1.682630952   2.234313269    -2.241073807   0.29448813     -0.6226944938 
-0.2244117109  1.121297379    -0.3515362818  0.9761994533   -0.6998227949  0.6624122769   -2.241073807   2.395906849    -0.5579985682  0.2607690495  
0.4277338209   -0.2815379601  0.1377577746   -0.1681475861  0.1280663771   -0.1955961595  0.29448813     -0.5579985682  2.467514917    -2.023419047  
-0.431932671   0.3776668812   -0.115577933   0.09110133355  -0.445616372   0.405567984    -0.6226944938  0.2607690495   -2.023419047   2.445127326   

2.476729992    -1.725283915   0.2434821476   -0.3038431805  -0.04741862592 0.03295547788  0.126388858    -0.1845097512  0.1972713469   -0.5076631018 
-1.725283915   2.426514288    -0.8281636192  0.245171773    0.06612146941  -0.0343105815  -0.01135318021 0.101088073    -0.116410136   0.1528141953  
0.2434821476   -0.8281636192  2.373118496    -1.733378026   0.2933316199   -0.8494030064  0.2787524586   -0.3027595165  0.1522228769   -0.1796997281 
-0.3038431805  0.245171773    -1.733378026   2.393093888    -0.691459996   0.5179109399   -0.4712324066  0.4128104766   -0.1726887187  0.1536643158  
-0.04741862592 0.06612146941  0.2933316199   -0.691459996   2.357386181    -2.298554641   0.4243388691   -0.4044055792  0.09416274901  -0.1147358933 
0.03295547788  -0.0343105815  -0.8494030064  0.5179109399   -2.298554641   2.313880782    -1.225314411   0.1447412406   -0.1692393082  0.1213786519  
0.126388858    -0.01135318021 0.2787524586   -0.4712324066  0.4243388691   -1.225314411   2.332359734    -1.647879092   0.2432357976   -0.6006943083 
-0.1845097512  0.101088073    -0.3027595165  0.4128104766   -0.4044055792  0.1447412406   -1.647879092   2.401698998    -0.8167937834  0.2141701132  
0.1972713469   -0.116410136   0.1522228769   -0.1726887187  0.09416274901  -0.1692393082  0.2432357976   -0.8167937834  2.413722259    -1.762168989  
-0.5076631018  0.1528141953   -0.1796997281  0.1536643158   -0.1147358933  0.1213786519   -0.6006943083  0.2141701132   -1.762168989   2.425499454   

2.380877599   -1.530423939  0.2691793829  -0.5370711051 0.155879762   -0.6525375203 0.2931022161  -0.6844706931 0.3699991047  -1.176806671 
-1.530423939  2.416502762   -0.7673707222 0.1983179803  0.07265273784 0.5249180036  -0.1328356404 0.652759481   -0.4043295514 0.2697792822 
0.2691793829  -0.7673707222 2.33889933    -1.985217883  0.5736508385  -0.3967644804 0.7236557875  -0.5777784938 0.210870408   -0.1734405418
-0.5370711051 0.1983179803  -1.985217883  2.365581063   -0.9726764335 0.4023318641  -0.6941579572 0.4261692497  -0.2055563625 0.1264303394 
0.155879762   0.07265273784 0.5736508385  -0.9726764335 2.366016831   -1.403708866  0.3035969014  -0.6755603775 0.07986554751 -0.1184635407
-0.6525375203 0.5249180036  -0.3967644804 0.4023318641  -1.403708866  2.378553328   -0.7036881103 0.1423720621  -0.1170760261 0.3388519995 
0.2931022161  -0.1328356404 0.7236557875  -0.6941579572 0.3035969014  -0.7036881103 2.459059472   -1.637967852  0.3909012405  -0.205592926 
-0.6844706931 0.652759481   -0.5777784938 0.4261692497  -0.6755603775 0.1423720621  -1.637967852  2.432138617   -0.7264236269 0.3259293679 
0.3699991047  -0.4043295514 0.210870408   -0.2055563625 0.07986554751 -0.1170760261 0.3909012405  -0.7264236269 2.384744292   -1.630474957 
-1.176806671  0.2697792822  -0.1734405418 0.1264303394  -0.1184635407 0.3388519995  -0.205592926  0.3259293679  -1.630474957  2.364529845  

2.293146717    -1.402417825   0.7852616363   -0.9891816301  0.1487733931   -1.059986428   0.148835494    -2.049936093   1.395771763    -1.136051516  
-1.402417825   2.322703977    -1.207118017   0.5065466212   -0.04196193325 0.153986776    -0.03565739787 0.6337363254   -0.2584104279  0.4165343032  
0.7852616363   -1.207118017   2.276375448    -1.808147222   0.1718293525   -0.5682739339  0.09467319166  -0.5155461722  0.1259828465   -1.087630299  
-0.9891816301  0.5065466212   -1.808147222   2.277672082    -1.431573641   0.4291309101   -0.3488575544  0.2542993568   -0.3382642283  0.3038949057  
0.1487733931   -0.04196193325 0.1718293525   -1.431573641   2.254639986    -1.592635123   0.6186621524   -1.38611977    0.1587860428   -0.1380732794 
-1.059986428   0.153986776    -0.5682739339  0.4291309101   -1.592635123   2.283762744    -0.9353378865  0.09360694931  -0.127293252   0.09263985631 
0.148835494    -0.03565739787 0.09467319166  -0.3488575544  0.6186621524   -0.9353378865  2.378418171    -1.365252981   0.3305753555   -0.3113405898 
-2.049936093   0.6337363254   -0.5155461722  0.2542993568   -1.38611977    0.09360694931  -1.365252981   2.427923024    -1.076306321   0.4681602296  
1.395771763    -0.2584104279  0.1259828465   -0.3382642283  0.1587860428   -0.127293252   0.3305753555   -1.076306321   2.33578692     -2.126319904  
-1.136051516   0.4165343032   -1.087630299   0.3038949057   -0.1380732794  0.09263985631  -0.3113405898  0.4681602296   -2.126319904   2.230647212   

2.314464362    -1.355814254   0.2728777816   -0.4057283242  0.2278215316   -2.465263693   0.265472423    -0.4814683884  0.315597274    -1.056611446  
-1.355814254   2.294443361    -1.060762205   0.1882086594   -0.5168303496  0.7136891702   0.01919639574  0.10971548     -0.481558234   0.294374203   
0.2728777816   -1.060762205   2.363522876    -0.9565835025  0.6537347979   -0.2463661099  0.04773683649  -0.4904008435  0.3842164336   -0.6081781103 
-0.4057283242  0.1882086594   -0.9565835025  2.36137913     -1.518586909   0.2467509449   -0.04777563359 0.1504079417   -0.2147590776  0.1908867545  
0.2278215316   -0.5168303496  0.6537347979   -1.518586909   2.385847829    -1.098548512   0.09165588572  -0.331376733   0.2165940178   -0.3724137035 
-2.465263693   0.7136891702   -0.2463661099  0.2467509449   -1.098548512   2.381691626    -1.133723985   0.3954986661   -0.1815821841  1.327268293   
0.265472423    0.01919639574  0.04773683649  -0.04777563359 0.09165588572  -1.133723985   2.361542728    -1.365637742   0.2518447232   -0.6453516957 
-0.4814683884  0.10971548     -0.4904008435  0.1504079417   -0.331376733   0.3954986661   -1.365637742   2.329597192    -1.160779702   0.5624862523  
0.315597274    -0.481558234   0.3842164336   -0.2147590776  0.2165940178   -0.1815821841  0.2518447232   -1.160779702   2.251427305    -1.640409955  
-1.056611446   0.294374203    -0.6081781103  0.1908867545   -0.3724137035  1.327268293    -0.6453516957  0.5624862523   -1.640409955   2.223255098   

2.348200377    -1.293767836   0.1535273887   -0.1267515902  0.01040743942  -0.2063744819  0.09891566014  -0.1531130894  0.329767609    -1.193792149  
-1.293767836   2.414258398    -0.6560163216  0.2212532314   -0.308303995   0.005132016335 0.02463052273  0.286551898    -0.417173395   0.1029543891  
0.1535273887   -0.6560163216  2.350342682    -1.602378483   0.3611047275   -0.1730986415  0.02572558832  -0.279724003   0.147858848    -0.1097195951 
-0.1267515902  0.2212532314   -1.602378483   2.296427537    -1.410978342   0.08206735662  -0.05802202743 0.2023637516   -0.1805436678  0.1739877512  
0.01040743942  -0.308303995   0.3611047275   -1.410978342   2.414382596    -1.026819837   0.08895535643  -0.5829624698  0.09584900827  0.0577726083  
-0.2063744819  0.005132016335 -0.1730986415  0.08206735662  -1.026819837   2.485408218    -1.087248036   0.798021674    -0.4224908052  0.06549163805 
0.09891566014  0.02463052273  0.02572558832  -0.05802202743 0.08895535643  -1.087248036   2.375038076    -1.617921069   0.1537292053   -0.248147902  
-0.1531130894  0.286551898    -0.279724003   0.2023637516   -0.5829624698  0.798021674    -1.617921069   2.286714318    -1.043281472   0.1562595686  
0.329767609    -0.417173395   0.147858848    -0.1805436678  0.09584900827  -0.4224908052  0.1537292053   -1.043281472   2.284147245    -1.707416022  
-1.193792149   0.1029543891   -0.1097195951  0.1739877512   0.0577726083   0.06549163805  -0.248147902   0.1562595686   -1.707416022   2.2928475     

2.333256164    -1.794490123   0.06217683559  -0.2202926004  -0.05514458228 -0.6967967266  0.2385698867   -0.4833560845  0.9133211127   -0.6139096985 
-1.794490123   2.363379104    -0.4830832848  0.2547754336   -0.4262670311  -0.0118006306  -0.07611828382 0.3349044045   -0.631382338   0.07957400045 
0.06217683559  -0.4830832848  2.294522505    -2.222332093   0.2589501582   -1.092644409   0.07716232626  -0.3612982454  0.07570128818  -0.06522961176
-0.2202926004  0.2547754336   -2.222332093   2.261548931    -1.010834321   1.381030827    -0.09972372158 0.2101663388   -1.214562726   0.06710546757 
-0.05514458228 -0.4262670311  0.2589501582   -1.010834321   2.377047913    -1.720374913   0.3134122233   -0.5158998052  0.09910265093  0.04543806917 
-0.6967967266  -0.0118006306  -1.092644409   1.381030827    -1.720374913   2.390274726    -0.6288997869  0.288523056    -0.01633526605 0.07409195956 
0.2385698867   -0.07611828382 0.07716232626  -0.09972372158 0.3134122233   -0.6288997869  2.411836296    -1.546155549   0.179233553    -0.2976391637 
-0.4833560845  0.3349044045   -0.3612982454  0.2101663388   -0.5158998052  0.288523056    -1.546155549   2.3938019      -1.078409121   0.4808907364  
0.9133211127   -0.631382338   0.07570128818  -1.214562726   0.09910265093  -0.01633526605 0.179233553    -1.078409121   2.296302588    -2.449965154  
-0.6139096985  0.07957400045  -0.06522961176 0.06710546757  0.04543806917  0.07409195956  -0.2976391637  0.4808907364   -2.449965154   2.295608343   

2.226247085      -2.448047861     0.4112811685     -3.53033993      0.8263140968     -20.87448336     10.75533472      -59.6593279      2.084343011      -0.7776020229   
-2.448047861     2.324517064      -0.5076490249    0.2737098325     -1.203838518     10.19491362      -1.112749653     4.826935025      -4.371534229     0.3734293498    
0.4112811685     -0.5076490249    2.433940662      -1.44246303      0.4705528497     -0.7096136449    0.1604604231     -0.3040838205    0.4982655211     -0.1568606901   
-3.53033993      0.2737098325     -1.44246303      2.314570311      -1.251085616     0.3634230722     -0.0009969139259 0.08974094225    -0.09380145585   0.2136006929    
0.8263140968     -1.203838518     0.4705528497     -1.251085616     2.302061718      -1.624883394     0.09032106415    -0.2326152396    1.098414091      -0.4301554797   
-20.87448336     10.19491362      -0.7096136449    0.3634230722     -1.624883394     2.32042164       -1.087889073     0.3194853676     -0.2412578034    1.220557133     
10.75533472      -1.112749653     0.1604604231     -0.0009969139259 0.09032106415    -1.087889073     2.330557408      -1.941388814     0.9043406782     -0.7832778396   
-59.6593279      4.826935025      -0.3040838205    0.08974094225    -0.2326152396    0.3194853676     -1.941388814     2.300285436      -1.225686832     2.474045578     
2.084343011      -4.371534229     0.4982655211     -0.09380145585   1.098414091      -0.2412578034    0.9043406782     -1.225686832     2.208347141      -2.039008045    
-0.7776020229    0.3734293498     -0.1568606901    0.2136006929     -0.4301554797    1.220557133      -0.7832778396    2.474045578      -2.039008045     2.208764553     

