# <Sz_i Sz_j >
7.782849491000000119e-01 -1.118707699999999944e-01 5.937175694000000094e-03 5.252856937000000134e-04 1.355009188000000017e-02 -1.106870687000000020e-01
-1.118707699999999944e-01 7.790528933999999461e-01 -1.162814194999999967e-01 2.937195193000000180e-03 -3.968606387000000145e-03 9.070352958000000784e-03
5.937175694000000094e-03 -1.162814194999999967e-01 7.786935915999999569e-01 -1.178269750999999949e-01 1.016821373000000028e-02 1.982420569999999820e-03
5.252856937000000134e-04 2.937195193000000180e-03 -1.178269750999999949e-01 7.796598850000000525e-01 -1.147438967999999948e-01 1.582804256999999996e-03
1.355009188000000017e-02 -3.968606387000000145e-03 1.016821373000000028e-02 -1.147438967999999948e-01 7.803925935000000091e-01 -1.103550955999999944e-01
-1.106870687000000020e-01 9.070352958000000784e-03 1.982420569999999820e-03 1.582804256999999996e-03 -1.103550955999999944e-01 7.790915103000000119e-01
