# d<Sz_i Sz_j >
4.770155705000000100e-04 3.426112121000000205e-03 2.559270440000000185e-03 2.825497592999999964e-03 2.700564865999999925e-03 2.894623278000000004e-03 2.848634002000000054e-03 2.932365654000000134e-03 2.867986468000000184e-03 2.892727301999999980e-03 2.909897765999999806e-03 2.961421363999999952e-03 2.889941589999999848e-03 2.899925111999999798e-03 2.935229054999999917e-03 2.987497057000000188e-03 2.980353150000000090e-03 2.945574403999999969e-03 2.999745620999999963e-03 2.974786285999999821e-03 2.940186102000000041e-03 2.959362546000000090e-03 2.993122099000000008e-03 2.905642841000000056e-03 2.985291272999999936e-03 3.028768607000000002e-03 3.011603901000000152e-03 3.021692551999999830e-03 2.976994529999999785e-03 3.036607965999999804e-03 2.999594137999999841e-03 3.030194996999999862e-03 2.957782368000000210e-03 2.929751958000000045e-03 3.021471581999999809e-03 3.045201849000000061e-03 3.018698090999999851e-03 3.046852143999999925e-03 2.982430517999999989e-03 2.899276653000000103e-03 2.928201731000000183e-03 2.847751388000000113e-03 2.817151314999999986e-03 2.891493118000000150e-03 3.009038295000000026e-03 2.908512226000000214e-03 2.911025948999999922e-03 2.905350003000000108e-03 2.974800154999999915e-03 3.043467830999999936e-03 3.016690043000000085e-03 3.021788297000000192e-03 2.934260087999999815e-03 2.836125086000000194e-03 2.899181465000000117e-03 2.871624476999999967e-03 2.880686616000000064e-03 2.931780084999999810e-03 2.887751137999999915e-03 2.925192284999999798e-03 2.864150823999999946e-03 2.940110907999999960e-03 2.611798849999999884e-03 3.538988398999999997e-03
3.426112121000000205e-03 4.615546695999999923e-04 3.580668628000000051e-03 2.496226338000000211e-03 2.705939252999999944e-03 2.763073465999999877e-03 2.890606815000000204e-03 2.895950124999999934e-03 2.891623622999999962e-03 2.885942150000000116e-03 2.933575241999999798e-03 2.978019823999999895e-03 2.916912804000000060e-03 2.915187932999999815e-03 2.897826280999999792e-03 2.894568181999999847e-03 2.936205087999999973e-03 2.908876630999999990e-03 2.937828025999999863e-03 2.887571990000000182e-03 2.962373255000000198e-03 2.951192307000000126e-03 2.958425046000000020e-03 2.896773898999999933e-03 2.910815051999999983e-03 2.936780587000000203e-03 2.990956382000000118e-03 2.958807199999999998e-03 2.949549069999999815e-03 2.969006981000000146e-03 2.910705680999999857e-03 2.949437383999999832e-03 2.971042453000000052e-03 2.922761814000000066e-03 2.986134683999999966e-03 3.016420211000000150e-03 2.952006494999999831e-03 2.973225740999999988e-03 2.882433734999999882e-03 2.880138303000000059e-03 2.991017102999999917e-03 2.895134803999999985e-03 2.863900530000000003e-03 2.885211268000000169e-03 2.977366162000000174e-03 2.932797093000000070e-03 2.912788751999999953e-03 2.879542150999999956e-03 2.860419048000000138e-03 2.969210481000000151e-03 2.921415483999999924e-03 2.987401778000000133e-03 2.950102195000000108e-03 2.878399021000000151e-03 2.902335834999999944e-03 2.900114960000000144e-03 2.862740460999999795e-03 2.844340350999999788e-03 2.846210272999999836e-03 2.815225892000000098e-03 2.850387354000000120e-03 2.809737371999999900e-03 2.848456909999999911e-03 2.536576797999999869e-03
2.559270440000000185e-03 3.580668628000000051e-03 4.773085843000000037e-04 3.613702866999999892e-03 2.489622126999999855e-03 2.820256358000000022e-03 2.741865790999999889e-03 2.929969199999999784e-03 2.958786889000000059e-03 2.914538575999999805e-03 2.925245307000000003e-03 2.993186761000000105e-03 2.905676072999999974e-03 2.957873873000000167e-03 2.912731441999999969e-03 2.870483269999999851e-03 2.973728245000000023e-03 2.962663549999999899e-03 2.994264725000000092e-03 2.977487634000000084e-03 2.986630570999999987e-03 2.943877087000000212e-03 2.916543893000000075e-03 2.949546871999999924e-03 2.961088352000000069e-03 2.991069954999999933e-03 3.051231377999999959e-03 3.001705447999999856e-03 3.038339466000000016e-03 3.009628736999999960e-03 2.978368386000000093e-03 3.002710769999999973e-03 3.009643634999999845e-03 2.997950990000000041e-03 2.971754981000000045e-03 3.008919669000000019e-03 2.976953711999999821e-03 3.011163091999999927e-03 3.005916173000000146e-03 2.968785271000000045e-03 2.953046746000000024e-03 2.965823648999999819e-03 2.878546556999999999e-03 2.952173085999999867e-03 2.988458926000000029e-03 2.945094679999999982e-03 2.924551946000000183e-03 2.921724319000000136e-03 2.937413983999999801e-03 2.974206132999999974e-03 2.929548688999999984e-03 2.960291089999999951e-03 2.942574508000000023e-03 2.944226127999999797e-03 2.944143767000000165e-03 2.927291812000000059e-03 2.911319344999999809e-03 2.889295953000000153e-03 2.847590474999999940e-03 2.850396729999999951e-03 2.822688815000000059e-03 2.896167074999999973e-03 2.729141686999999889e-03 2.755012164000000038e-03
2.825497592999999964e-03 2.496226338000000211e-03 3.613702866999999892e-03 4.686529549000000125e-04 3.546695451999999811e-03 2.488610395000000197e-03 2.742421026999999987e-03 2.768115890000000159e-03 2.838364365000000181e-03 2.803356102999999926e-03 2.837769573999999843e-03 2.888945007999999936e-03 2.921579390999999842e-03 2.946533168000000074e-03 2.936073102000000008e-03 2.887786670000000184e-03 2.909884384999999931e-03 2.932364153000000060e-03 2.965492368999999954e-03 2.902046251000000004e-03 2.951595588999999815e-03 2.957096797000000055e-03 2.912986541999999790e-03 2.922319854000000102e-03 2.898004760000000030e-03 2.980203479000000100e-03 3.011812222999999972e-03 3.016592231000000176e-03 2.991919307000000076e-03 2.976100186999999873e-03 2.911763359999999801e-03 3.025927943000000005e-03 2.977900996999999824e-03 3.003521481000000128e-03 3.025225193999999968e-03 3.023437715000000092e-03 2.902098862000000116e-03 2.970189513999999930e-03 3.017653177000000075e-03 2.992161079999999806e-03 2.966916324000000004e-03 3.051142243000000073e-03 2.966824291999999984e-03 2.956952655000000089e-03 2.989407237999999831e-03 2.989729765999999973e-03 2.951154114000000082e-03 2.913411197999999942e-03 2.922732792999999801e-03 2.978276118000000149e-03 3.000472309000000188e-03 2.968413916999999846e-03 2.962047620999999891e-03 2.931855375999999937e-03 2.958333882000000001e-03 2.945355223000000171e-03 2.892929667000000184e-03 2.889900589000000183e-03 2.914683608000000117e-03 2.808324164999999838e-03 2.871065645999999923e-03 2.897709357999999919e-03 2.850162487000000057e-03 2.768493892999999810e-03
2.700564865999999925e-03 2.705939252999999944e-03 2.489622126999999855e-03 3.546695451999999811e-03 4.654697790000000162e-04 3.607302331000000143e-03 2.529383740000000144e-03 2.905992447999999981e-03 2.846647744999999952e-03 2.937807645000000203e-03 2.841328730999999851e-03 2.896928704999999788e-03 2.875435605000000155e-03 2.891590937000000031e-03 2.908079386999999801e-03 2.871789857000000071e-03 2.933492190999999888e-03 2.955461855999999988e-03 2.940773709000000027e-03 3.013864469000000074e-03 3.059956318999999987e-03 3.020771680000000105e-03 2.970030655999999786e-03 2.950491207000000005e-03 2.937310028000000156e-03 3.020872339999999909e-03 3.022053739999999884e-03 2.974412850000000136e-03 2.977840695000000086e-03 2.987067960000000001e-03 2.952279643999999956e-03 3.020904824000000214e-03 3.024005781000000097e-03 2.957541140000000037e-03 2.964098252999999936e-03 2.990912848000000165e-03 2.973489385999999925e-03 2.938822023000000130e-03 2.956574268999999800e-03 2.921008824999999851e-03 2.879492355999999868e-03 3.021793635000000113e-03 2.985476552999999887e-03 2.946489565999999959e-03 2.966292033000000015e-03 2.933457255999999836e-03 2.969929393999999785e-03 2.951790352000000037e-03 2.940998390999999962e-03 2.964413947000000063e-03 2.893556777000000184e-03 2.964917071999999786e-03 3.007450853000000115e-03 2.925875501999999819e-03 2.936249176999999877e-03 2.942859380000000143e-03 2.938868076999999988e-03 2.913957559999999936e-03 2.906532349000000206e-03 2.875632693000000194e-03 2.847889665000000094e-03 2.909914414000000071e-03 2.800831487999999939e-03 2.808421521999999830e-03
2.894623278000000004e-03 2.763073465999999877e-03 2.820256358000000022e-03 2.488610395000000197e-03 3.607302331000000143e-03 4.700910083999999974e-04 3.571347448999999830e-03 2.600333994000000176e-03 2.889999804000000123e-03 2.757870873999999917e-03 2.880112346000000129e-03 2.885769482000000077e-03 2.826534707000000115e-03 2.915758160999999855e-03 2.864626782999999798e-03 2.862800663999999929e-03 2.904172839000000120e-03 2.856839144000000198e-03 2.935757981000000193e-03 3.026510891999999956e-03 2.993371408999999980e-03 2.929859268000000166e-03 2.946944019999999873e-03 2.915979137999999849e-03 2.971210227000000131e-03 3.045286048000000155e-03 3.037894114000000163e-03 2.981290692999999988e-03 2.960580295000000105e-03 3.070408741999999802e-03 2.960656774999999817e-03 3.001898059000000004e-03 2.970105470000000084e-03 2.968061933999999874e-03 2.955939446999999824e-03 3.050089402999999876e-03 3.015192397000000021e-03 3.017933975999999990e-03 3.047477242000000159e-03 2.982320083000000212e-03 2.888761939999999820e-03 3.004520839999999787e-03 2.896987586000000000e-03 2.941459580999999848e-03 2.953892944000000194e-03 2.941603235000000028e-03 3.020217635000000019e-03 3.025580332999999907e-03 2.980581933000000117e-03 3.008921761999999896e-03 2.952146480999999923e-03 3.033731811999999806e-03 2.999719331000000062e-03 2.948892513999999947e-03 3.035207615999999976e-03 2.913198597999999868e-03 2.968243114000000162e-03 2.941125093999999787e-03 2.909525805999999860e-03 2.965927657000000123e-03 2.932866371999999933e-03 2.870359100999999875e-03 2.858119220000000099e-03 2.828625222999999952e-03
2.848634002000000054e-03 2.890606815000000204e-03 2.741865790999999889e-03 2.742421026999999987e-03 2.529383740000000144e-03 3.571347448999999830e-03 4.792411273999999883e-04 3.488271583000000092e-03 2.560359737999999986e-03 2.846976519999999851e-03 2.730837208999999880e-03 2.905663251000000034e-03 2.836062841999999976e-03 2.971432797999999827e-03 2.874714088000000084e-03 2.870863527000000037e-03 2.872339104999999809e-03 2.859175033000000126e-03 2.939783912999999888e-03 2.930966988000000082e-03 2.996059066999999868e-03 2.974707200000000114e-03 2.948456383000000111e-03 2.866982052999999912e-03 2.903766119999999853e-03 2.976769361000000062e-03 3.009577382000000034e-03 3.013205595999999924e-03 3.028059011999999998e-03 3.097506422999999915e-03 3.015424986000000019e-03 3.010971381000000086e-03 2.957785123000000044e-03 3.005310290999999891e-03 2.987738912000000024e-03 2.978414072000000121e-03 3.022986017000000008e-03 3.044325609999999800e-03 3.014773976000000109e-03 3.023948621999999944e-03 2.958933698000000209e-03 2.985931065999999998e-03 2.944416246999999928e-03 2.941884989000000030e-03 2.916307313999999973e-03 2.927110368999999955e-03 2.993155725000000086e-03 2.959015797000000021e-03 2.976841139999999910e-03 2.991722333000000015e-03 2.935158517999999876e-03 2.965755361999999895e-03 2.977591090999999988e-03 2.931333828000000103e-03 3.022812612999999874e-03 2.985613969999999836e-03 3.022162089000000190e-03 3.041871722999999958e-03 2.979144271000000194e-03 3.072675962000000031e-03 2.953509512000000118e-03 2.914652998000000130e-03 2.843030219999999851e-03 2.830520223999999970e-03
2.932365654000000134e-03 2.895950124999999934e-03 2.929969199999999784e-03 2.768115890000000159e-03 2.905992447999999981e-03 2.600333994000000176e-03 3.488271583000000092e-03 4.753038677999999904e-04 3.448226606000000163e-03 2.574410736000000161e-03 2.839585143999999797e-03 2.767115478999999933e-03 2.793134023999999972e-03 2.941889855000000102e-03 2.912721580999999907e-03 2.924528677999999916e-03 2.863602819000000011e-03 2.861397296000000017e-03 2.992024451000000178e-03 2.917880501000000033e-03 2.977081690000000190e-03 2.934776328000000042e-03 2.992976548000000035e-03 2.910804630999999990e-03 2.899569898000000159e-03 2.933556688000000211e-03 2.962302288000000141e-03 2.989160544999999811e-03 2.986101891000000029e-03 3.049224707999999891e-03 2.976818832000000144e-03 3.039039450999999822e-03 2.974511807999999802e-03 2.997494935000000020e-03 2.988580480000000046e-03 2.973891354000000094e-03 3.000021490000000061e-03 2.984124677999999784e-03 3.063700670999999851e-03 3.064386908999999944e-03 3.031061549999999796e-03 2.984717193000000109e-03 2.958936591999999921e-03 2.964570687999999992e-03 2.959680967000000162e-03 2.935901167000000075e-03 3.018688058000000042e-03 3.025307411000000175e-03 2.991809138000000104e-03 3.105260781999999789e-03 2.984420408999999882e-03 3.050496051999999989e-03 3.069063086000000003e-03 2.972098498000000019e-03 2.993725029999999912e-03 3.021836778999999890e-03 3.101223330000000156e-03 3.003296935000000084e-03 2.956288582999999897e-03 3.033621050000000034e-03 2.936516236000000050e-03 3.009776697999999844e-03 3.025736041000000060e-03 2.932982559000000145e-03
2.867986468000000184e-03 2.891623622999999962e-03 2.958786889000000059e-03 2.838364365000000181e-03 2.846647744999999952e-03 2.889999804000000123e-03 2.560359737999999986e-03 3.448226606000000163e-03 4.752330522999999784e-04 3.542462905999999977e-03 2.544267768000000197e-03 2.744744484000000151e-03 2.720408697999999927e-03 2.867546409999999994e-03 2.875725819000000179e-03 2.958550774999999834e-03 2.863200386999999961e-03 2.907756929999999809e-03 2.965579709000000074e-03 2.911594009999999948e-03 2.900682816000000122e-03 2.922068562999999806e-03 2.992486726000000066e-03 2.930340056999999800e-03 2.918910446000000207e-03 2.905326450000000112e-03 2.967019458999999894e-03 2.961447098999999902e-03 2.996219805999999868e-03 2.999339873000000153e-03 2.964087400999999931e-03 3.016193401000000045e-03 2.977297083999999941e-03 3.028232106000000069e-03 3.028565103000000012e-03 3.049999277000000047e-03 3.009094414999999995e-03 3.110865633000000057e-03 3.114458648000000083e-03 3.037055158000000112e-03 3.035352520999999928e-03 2.988377456999999869e-03 2.928604254999999865e-03 2.995045224999999967e-03 2.966059625000000161e-03 2.934197724000000077e-03 2.995368865000000002e-03 3.038321553000000036e-03 2.994613916999999941e-03 3.054133547000000091e-03 2.973926571999999883e-03 3.004107899000000095e-03 3.066467921000000027e-03 2.977624952999999991e-03 3.007061280999999853e-03 3.004047100000000175e-03 3.069026424999999909e-03 2.982457424000000031e-03 3.016431802999999801e-03 2.982889256000000131e-03 2.908268395000000034e-03 2.954148208999999789e-03 2.908072726999999958e-03 2.911634765000000163e-03
2.892727301999999980e-03 2.885942150000000116e-03 2.914538575999999805e-03 2.803356102999999926e-03 2.937807645000000203e-03 2.757870873999999917e-03 2.846976519999999851e-03 2.574410736000000161e-03 3.542462905999999977e-03 4.625054570999999858e-04 3.506927084000000059e-03 2.555548190000000042e-03 2.809842037000000181e-03 2.731396966000000127e-03 2.856538151999999872e-03 2.908125207000000160e-03 2.833344735999999888e-03 2.895652372000000110e-03 2.997412727000000211e-03 2.926511742000000200e-03 3.008761256999999828e-03 2.954312149000000009e-03 2.988005191999999841e-03 2.920394999000000113e-03 2.915414993999999784e-03 2.940636019999999864e-03 2.969585238000000196e-03 2.917484151999999963e-03 2.954265378999999976e-03 3.068396519999999801e-03 3.041084454999999805e-03 3.039643404999999975e-03 2.979903668999999821e-03 3.006802144000000118e-03 3.027427279999999818e-03 3.006897891000000038e-03 2.971558288000000162e-03 3.059517318999999905e-03 2.973647955999999919e-03 3.044416601000000076e-03 3.003612233000000058e-03 3.014698775000000056e-03 2.998811974000000109e-03 3.018353115000000069e-03 3.018343198999999793e-03 2.941129440000000202e-03 3.006784350000000095e-03 2.958444062999999926e-03 2.942463881000000146e-03 3.069663540999999825e-03 3.000035747999999901e-03 3.000792463999999837e-03 3.018230438000000203e-03 3.011696636999999961e-03 3.060675385999999873e-03 3.045273290999999955e-03 3.068632298000000067e-03 3.007700906000000153e-03 3.052080064000000162e-03 2.993606701000000019e-03 2.946346578000000153e-03 2.934380928000000083e-03 2.964930034000000034e-03 2.926030064000000215e-03
2.909897765999999806e-03 2.933575241999999798e-03 2.925245307000000003e-03 2.837769573999999843e-03 2.841328730999999851e-03 2.880112346000000129e-03 2.730837208999999880e-03 2.839585143999999797e-03 2.544267768000000197e-03 3.506927084000000059e-03 4.639333119000000000e-04 3.387016979000000063e-03 2.510423034000000206e-03 2.872082565000000105e-03 2.785216015000000021e-03 2.910654367000000201e-03 2.897711391000000036e-03 2.915417065000000182e-03 3.005981923999999795e-03 2.958764352999999903e-03 2.975939705000000147e-03 2.940140327999999931e-03 2.980028538000000036e-03 2.876451581000000202e-03 2.918943293999999924e-03 2.946092332999999952e-03 2.969469469000000049e-03 2.913245276999999831e-03 2.946464730999999882e-03 2.952913681000000033e-03 2.956651531999999853e-03 3.044289118999999894e-03 2.978637924999999898e-03 3.009802651999999787e-03 2.989112977999999927e-03 3.089541643999999931e-03 3.034685566999999976e-03 3.045121454999999942e-03 2.995490049000000196e-03 2.972283983000000018e-03 2.917684500999999982e-03 2.952165425000000121e-03 2.937260970000000158e-03 2.976026567000000008e-03 3.054752378000000212e-03 2.993097745000000177e-03 3.007071872000000035e-03 2.944043849999999993e-03 2.918749201000000060e-03 3.053822872999999855e-03 3.025235032000000122e-03 3.024921318999999886e-03 2.996267768999999904e-03 2.957242398999999824e-03 3.031062869000000163e-03 2.990331726999999849e-03 3.043134909000000127e-03 2.950737148999999990e-03 3.034700614000000133e-03 2.996733063999999867e-03 2.979820921000000001e-03 2.900400901999999892e-03 2.874394768000000135e-03 2.952790670000000200e-03
2.961421363999999952e-03 2.978019823999999895e-03 2.993186761000000105e-03 2.888945007999999936e-03 2.896928704999999788e-03 2.885769482000000077e-03 2.905663251000000034e-03 2.767115478999999933e-03 2.744744484000000151e-03 2.555548190000000042e-03 3.387016979000000063e-03 4.587579876000000018e-04 3.525522149999999952e-03 2.576387638999999910e-03 2.824331255000000086e-03 2.759168306999999851e-03 2.822350371000000198e-03 2.854492869000000137e-03 2.958690642999999964e-03 2.906360395999999912e-03 2.956109928999999924e-03 2.931694509000000014e-03 2.929343926999999816e-03 2.882108944000000110e-03 2.861043499999999917e-03 2.943956346000000095e-03 2.976092537000000083e-03 3.001567438000000108e-03 2.995511380999999959e-03 3.057498178999999792e-03 2.995108987000000191e-03 3.022196847000000082e-03 2.983603941000000179e-03 3.022828797999999820e-03 3.024239822999999928e-03 3.087948681999999959e-03 3.023203261000000173e-03 2.994859632999999962e-03 2.965485315999999948e-03 3.001054131999999867e-03 2.971327075999999866e-03 2.913461526000000069e-03 2.907974442000000204e-03 2.974410370000000071e-03 2.984807969999999939e-03 2.980158372999999923e-03 2.937207618999999967e-03 2.984358459999999786e-03 2.983090017999999802e-03 2.970876384000000099e-03 2.966297604999999869e-03 3.001535120000000008e-03 2.975105523000000102e-03 2.971120437999999822e-03 3.015392699999999791e-03 2.982131248000000154e-03 2.976454780999999820e-03 2.976522893000000010e-03 2.971926479999999985e-03 3.007465877999999926e-03 3.034006162999999898e-03 2.991138558999999891e-03 2.991411836999999935e-03 2.978394706999999871e-03
2.889941589999999848e-03 2.916912804000000060e-03 2.905676072999999974e-03 2.921579390999999842e-03 2.875435605000000155e-03 2.826534707000000115e-03 2.836062841999999976e-03 2.793134023999999972e-03 2.720408697999999927e-03 2.809842037000000181e-03 2.510423034000000206e-03 3.525522149999999952e-03 4.627157351999999909e-04 3.506405458000000103e-03 2.587825934999999928e-03 2.816201065000000121e-03 2.799568342000000043e-03 2.886614748000000067e-03 2.881531503999999830e-03 2.947604878999999893e-03 2.925801868000000010e-03 2.924582468000000088e-03 2.942817520000000006e-03 2.898131310000000033e-03 2.826946216999999886e-03 2.955751704000000174e-03 3.001750035999999934e-03 2.909860608999999959e-03 2.961744958000000170e-03 3.037051336000000205e-03 2.981874566000000150e-03 2.996293749000000176e-03 2.916636811000000024e-03 3.035182700999999785e-03 3.031911224999999949e-03 3.046363812000000074e-03 3.009285612000000155e-03 3.047541971999999984e-03 2.937015701000000086e-03 3.039501197000000089e-03 3.034328131000000109e-03 2.969029775000000138e-03 2.996990823999999901e-03 3.013886405000000025e-03 2.989302081000000215e-03 2.987463493999999858e-03 2.989476402000000154e-03 2.969059870000000014e-03 2.967855838999999829e-03 2.980323987999999955e-03 2.931609962000000010e-03 3.001653293000000090e-03 2.987817830999999966e-03 2.986147282999999930e-03 3.011945887000000172e-03 2.978232226999999888e-03 2.934014177000000140e-03 2.929367418000000060e-03 2.948064648999999815e-03 2.991222443999999939e-03 2.986182718000000152e-03 2.948614778999999932e-03 2.962680552000000050e-03 2.950869921999999847e-03
2.899925111999999798e-03 2.915187932999999815e-03 2.957873873000000167e-03 2.946533168000000074e-03 2.891590937000000031e-03 2.915758160999999855e-03 2.971432797999999827e-03 2.941889855000000102e-03 2.867546409999999994e-03 2.731396966000000127e-03 2.872082565000000105e-03 2.576387638999999910e-03 3.506405458000000103e-03 4.732696745000000271e-04 3.400065433999999859e-03 2.593603189999999989e-03 2.880076050999999873e-03 2.819503241000000018e-03 2.863178451000000010e-03 2.959709594999999829e-03 2.943932733999999902e-03 2.877323447000000155e-03 2.886534335000000024e-03 2.897791955999999905e-03 2.886839217999999981e-03 2.930991725000000117e-03 2.961826571000000189e-03 2.955124073000000087e-03 3.036787138999999872e-03 2.994681512000000028e-03 2.961589170999999899e-03 2.982110240999999960e-03 2.993225833000000106e-03 3.052436786999999842e-03 3.109206409999999872e-03 3.051197814000000067e-03 3.010116770000000139e-03 3.095083964999999823e-03 2.969811163999999930e-03 3.012903728000000062e-03 3.075895409000000032e-03 2.981248368999999971e-03 3.043440285999999845e-03 3.006088392999999807e-03 3.009210194000000102e-03 2.984303084999999876e-03 3.010200283999999935e-03 2.980414824999999979e-03 3.012494985000000076e-03 3.054466936000000202e-03 3.007522536999999909e-03 3.076260038000000214e-03 3.020205056999999971e-03 2.993854972999999801e-03 3.110381383999999937e-03 3.034112631999999910e-03 2.930680153999999996e-03 2.960994282999999949e-03 3.044234042000000095e-03 3.014980310000000066e-03 2.953135164000000173e-03 2.974999827000000038e-03 2.942340957999999961e-03 2.983792365000000144e-03
2.935229054999999917e-03 2.897826280999999792e-03 2.912731441999999969e-03 2.936073102000000008e-03 2.908079386999999801e-03 2.864626782999999798e-03 2.874714088000000084e-03 2.912721580999999907e-03 2.875725819000000179e-03 2.856538151999999872e-03 2.785216015000000021e-03 2.824331255000000086e-03 2.587825934999999928e-03 3.400065433999999859e-03 4.730125450999999996e-04 3.399980156000000173e-03 2.536407151999999898e-03 2.785120976999999869e-03 2.788018992000000119e-03 2.875124529999999786e-03 2.877575448000000216e-03 2.781521483000000145e-03 2.767196758999999982e-03 2.881141013000000205e-03 2.879477751000000113e-03 2.934320209999999839e-03 2.951603514999999803e-03 2.947282967999999889e-03 3.010790912999999989e-03 2.964272746000000056e-03 2.960076635999999914e-03 3.012659974000000008e-03 3.002238125999999886e-03 3.052030690000000126e-03 3.076667754999999962e-03 3.008206442000000216e-03 3.027275520999999931e-03 3.028920176000000214e-03 2.980792645999999924e-03 3.026313634000000162e-03 3.042686401999999870e-03 2.922418526000000044e-03 2.972901095000000070e-03 2.964186856000000213e-03 2.993648283999999962e-03 3.054887773000000001e-03 3.009662245000000076e-03 2.978820576999999942e-03 2.972154144000000147e-03 3.048154985999999931e-03 2.929874606000000027e-03 2.977802153000000136e-03 2.918499616999999883e-03 2.895459932000000146e-03 3.039138498000000001e-03 2.965298481000000139e-03 2.973007557000000110e-03 2.919178997000000057e-03 2.993890271000000138e-03 3.011607088999999991e-03 2.989201005999999900e-03 2.986121300000000103e-03 2.924921950000000138e-03 2.955871700999999907e-03
2.987497057000000188e-03 2.894568181999999847e-03 2.870483269999999851e-03 2.887786670000000184e-03 2.871789857000000071e-03 2.862800663999999929e-03 2.870863527000000037e-03 2.924528677999999916e-03 2.958550774999999834e-03 2.908125207000000160e-03 2.910654367000000201e-03 2.759168306999999851e-03 2.816201065000000121e-03 2.593603189999999989e-03 3.399980156000000173e-03 4.726557042000000095e-04 3.374530678000000044e-03 2.568149126999999966e-03 2.807800438000000037e-03 2.756099224000000108e-03 2.891130509000000137e-03 2.790589821000000192e-03 2.851543857999999827e-03 2.927637579000000149e-03 2.905567173000000135e-03 2.946199445999999993e-03 2.909207359999999888e-03 2.876209427999999822e-03 2.995544119000000116e-03 2.976851728000000103e-03 2.972953443999999928e-03 2.990800338000000006e-03 3.009972909999999915e-03 2.999420382999999808e-03 3.033386256000000173e-03 3.008658585999999819e-03 3.064175703999999934e-03 3.040317499000000021e-03 2.947575530000000072e-03 2.984322700999999991e-03 2.912916497999999948e-03 2.873896570999999803e-03 2.931493261000000117e-03 3.014909299000000185e-03 2.952365747999999811e-03 2.999714807999999920e-03 2.979418595999999957e-03 2.949705160000000177e-03 2.997655575999999978e-03 2.959476916000000190e-03 2.929524389999999933e-03 2.965173594999999992e-03 2.937027906999999886e-03 2.956858568000000041e-03 2.993489790000000098e-03 2.936260333999999965e-03 2.997826454999999793e-03 2.996920251000000004e-03 3.014908716999999908e-03 3.026541596000000001e-03 2.980386108999999797e-03 2.964623109999999992e-03 2.972076259999999973e-03 3.007353931000000119e-03
2.980353150000000090e-03 2.936205087999999973e-03 2.973728245000000023e-03 2.909884384999999931e-03 2.933492190999999888e-03 2.904172839000000120e-03 2.872339104999999809e-03 2.863602819000000011e-03 2.863200386999999961e-03 2.833344735999999888e-03 2.897711391000000036e-03 2.822350371000000198e-03 2.799568342000000043e-03 2.880076050999999873e-03 2.536407151999999898e-03 3.374530678000000044e-03 4.753864949999999788e-04 3.407843769000000207e-03 2.590552525999999939e-03 2.819201951000000015e-03 2.815599397999999937e-03 2.826505027999999878e-03 2.874459496999999964e-03 2.914238043999999809e-03 2.871058731999999794e-03 2.954478176000000129e-03 2.960327818000000211e-03 2.973353468000000058e-03 3.047810469000000050e-03 3.001080103000000176e-03 2.993612473999999937e-03 3.044222050999999870e-03 2.996141035000000202e-03 2.949843010000000130e-03 3.035978202999999997e-03 3.016603919999999873e-03 3.069484086000000018e-03 3.051495900999999858e-03 3.015790417000000032e-03 2.977102677000000031e-03 3.021196195999999948e-03 2.985953262000000212e-03 2.990152166000000031e-03 3.071269289999999878e-03 2.996912909999999847e-03 3.060673033000000168e-03 3.014936639999999789e-03 3.006552104000000027e-03 2.958346245000000041e-03 3.068096929999999944e-03 3.027811578999999899e-03 3.073973434999999806e-03 3.017876290000000208e-03 3.069376322999999972e-03 3.034179132000000036e-03 3.017136701999999920e-03 3.057633392999999870e-03 3.072136010000000011e-03 3.036654286999999897e-03 2.998626416999999964e-03 2.976095349000000122e-03 3.052752803999999980e-03 2.938412430000000072e-03 2.949876510999999840e-03
2.945574403999999969e-03 2.908876630999999990e-03 2.962663549999999899e-03 2.932364153000000060e-03 2.955461855999999988e-03 2.856839144000000198e-03 2.859175033000000126e-03 2.861397296000000017e-03 2.907756929999999809e-03 2.895652372000000110e-03 2.915417065000000182e-03 2.854492869000000137e-03 2.886614748000000067e-03 2.819503241000000018e-03 2.785120976999999869e-03 2.568149126999999966e-03 3.407843769000000207e-03 4.523327632999999803e-04 3.418668049999999941e-03 2.603420898999999830e-03 2.771289002000000123e-03 2.705437624999999877e-03 2.815135642999999892e-03 2.795129633999999998e-03 2.889520946000000146e-03 2.934684880999999853e-03 2.972471245999999852e-03 2.965391931000000130e-03 3.028314965999999876e-03 2.956156130000000062e-03 2.968867151999999860e-03 3.089536222999999908e-03 3.050274855000000007e-03 2.984728902000000159e-03 3.031344904999999906e-03 3.062936116000000014e-03 2.993351301000000096e-03 3.059326772000000184e-03 3.041791563000000205e-03 3.054376679000000028e-03 3.086394279999999865e-03 2.992446895000000062e-03 3.028555873000000030e-03 3.067798658000000026e-03 3.018948944000000162e-03 3.060045820000000145e-03 3.004108360999999984e-03 2.977347443999999940e-03 2.998217550000000040e-03 3.046728949999999957e-03 3.033864116999999798e-03 3.075369378999999893e-03 2.997010106000000049e-03 3.000803896000000127e-03 2.996032865000000048e-03 2.960530112999999828e-03 3.080780095000000031e-03 3.075659795999999974e-03 3.024783465999999945e-03 3.044251481999999797e-03 2.982553252000000061e-03 3.060487240000000098e-03 2.954203183999999996e-03 2.925604790999999927e-03
2.999745620999999963e-03 2.937828025999999863e-03 2.994264725000000092e-03 2.965492368999999954e-03 2.940773709000000027e-03 2.935757981000000193e-03 2.939783912999999888e-03 2.992024451000000178e-03 2.965579709000000074e-03 2.997412727000000211e-03 3.005981923999999795e-03 2.958690642999999964e-03 2.881531503999999830e-03 2.863178451000000010e-03 2.788018992000000119e-03 2.807800438000000037e-03 2.590552525999999939e-03 3.418668049999999941e-03 4.542044727000000095e-04 3.576784589000000202e-03 2.578059950999999836e-03 2.803297596999999950e-03 2.754763370000000173e-03 2.869395281000000023e-03 2.945756711000000090e-03 2.993666987999999817e-03 2.955798861999999957e-03 2.996493149000000085e-03 3.058164895999999824e-03 3.037844260999999872e-03 3.016718334999999793e-03 3.086374632999999874e-03 3.048895379000000037e-03 3.023152202999999927e-03 3.037015163999999892e-03 3.034875076999999938e-03 3.010966495000000093e-03 3.046854991999999821e-03 3.024637953999999816e-03 2.969138466999999941e-03 3.011616183000000082e-03 2.950593726000000187e-03 3.007281910999999933e-03 3.078878865000000183e-03 3.065130687999999964e-03 3.080120635000000058e-03 3.061141623999999971e-03 3.052558504000000075e-03 3.055981505999999862e-03 3.195705254999999922e-03 3.108206537000000099e-03 3.156396453000000039e-03 3.047577332000000073e-03 3.024432030999999951e-03 3.073288703000000201e-03 3.003661729000000041e-03 3.109652377999999866e-03 3.143080450999999852e-03 3.075355380999999881e-03 3.050167288000000046e-03 2.972260952000000105e-03 3.059178373999999877e-03 2.972791396999999950e-03 2.990682980000000137e-03
2.974786285999999821e-03 2.887571990000000182e-03 2.977487634000000084e-03 2.902046251000000004e-03 3.013864469000000074e-03 3.026510891999999956e-03 2.930966988000000082e-03 2.917880501000000033e-03 2.911594009999999948e-03 2.926511742000000200e-03 2.958764352999999903e-03 2.906360395999999912e-03 2.947604878999999893e-03 2.959709594999999829e-03 2.875124529999999786e-03 2.756099224000000108e-03 2.819201951000000015e-03 2.603420898999999830e-03 3.576784589000000202e-03 4.629931484999999796e-04 3.358132730999999899e-03 2.530094430000000109e-03 2.801875954000000203e-03 2.785082365000000199e-03 2.841127761000000144e-03 2.851757033000000205e-03 2.924033335999999886e-03 2.926460176999999812e-03 3.016900130999999787e-03 2.975987124000000188e-03 2.985623372999999994e-03 2.993102767000000060e-03 2.919883222999999830e-03 2.988621766999999870e-03 2.990932836000000095e-03 3.036976733999999928e-03 3.030794138000000165e-03 3.056647946000000133e-03 3.015474317999999789e-03 2.977555210999999809e-03 2.999355185000000118e-03 2.987992869000000076e-03 2.943754773000000196e-03 3.013926489999999882e-03 3.041345863000000007e-03 3.025051266000000193e-03 2.979482265000000119e-03 2.955387654999999843e-03 2.926679424000000213e-03 3.030707527000000168e-03 3.030454046999999946e-03 3.052351537000000045e-03 2.947422273000000099e-03 2.922218858999999901e-03 2.923029592999999964e-03 2.957168808999999839e-03 3.037728046000000206e-03 3.080637897000000104e-03 3.010386765999999853e-03 3.088287278000000080e-03 2.925636483999999923e-03 3.005758857999999908e-03 2.991747244999999784e-03 2.997996164999999942e-03
2.940186102000000041e-03 2.962373255000000198e-03 2.986630570999999987e-03 2.951595588999999815e-03 3.059956318999999987e-03 2.993371408999999980e-03 2.996059066999999868e-03 2.977081690000000190e-03 2.900682816000000122e-03 3.008761256999999828e-03 2.975939705000000147e-03 2.956109928999999924e-03 2.925801868000000010e-03 2.943932733999999902e-03 2.877575448000000216e-03 2.891130509000000137e-03 2.815599397999999937e-03 2.771289002000000123e-03 2.578059950999999836e-03 3.358132730999999899e-03 4.775768020999999813e-04 3.514851972999999841e-03 2.604801199999999973e-03 2.897156809999999923e-03 2.783444418999999996e-03 2.956257052000000121e-03 2.936203726000000212e-03 2.960041169999999815e-03 2.978607515999999976e-03 2.979339117000000085e-03 2.959442976000000065e-03 3.003580573999999927e-03 2.995305155000000004e-03 3.009095963999999877e-03 2.988482863999999788e-03 3.003798864999999811e-03 3.051359336999999970e-03 3.023249840000000101e-03 2.991991958999999906e-03 2.999922672999999831e-03 3.019395347000000153e-03 2.981293084999999971e-03 2.953829291999999964e-03 3.001106508000000051e-03 2.995211686000000088e-03 2.982866648999999825e-03 3.008013285000000082e-03 3.042993468000000212e-03 2.997948010999999802e-03 3.064868068999999830e-03 3.066313120000000152e-03 3.093615103000000102e-03 3.048743709999999791e-03 3.001089240000000095e-03 2.956038788000000129e-03 2.931883457000000054e-03 3.016599529000000071e-03 3.019602492999999901e-03 3.004451032999999865e-03 3.077835792999999986e-03 2.971243145000000002e-03 3.032009639000000055e-03 3.033745432000000027e-03 3.028125626000000101e-03
2.959362546000000090e-03 2.951192307000000126e-03 2.943877087000000212e-03 2.957096797000000055e-03 3.020771680000000105e-03 2.929859268000000166e-03 2.974707200000000114e-03 2.934776328000000042e-03 2.922068562999999806e-03 2.954312149000000009e-03 2.940140327999999931e-03 2.931694509000000014e-03 2.924582468000000088e-03 2.877323447000000155e-03 2.781521483000000145e-03 2.790589821000000192e-03 2.826505027999999878e-03 2.705437624999999877e-03 2.803297596999999950e-03 2.530094430000000109e-03 3.514851972999999841e-03 4.851481923999999822e-04 3.439213899999999866e-03 2.580753705000000085e-03 2.797031828999999893e-03 2.830609071000000140e-03 2.938355938999999851e-03 2.866358226999999800e-03 2.932152579999999786e-03 2.944245561000000209e-03 2.968693389999999856e-03 2.947490306000000171e-03 2.898781257999999850e-03 2.920616654000000000e-03 2.929977224999999810e-03 2.965672727000000057e-03 2.973731426999999886e-03 2.961324498000000166e-03 2.968198404000000137e-03 2.884853931999999902e-03 2.874394324000000174e-03 2.840892993000000179e-03 2.940693263000000116e-03 2.987416616999999820e-03 2.982720263000000153e-03 2.992867529999999800e-03 2.912022121000000172e-03 3.030535198000000076e-03 2.944361635000000005e-03 3.066871592999999892e-03 3.003831742999999842e-03 2.966867442000000171e-03 2.985541653999999965e-03 3.018557691000000112e-03 2.979654889999999896e-03 2.992240743999999807e-03 3.024442665999999957e-03 3.013891890999999788e-03 2.983797793000000139e-03 3.045683552999999943e-03 2.950583444000000072e-03 3.002062444000000180e-03 2.964439757000000147e-03 2.943797474000000008e-03
2.993122099000000008e-03 2.958425046000000020e-03 2.916543893000000075e-03 2.912986541999999790e-03 2.970030655999999786e-03 2.946944019999999873e-03 2.948456383000000111e-03 2.992976548000000035e-03 2.992486726000000066e-03 2.988005191999999841e-03 2.980028538000000036e-03 2.929343926999999816e-03 2.942817520000000006e-03 2.886534335000000024e-03 2.767196758999999982e-03 2.851543857999999827e-03 2.874459496999999964e-03 2.815135642999999892e-03 2.754763370000000173e-03 2.801875954000000203e-03 2.604801199999999973e-03 3.439213899999999866e-03 4.715597670999999787e-04 3.581975036000000119e-03 2.559601068000000052e-03 2.906277525000000150e-03 2.849050674000000016e-03 2.962658279000000144e-03 2.926060663999999808e-03 2.951332752000000118e-03 2.875179644999999867e-03 2.969919799999999957e-03 2.874668060000000122e-03 2.951274355000000141e-03 2.960338815000000071e-03 2.938763280999999797e-03 3.003693693999999817e-03 2.993221844999999996e-03 3.050113543000000128e-03 3.015692867999999940e-03 2.933099959999999843e-03 2.922670144999999896e-03 2.963164783999999805e-03 2.942026876999999895e-03 2.963524089000000011e-03 2.980986330000000122e-03 2.818855421999999934e-03 2.918494308999999842e-03 2.921697172000000189e-03 3.037327527999999881e-03 3.011060490000000076e-03 3.031991997999999855e-03 3.005286943999999939e-03 2.985520123000000130e-03 3.016700788000000084e-03 3.036090016999999901e-03 3.069522297999999986e-03 3.059702134999999976e-03 3.013368686000000071e-03 3.103379521999999942e-03 2.979268827999999921e-03 2.997231711000000135e-03 2.955955996000000051e-03 2.966671422000000200e-03
2.905642841000000056e-03 2.896773898999999933e-03 2.949546871999999924e-03 2.922319854000000102e-03 2.950491207000000005e-03 2.915979137999999849e-03 2.866982052999999912e-03 2.910804630999999990e-03 2.930340056999999800e-03 2.920394999000000113e-03 2.876451581000000202e-03 2.882108944000000110e-03 2.898131310000000033e-03 2.897791955999999905e-03 2.881141013000000205e-03 2.927637579000000149e-03 2.914238043999999809e-03 2.795129633999999998e-03 2.869395281000000023e-03 2.785082365000000199e-03 2.897156809999999923e-03 2.580753705000000085e-03 3.581975036000000119e-03 4.555963501999999734e-04 3.526009670000000013e-03 2.521006643000000148e-03 2.803012439000000106e-03 2.684736156999999873e-03 2.847950672000000051e-03 2.890549214000000082e-03 2.869829806000000205e-03 2.882206946000000127e-03 2.887366333000000122e-03 2.882312345000000078e-03 2.871425940000000079e-03 2.843679267999999795e-03 2.952999677999999881e-03 2.988434723000000029e-03 3.049765284000000021e-03 2.976471825999999800e-03 2.915224623999999789e-03 2.899229934999999862e-03 2.964828444000000042e-03 2.931426454999999914e-03 2.932332255000000016e-03 3.034931971999999846e-03 2.881735622999999965e-03 2.884587485999999881e-03 2.958160488999999824e-03 3.040551534999999875e-03 2.940390076999999883e-03 2.954415487999999951e-03 2.986875127999999869e-03 2.952212608999999800e-03 2.949630064000000138e-03 3.009043832000000019e-03 3.027085135000000000e-03 2.954916651000000141e-03 2.961824624000000163e-03 3.036409067000000062e-03 2.975990895999999861e-03 2.988354177000000084e-03 2.899851425000000201e-03 2.912957557999999812e-03
