# <Sz_i Sz_j >
6.053871869000000405e-01 2.059212547000000004e-02 4.498491432999999866e-03 -6.606092493000000239e-03 1.395270377999999895e-03 7.531698534000000333e-03 1.967733464000000036e-03 1.481622661000000021e-02 1.506978729999999995e-02 2.252138590000000128e-03 -9.593827897999999748e-04 2.337076716000000172e-03 4.763550152999999898e-03 3.860698694999999906e-03 3.687113685999999970e-03 1.489785796999999919e-02 6.488048072000000312e-03 3.012812641000000170e-03 4.288481165000000012e-03 -3.085686143000000107e-03 2.968394764000000050e-03 2.743251665999999877e-03 7.170275252000000120e-03 3.721383499000000157e-03 5.589509944999999577e-03 7.258083097000000289e-03 -8.414853562000000273e-03 4.640646114999999764e-06 5.950391055000000401e-03 8.428102907999999657e-03 8.571665165000000655e-03 5.729855312999999895e-03 -2.298490742000000031e-01 -2.044624165999999951e-02 1.918925254999999993e-04 -9.196338227000000259e-04 1.167588499999999956e-03 -3.528659169000000154e-03 -7.897357953999999472e-03 -2.155430154999999903e-01 -2.256871910999999967e-02 -4.038986135000000380e-03 5.387045348000000372e-03 3.116031365999999848e-03 -7.376755034999999891e-03 -6.593468511999999587e-03 -2.463594997999999855e-02 -1.654795471000000129e-01 -7.515011452000000189e-03 -8.232441969999999658e-04 -1.347524422999999945e-03 -9.293369320999999477e-05 -1.418316891000000104e-03 -7.610175517999999938e-03 -5.459051405000000037e-03 -8.286072526999999424e-03 -2.400472857999999998e-04 -4.572615833000000067e-03 3.671096918999999792e-03 -2.581280242999999929e-03 -6.324306261999999845e-03 -3.974756597999999641e-03 -1.728170156000000037e-03 -3.811713238999999906e-03
2.059212547000000004e-02 6.062531047000000450e-01 1.837453107999999918e-02 -5.003178562999999971e-04 4.693682489000000125e-04 -8.473153267999999991e-04 2.225569916999999964e-03 4.481658827000000074e-03 1.690168937000000038e-02 1.907052693000000146e-02 6.222292699999999732e-03 -1.691876167999999906e-03 3.839311676000000100e-03 4.046006462999999879e-03 2.829924213000000171e-03 2.665995300000000099e-03 3.268948878000000214e-03 2.602101081999999999e-03 5.566274159000000193e-03 2.822889384999999955e-05 -1.957338037000000159e-03 5.159904911000000143e-03 -1.048320270999999973e-05 3.559060403999999862e-03 5.814346403999999871e-03 3.442534273999999905e-03 -3.767154936000000152e-03 -1.857830881999999930e-03 3.010521558999999878e-03 1.937520604000000056e-03 7.563297424999999678e-03 6.057011335000000128e-03 -2.224499020000000049e-01 -2.211249080000000089e-01 -8.525960982999999938e-03 -6.505103759000000147e-04 -3.009621600999999851e-03 -2.132395263999999849e-03 1.019373642000000104e-03 -1.625797052000000145e-02 -1.656532699999999914e-01 -2.655404291999999972e-02 -6.697564407999999705e-03 1.011064950999999990e-03 -4.072435000000000117e-03 -4.442565354999999981e-04 -6.614218629999999918e-03 -2.733391493999999880e-02 -7.136447675000000095e-03 -5.012624985999999776e-03 -1.210400409000000031e-03 -3.015881983000000179e-03 -9.523471352000000478e-04 -5.004307749000000416e-03 -6.504638091999999719e-05 -9.381848414999999566e-03 4.228913738000000138e-04 -1.141267702000000077e-03 1.234243237000000023e-03 1.446358228999999971e-03 1.331845770000000026e-04 -1.880027593000000059e-03 -6.347637383999999924e-03 -5.265478641000000126e-03
4.498491432999999866e-03 1.837453107999999918e-02 6.078771738999999563e-01 1.033475579999999956e-02 5.018872096999999789e-03 2.464453266999999822e-04 -2.739757520000000090e-04 9.808810927000000904e-04 2.086588832000000043e-03 1.918712230000000143e-02 1.450910174000000046e-02 5.959330213999999674e-03 5.865261644000000114e-03 1.664628601000000012e-03 2.602848001000000050e-03 7.678531157000000398e-03 4.335723102000000120e-03 -7.276067309000000278e-04 -1.176167888000000019e-03 1.135732598999999966e-03 3.400417133000000044e-05 1.084103942000000029e-03 1.752930291999999900e-03 6.388390769000000264e-04 -2.210905345999999907e-03 -5.898284236999999652e-03 -6.583666083999999835e-03 -1.003416898999999907e-03 3.413891648000000074e-03 -4.686031143000000086e-03 -3.110187979999999922e-03 3.195192306999999985e-03 -1.244426935000000033e-02 -2.270508978999999927e-01 -2.137226600999999893e-01 -7.964875435999999725e-03 -1.046220123999999987e-02 -7.767297707000000041e-04 -1.113412626999999919e-03 -6.998356996999999767e-03 -2.480330030000000088e-02 -1.643328078000000081e-01 -2.493805313999999940e-02 -7.469914981000000224e-03 -2.689435433000000007e-03 -2.778735401000000192e-03 -1.504530850000000090e-03 -5.666350058999999884e-03 -6.273749230000000288e-03 -1.362981745999999974e-05 -2.342997653999999864e-03 -3.217434499000000094e-03 -3.771727278000000082e-03 8.974624314000000536e-04 4.298469718000000133e-04 -6.880426603000000009e-03 3.033015129999999931e-03 5.889265858000000339e-03 -2.117718781000000119e-03 8.066133323999999643e-04 -1.353577124000000060e-03 2.409983242999999987e-03 2.666889347999999889e-03 1.591961603000000003e-03
-6.606092493000000239e-03 -5.003178562999999971e-04 1.033475579999999956e-02 6.069940433999999607e-01 2.116468582999999834e-02 1.781504610000000108e-03 -2.605907958999999826e-04 -5.449647051999999530e-04 2.799410226999999966e-04 1.272372608000000085e-03 1.550025646000000035e-02 1.230250075999999963e-02 5.807011748000000424e-03 3.744532052999999857e-03 5.316265760000000139e-03 3.037575677000000154e-03 -4.390114219999999962e-04 -1.843898091999999914e-03 9.927071046999999798e-04 -3.763609052000000017e-03 9.062358835999999654e-03 1.884085475000000023e-03 3.027171476000000208e-03 3.921694623000000421e-03 -2.974789234000000185e-03 -3.254385906000000113e-03 -3.106973438999999833e-03 -4.106107801000000168e-03 7.029656310000000075e-03 5.728313028999999952e-03 4.540821357999999877e-03 -4.583443607999999718e-03 -2.185149751999999922e-04 -5.441531559999999816e-03 -2.245507847999999862e-01 -2.330952491999999932e-01 -1.713758405000000151e-02 1.780290364999999970e-03 -7.051502095000000128e-04 6.284097792000000078e-03 -3.168937991000000086e-03 -2.522420750999999906e-02 -1.605678425000000020e-01 -2.330041602999999989e-02 -5.266407398000000004e-03 -4.466008314999999652e-03 -4.161238735000000362e-03 1.987774897000000197e-03 1.996047135999999816e-03 -4.884632201000000361e-03 3.668391086000000103e-03 -5.226526841000000327e-04 -6.221903802999999809e-03 1.512555023999999967e-03 -8.283245414000000792e-03 -2.062561084000000180e-03 3.565998983999999882e-04 8.813384008000000247e-04 2.202779009000000159e-03 -5.488112148999999690e-03 -3.782974549000000120e-03 8.673270568999999963e-04 -2.613025670000000081e-03 1.515226817999999927e-03
1.395270377999999895e-03 4.693682489000000125e-04 5.018872096999999789e-03 2.116468582999999834e-02 6.075940332000000499e-01 1.870275181999999856e-02 4.555644440999999725e-03 -2.736478490999999860e-03 2.700779960000000007e-03 -3.582235119999999974e-03 3.162625119000000030e-03 1.436803067999999940e-02 1.002567914000000032e-02 -3.036188025999999891e-03 2.923944233999999868e-03 -2.646348486999999979e-03 -1.734394985999999960e-03 4.183896700999999684e-03 6.848070203999999991e-04 7.240972191000000138e-04 1.705629210999999980e-03 5.933214198000000099e-03 1.812800857999999978e-04 -1.034162878000000107e-03 -4.400755339000000065e-03 2.857685913999999817e-03 -2.362602699999999910e-03 9.265788183999999544e-04 3.759918973000000129e-03 2.195923026000000128e-03 -7.192281750999999623e-04 -2.989932830999999982e-03 -5.492995498999999823e-03 1.465464521999999955e-03 -2.203867229999999927e-02 -2.193175619999999937e-01 -2.323463578999999946e-01 -8.062894642999999736e-03 -5.991362586000000337e-04 4.599903885000000171e-03 -1.130927309999999950e-03 -2.035774724999999882e-03 -2.899093914999999883e-02 -1.590755065999999995e-01 -2.170294886000000145e-02 -8.072295198000000241e-03 -2.208007541000000119e-03 1.103154694999999895e-03 8.163462014999999742e-04 -7.253461931999999855e-03 -1.289558410999999986e-03 -2.702185799000000020e-03 -1.242771131000000064e-03 -1.457772868999999971e-03 1.435527149000000082e-03 -2.062779252000000122e-03 2.744715270999999786e-03 1.135376448999999947e-03 5.048440064999999699e-03 -2.231148436000000065e-03 -4.188480754000000091e-03 3.955053389000000113e-04 3.348485679999999888e-03 7.408397741000000017e-04
7.531698534000000333e-03 -8.473153267999999991e-04 2.464453266999999822e-04 1.781504610000000108e-03 1.870275181999999856e-02 6.052568833999999454e-01 1.707998959000000053e-02 3.684672243999999840e-03 -1.069886956000000038e-04 2.023581804999999810e-03 2.659532428000000066e-03 1.953567641999999840e-03 1.464087891000000023e-02 7.099528221000000333e-03 3.700809740000000187e-04 1.180652718000000084e-03 -4.783381803000000005e-04 6.752885399000000495e-04 3.961881781000000345e-03 2.144181615999999919e-03 1.149179474000000013e-03 1.593952167000000134e-04 1.774507254000000107e-03 3.201521048999999945e-03 -6.570566413000000425e-03 -2.716505770000000094e-03 -3.028322384000000159e-03 1.546003365000000063e-03 1.692835383999999940e-03 6.942631587999999708e-03 2.568123548999999822e-03 -2.062921954000000203e-03 -5.310365461999999939e-03 -1.225791015000000104e-03 -7.976862422000000410e-03 -1.309623201999999924e-02 -2.183988464999999934e-01 -2.238911365000000042e-01 -2.120696067000000032e-02 -9.098826367999999793e-04 -2.531632778000000167e-03 -2.167400536999999905e-03 -2.159887768000000059e-03 -2.589033023000000128e-02 -1.662072216999999907e-01 -1.474189398999999935e-02 -2.753575454000000214e-03 -5.216654452999999747e-03 -8.186564199000000413e-04 -1.103164274999999996e-03 -4.198393211999999937e-03 -3.994274053000000137e-03 -1.626891036999999953e-03 -1.788016681000000009e-03 -2.271496475999999960e-04 -1.810987298000000070e-04 1.286818795999999975e-03 4.401767420999999625e-03 5.391564027000000274e-04 4.287210226999999918e-04 -3.366604178000000194e-03 -4.794811379000000172e-03 -9.165079927999999782e-04 2.608126240000000016e-03
1.967733464000000036e-03 2.225569916999999964e-03 -2.739757520000000090e-04 -2.605907958999999826e-04 4.555644440999999725e-03 1.707998959000000053e-02 6.062904575999999990e-01 1.982656202000000062e-02 -4.500201167000000314e-03 -2.744912245999999844e-03 1.438156714000000079e-03 9.177317862000000399e-04 3.402645004000000133e-03 1.080963679999999948e-02 8.609576740999999936e-03 5.926365246999999725e-03 -1.084063811999999918e-03 3.994529226999999662e-03 -1.189612098999999978e-04 2.556989880999999912e-03 1.585960140000000065e-03 2.733870707999999997e-03 4.028330892999999573e-03 -2.384686755000000030e-03 2.487568146000000181e-03 2.560813457000000017e-04 2.278364259999999999e-03 -8.559029778999999822e-04 -2.963313853000000032e-03 5.834016453999999949e-03 2.485745260999999966e-03 2.255971316999999879e-03 -2.588222735000000147e-04 -1.616915041000000072e-03 -4.543088776999999745e-03 -3.395722034000000188e-03 -1.527714688000000008e-02 -2.148805233999999953e-01 -2.248121714000000104e-01 -1.740167100000000050e-02 4.718915486000000402e-03 2.197124260000000214e-03 -7.752260328999999520e-04 -1.832349262000000081e-03 -2.233250437999999977e-02 -1.568733871999999918e-01 -2.223987163999999878e-02 -5.535178267000000207e-03 -2.520125242000000130e-03 -7.088024910999999890e-04 -2.882871592999999757e-04 -5.453047707999999702e-03 -5.689148393999999935e-03 -4.121707223999999600e-03 1.158109505999999978e-03 3.137919546999999847e-03 -2.336519458999999910e-03 2.258728358000000082e-03 -1.107093111999999952e-03 4.057657218000000100e-03 -4.133749281000000109e-03 -4.844180245999999898e-03 -7.356370218999999655e-04 3.182268316999999850e-03
1.481622661000000021e-02 4.481658827000000074e-03 9.808810927000000904e-04 -5.449647051999999530e-04 -2.736478490999999860e-03 3.684672243999999840e-03 1.982656202000000062e-02 6.051959635000000448e-01 6.300823728000000228e-03 1.928811848999999971e-03 4.227003818999999774e-03 -5.563235163000000358e-03 -1.947449299999999881e-05 7.691752377000000279e-03 1.580373424999999971e-02 1.557170897999999963e-02 8.036774483000000240e-05 4.292293029000000294e-03 -1.337819768000000041e-03 1.189756011000000103e-03 1.260577885000000072e-03 -6.080909306999999651e-04 7.051045576000000009e-03 2.222341137999999956e-03 8.064107173000000656e-03 -1.793560102000000059e-04 -2.962441516999999788e-03 -2.344511165999999848e-03 2.049698365999999810e-03 6.231103481000000235e-03 3.794938401000000003e-03 -3.414329782000000146e-03 -1.120163752000000006e-02 -8.609758695999999295e-03 -2.887506757000000198e-03 -8.455592721000000428e-04 5.055892254999999613e-03 -1.138612544999999948e-02 -2.224448622999999903e-01 -2.303733934999999955e-01 -4.914370068999999661e-03 -5.261950452000000410e-03 3.077436770000000193e-03 7.559680590999999852e-03 -1.093718871000000023e-02 -2.479375053999999939e-02 -1.608096789000000026e-01 -2.555290845999999907e-02 -1.719927328999999987e-03 -3.942531606000000168e-03 -8.689024466999999705e-04 -3.700768642000000150e-03 -8.932384404999999493e-04 -1.052719509999999921e-02 -7.076735447000000179e-03 -1.606434104999999914e-03 -6.177252321000000282e-03 3.393884485000000020e-03 5.757599936000000343e-04 -1.044153652999999914e-03 -1.236450470999999902e-03 1.075250178999999969e-03 2.410114541999999987e-04 1.390930225000000043e-03
1.506978729999999995e-02 1.690168937000000038e-02 2.086588832000000043e-03 2.799410226999999966e-04 2.700779960000000007e-03 -1.069886956000000038e-04 -4.500201167000000314e-03 6.300823728000000228e-03 6.067214249000000281e-01 1.412934656000000046e-02 -8.548348278000000508e-04 -4.814820586999999752e-04 2.501620424000000013e-03 1.704338461000000013e-03 2.233392520999999929e-03 1.959257430999999938e-02 1.565754327000000098e-02 7.309568169000000420e-03 5.592505813999999568e-03 1.004267475999999926e-03 -2.226432653999999966e-03 -1.722492164999999938e-03 3.518930077000000101e-03 1.359813818999999931e-02 4.431373029000000054e-03 9.526102676000000602e-03 3.096797168999999850e-03 -1.463489844999999985e-03 4.524892161999999980e-04 7.049433869000000345e-03 -1.931848547000000098e-04 4.798816164000000231e-03 -4.521821765999999715e-02 -5.449137881000000114e-03 4.466582773999999700e-03 4.322482069999999607e-03 2.260373820000000176e-03 5.678685793000000023e-03 2.546690810000000124e-03 -1.215219585000000026e-02 -1.911545667000000004e-01 -6.396434093999999945e-03 -8.763671937000000163e-04 7.401064178000000323e-04 -3.211158007999999949e-03 2.562168394999999807e-03 -1.060819795999999940e-02 -1.898429905000000029e-01 -2.757827062999999856e-02 -9.463920711000000860e-03 -2.732903129999999983e-03 -4.916879757000000529e-04 -2.231887336000000065e-03 -4.763138234999999589e-03 -2.342605970000000148e-02 -1.759785614999999914e-01 -4.975422888000000099e-03 -6.271016437999999901e-03 -5.718965006000000526e-04 2.288742446000000084e-04 -3.088413960999999985e-03 -4.959963835000000525e-04 -2.586187702000000005e-03 -1.010062209999999967e-02
2.252138590000000128e-03 1.907052693000000146e-02 1.918712230000000143e-02 1.272372608000000085e-03 -3.582235119999999974e-03 2.023581804999999810e-03 -2.744912245999999844e-03 1.928811848999999971e-03 1.412934656000000046e-02 6.060926059000000254e-01 8.231653503999999955e-03 -3.823951129000000048e-04 -2.350207565999999897e-03 6.991696255999999996e-04 -2.247960327999999793e-03 7.084807872000000242e-03 1.421594628999999985e-02 1.142340627000000032e-02 3.187093191999999884e-03 -1.567526113000000058e-03 -4.396257029000000087e-03 -1.470290923999999959e-04 3.774378144999999962e-03 4.414490354000000401e-03 -2.747619887000000115e-03 4.707645273000000095e-03 -5.932678903000000335e-04 4.214461434000000076e-04 5.352735970999999982e-03 5.361082464000000401e-03 1.023089087000000029e-02 6.212455381000000186e-03 -8.124881659999999561e-03 -4.041321347000000064e-02 -1.935452825000000005e-03 3.156678340999999940e-03 4.769206145999999968e-04 -4.858295581999999731e-03 9.942854083999999332e-05 2.681683201999999870e-03 -1.887599101000000112e-01 -1.887653518999999891e-01 -1.677561161999999943e-03 5.015218767000000077e-03 -1.607053786000000109e-04 2.764437631999999874e-03 -7.036778437000000466e-04 -5.334195800000000182e-03 -1.734126955999999997e-01 -2.021037988000000049e-02 2.272279552999999837e-03 1.170309666999999956e-03 2.877849739000000115e-03 -7.196720048000000008e-04 -7.710778526000000230e-03 -2.584635344000000071e-02 1.056462662999999936e-03 -5.362346019999999960e-04 1.663939248000000006e-03 1.048632662000000037e-03 -3.040286228000000073e-03 -8.300911524999999430e-03 -2.526105426999999872e-03 -3.303209203000000149e-03
-9.593827897999999748e-04 6.222292699999999732e-03 1.450910174000000046e-02 1.550025646000000035e-02 3.162625119000000030e-03 2.659532428000000066e-03 1.438156714000000079e-03 4.227003818999999774e-03 -8.548348278000000508e-04 8.231653503999999955e-03 6.078142952999999737e-01 1.458688822999999919e-02 2.775865299999999859e-03 8.666107006999999472e-04 2.676774297999999930e-03 6.752697042000000045e-03 3.930623085000000370e-03 1.443833377999999973e-02 9.536788742000000541e-03 5.999081935000000025e-04 7.226291504999999638e-04 3.762518967999999887e-03 2.138250340999999898e-03 3.064415234999999949e-03 -4.087164192000000001e-03 4.126901264000000340e-03 2.983342256000000216e-03 4.824253770999999656e-03 6.718878917999999761e-04 -5.994895356999999959e-03 3.659671079999999872e-03 4.470103060999999767e-03 -1.234398696999999996e-02 -7.856677874000000256e-03 -4.068321294999999865e-02 -8.275272235999999240e-03 -1.028574236000000079e-02 -7.781577985000000426e-03 4.438589210999999753e-04 -4.818764726999999817e-03 3.591660781999999903e-03 -1.843301146000000112e-01 -1.908893271000000058e-01 -2.190269368000000161e-03 1.552326185000000051e-03 -4.941777748000000109e-03 -3.900435247000000154e-03 1.934143455000000063e-03 -2.457095385000000048e-02 -1.756137077999999907e-01 -2.325433450000000124e-02 -4.515633934000000405e-03 -1.276764364999999953e-03 -8.294611334999999874e-04 -4.653513364999999589e-03 -4.021309053000000043e-04 -1.432784500000000051e-03 -1.943621814999999973e-03 7.985809641000000438e-04 3.027627614999999894e-03 2.604877428999999821e-04 2.453906573999999931e-03 -3.642514821000000097e-03 -6.361383945999999658e-03
2.337076716000000172e-03 -1.691876167999999906e-03 5.959330213999999674e-03 1.230250075999999963e-02 1.436803067999999940e-02 1.953567641999999840e-03 9.177317862000000399e-04 -5.563235163000000358e-03 -4.814820586999999752e-04 -3.823951129000000048e-04 1.458688822999999919e-02 6.057723238000000121e-01 1.926497703999999894e-02 1.929768211000000078e-04 -3.081319646999999915e-03 2.380954254000000082e-03 -1.632551124000000036e-03 2.034185091000000056e-03 1.265207108999999962e-02 1.658738539000000067e-02 4.902161315999999970e-03 -2.951802151000000162e-03 1.629543321999999967e-04 -4.166297551000000088e-04 1.382067420999999897e-03 6.833938577000000202e-03 3.696788165000000105e-03 4.235380500999999694e-03 4.283549702000000008e-03 -2.671200662999999829e-03 5.022601290000000378e-03 1.127282311999999904e-03 -3.271721027999999892e-03 1.599175984999999956e-03 -7.830048964000000528e-03 -4.087604136999999777e-02 -1.014921595999999926e-02 -2.279796693999999995e-03 -3.069942270000000097e-04 -1.274519067999999944e-03 3.797480497999999958e-03 -2.458914939000000129e-03 -1.850058482999999976e-01 -1.922724503000000085e-01 -4.849206644000000031e-03 -9.760608371000000514e-04 2.317849426999999893e-03 -2.910615912999999898e-03 -4.496047016000000347e-03 -2.521369056999999900e-02 -1.737554627000000018e-01 -2.852850760999999999e-02 -3.376019802999999896e-03 3.908892869999999742e-03 -2.878075002999999892e-03 4.432406728999999969e-03 -3.817302177000000008e-03 -2.894020418999999813e-03 -6.261197613000000183e-03 2.763852351000000134e-03 -4.715269967999999833e-03 5.118458434999999772e-03 -1.798885396000000003e-03 -1.731542732999999975e-04
4.763550152999999898e-03 3.839311676000000100e-03 5.865261644000000114e-03 5.807011748000000424e-03 1.002567914000000032e-02 1.464087891000000023e-02 3.402645004000000133e-03 -1.947449299999999881e-05 2.501620424000000013e-03 -2.350207565999999897e-03 2.775865299999999859e-03 1.926497703999999894e-02 6.055653696999999669e-01 1.665273456000000013e-02 5.984100202999999632e-03 2.077864124999999947e-03 -1.134609533999999999e-03 2.959702487000000042e-03 7.135542439999999903e-03 1.819946710999999911e-02 1.191370274999999958e-02 8.161350528999999562e-03 5.275451571999999895e-03 -6.881485663000000072e-03 1.658635493000000082e-03 5.199666399999999626e-03 1.075742796000000046e-03 6.757384636999999583e-03 2.894309017999999786e-03 4.132412303999999782e-04 6.014903204999999878e-03 -4.017383450000000175e-03 -8.935571446999999307e-03 -6.798331456000000252e-03 -9.323732746999999557e-03 -6.557170537000000209e-03 -3.574687378000000054e-02 -1.487361954000000069e-03 6.066717203999999952e-04 -6.091169793000000311e-03 2.361777701000000035e-04 -1.345895718999999893e-03 -8.953813555999999216e-03 -1.860897780999999918e-01 -1.870919323999999939e-01 -4.039290477000000330e-03 -1.539932899000000027e-03 3.402440973999999751e-04 2.124829867000000013e-04 -5.101369629999999780e-03 -3.175004688000000047e-02 -1.752166219000000080e-01 -2.690109007999999871e-02 -5.819328381000000126e-03 -2.560933143999999904e-03 2.747036632999999973e-04 -6.769397455999999827e-03 -1.330242178000000082e-03 -5.396408004999999654e-03 -4.463696034999999930e-03 -9.403101276999999841e-03 -2.576692581000000065e-03 3.944568029999999739e-03 9.445138944000000406e-05
3.860698694999999906e-03 4.046006462999999879e-03 1.664628601000000012e-03 3.744532052999999857e-03 -3.036188025999999891e-03 7.099528221000000333e-03 1.080963679999999948e-02 7.691752377000000279e-03 1.704338461000000013e-03 6.991696255999999996e-04 8.666107006999999472e-04 1.929768211000000078e-04 1.665273456000000013e-02 6.042581192000000545e-01 1.518778204999999930e-02 2.276354355999999843e-03 -2.239764766999999962e-03 3.800865459999999956e-03 1.538670446999999960e-03 3.231043218999999841e-03 1.299929044999999922e-02 1.653306527000000109e-02 6.660072010000000348e-03 -1.058242552000000000e-03 -3.076658419999999967e-03 -9.479547040000000171e-05 -5.076072097000000095e-03 1.716228525000000052e-03 3.694718077000000173e-03 9.061999217000000703e-03 2.514353529000000150e-05 -7.365636305000000141e-03 -5.471712553999999624e-03 5.234841371000000312e-03 -4.941367250000000197e-03 -7.685104748999999937e-03 -1.781076695999999964e-03 -3.507114313000000289e-02 -9.907430538999999203e-03 -7.988720112999999484e-03 -1.982322350999999802e-03 -2.008161773000000008e-03 2.313009872999999966e-03 -6.990087895999999752e-03 -1.815697693999999973e-01 -1.840172647999999966e-01 -7.237503842999999833e-03 3.318876745000000177e-04 -3.605557220000000108e-03 -1.022193593000000032e-03 -2.696966449999999797e-03 -2.282216616000000073e-02 -1.788100450000000008e-01 -2.769754371000000132e-02 -4.435900193999999658e-03 -6.607463569000000380e-04 -1.655616511000000072e-03 -1.565064095999999958e-03 -7.664437552999999598e-04 -6.684378314999999543e-04 -1.183099540000000054e-02 -7.514072012000000064e-03 8.113955839000000503e-03 1.595280082000000025e-03
3.687113685999999970e-03 2.829924213000000171e-03 2.602848001000000050e-03 5.316265760000000139e-03 2.923944233999999868e-03 3.700809740000000187e-04 8.609576740999999936e-03 1.580373424999999971e-02 2.233392520999999929e-03 -2.247960327999999793e-03 2.676774297999999930e-03 -3.081319646999999915e-03 5.984100202999999632e-03 1.518778204999999930e-02 6.072417646000000113e-01 1.541942859999999998e-02 1.256171709999999919e-03 -1.718574006000000032e-03 -2.061299659000000021e-04 2.640981570999999923e-04 1.640081883999999985e-03 8.238505231000000512e-03 1.285160641999999985e-02 6.053636599999999597e-03 -3.140953648000000160e-03 3.420491703000000123e-03 -1.213073224000000075e-02 3.421544846999999973e-03 -4.253510315000000319e-03 -5.313396734000000281e-03 -3.299357007000000130e-03 -2.369229700999999841e-03 -5.954568137000000247e-03 2.860395857999999993e-03 -8.618647033000000415e-03 -8.112601609000000269e-03 -8.370850125000000794e-03 1.836241797000000026e-03 -3.420639208000000181e-02 -6.888061047000000256e-03 -2.706409975999999901e-03 -1.951745974999999963e-03 -3.520190018999999788e-03 -4.595680024000000329e-03 -5.976284380999999889e-03 -1.852460241999999979e-01 -1.923780569000000107e-01 -5.951869545000000247e-03 -5.487251615999999988e-04 1.635323994000000090e-03 2.989138810999999920e-03 -3.043939829999999999e-03 -2.670739809000000076e-02 -1.676865284999999872e-01 -2.729700435000000092e-02 -2.411601339000000142e-03 1.201836155999999991e-03 1.262162834999999966e-03 5.766801824000000395e-03 3.743897351999999831e-03 2.931819615000000150e-03 -8.991884727000000032e-04 -3.932066203000000176e-03 -2.257271238999999897e-04
1.489785796999999919e-02 2.665995300000000099e-03 7.678531157000000398e-03 3.037575677000000154e-03 -2.646348486999999979e-03 1.180652718000000084e-03 5.926365246999999725e-03 1.557170897999999963e-02 1.959257430999999938e-02 7.084807872000000242e-03 6.752697042000000045e-03 2.380954254000000082e-03 2.077864124999999947e-03 2.276354355999999843e-03 1.541942859999999998e-02 6.072450949000000042e-01 4.046195465999999699e-03 6.824583654999999936e-03 -4.628292813999999780e-04 2.554574898999999871e-03 -2.047253346000000099e-03 -1.089461737999999989e-03 1.652283783000000131e-02 1.871009172999999956e-02 8.685716784999999475e-04 -1.528246130999999942e-05 -9.203960979000000387e-04 -3.281478146999999845e-03 -2.892513912000000027e-03 7.540510464999999711e-03 3.085975947000000035e-03 4.640396935999999920e-04 -4.764459383000000173e-03 -5.859212675999999828e-03 -7.604002866000000339e-03 1.178999144000000094e-03 6.179826688000000096e-03 -3.613765224000000092e-03 -9.589439833000000524e-03 -3.851238884000000168e-02 -1.136567668000000066e-02 -7.054949117999999991e-03 -4.435171145999999972e-04 -1.671538139000000055e-05 -4.623375501999999609e-03 -6.097040298000000295e-03 -1.884913736000000117e-01 -1.885009953000000016e-01 -7.250953683000000392e-03 -2.226836437999999817e-03 -2.069741074000000080e-03 6.287708966000000402e-04 1.378352672999999919e-03 -2.826761030999999993e-02 -1.780037059000000033e-01 -3.303097357999999761e-02 -2.353330324999999834e-03 1.005753965999999899e-03 3.876176491000000047e-03 1.698548187999999928e-03 9.355324821999999683e-04 -2.373366999999999925e-03 -3.095219667000000119e-03 -7.023037606999999946e-04
6.488048072000000312e-03 3.268948878000000214e-03 4.335723102000000120e-03 -4.390114219999999962e-04 -1.734394985999999960e-03 -4.783381803000000005e-04 -1.084063811999999918e-03 8.036774483000000240e-05 1.565754327000000098e-02 1.421594628999999985e-02 3.930623085000000370e-03 -1.632551124000000036e-03 -1.134609533999999999e-03 -2.239764766999999962e-03 1.256171709999999919e-03 4.046195465999999699e-03 6.061924681999999454e-01 1.146970343000000038e-02 2.766852046000000016e-03 3.694698982000000145e-03 -3.680529647000000109e-04 1.477318468999999895e-03 4.013366330000000398e-03 2.328548226000000040e-02 2.127307143999999928e-02 6.210628909999999989e-03 3.982863617000000252e-03 -4.955578757999999986e-03 1.913376128000000083e-04 1.813323766999999902e-03 1.556788274999999951e-02 2.625901314999999972e-02 -1.165396900000000013e-02 -6.840119510999999666e-03 1.571279721000000016e-03 2.202964226000000037e-04 -1.790782690999999935e-03 -4.498765333999999588e-03 3.407185869000000072e-03 1.940549593999999975e-03 -2.809815327999999959e-02 -4.954234969999999662e-03 -2.746306040999999844e-03 3.328320902999999924e-03 1.962644840000000047e-03 -3.130276904999999832e-03 -2.018825479999999950e-03 -9.506869600000000461e-03 -1.888069629999999943e-01 -6.178658483000000305e-03 -9.011018803999999640e-05 2.295339239999999881e-03 -2.784126496999999797e-03 -5.020534977000000107e-03 -9.962967184999999351e-03 -1.875660993000000110e-01 -2.250613840000000032e-02 -5.379871918999999843e-03 -2.047669520999999878e-03 2.546244882999999966e-03 -2.842253820000000073e-03 -2.278948431999999833e-03 -3.357523768000000158e-02 -1.644349153000000119e-01
3.012812641000000170e-03 2.602101081999999999e-03 -7.276067309000000278e-04 -1.843898091999999914e-03 4.183896700999999684e-03 6.752885399000000495e-04 3.994529226999999662e-03 4.292293029000000294e-03 7.309568169000000420e-03 1.142340627000000032e-02 1.443833377999999973e-02 2.034185091000000056e-03 2.959702487000000042e-03 3.800865459999999956e-03 -1.718574006000000032e-03 6.824583654999999936e-03 1.146970343000000038e-02 6.097838140000000351e-01 1.366535588000000051e-02 5.753181512000000129e-03 -4.039193324999999953e-03 3.674302270000000172e-03 -5.294950812999999878e-04 1.994089644000000133e-03 2.144143525000000161e-02 2.763446519999999962e-02 1.660968563999999995e-02 4.141458185000000333e-03 -2.863844560999999865e-03 -7.790452429000000248e-03 -1.602131786000000023e-03 1.244879209000000070e-02 -3.790012159999999949e-03 -5.214939636000000094e-03 2.028004289000000064e-03 6.547404851000000010e-04 -1.665540297999999969e-03 -3.269438521000000031e-03 -5.000385234999999914e-03 -2.423779558999999972e-03 -5.067142434999999737e-03 -2.677356326999999828e-02 -5.400374353000000210e-03 -1.511982929000000014e-03 7.230054276999999625e-04 -2.219280217000000124e-03 -4.107168395999999735e-03 -3.797483796999999786e-03 -1.863892628999999912e-01 -1.805083379000000099e-01 -6.065904401000000133e-03 -2.987854427999999882e-03 -2.549084316000000219e-04 -2.116692707000000090e-03 1.106294786999999962e-03 -6.143160521999999589e-03 -1.678343841000000114e-01 -2.953872776000000117e-02 -6.574061251000000265e-03 1.070656155999999935e-03 3.964152145000000155e-04 4.248976677999999688e-03 -3.179747715999999870e-03 -2.734386850000000008e-02
4.288481165000000012e-03 5.566274159000000193e-03 -1.176167888000000019e-03 9.927071046999999798e-04 6.848070203999999991e-04 3.961881781000000345e-03 -1.189612098999999978e-04 -1.337819768000000041e-03 5.592505813999999568e-03 3.187093191999999884e-03 9.536788742000000541e-03 1.265207108999999962e-02 7.135542439999999903e-03 1.538670446999999960e-03 -2.061299659000000021e-04 -4.628292813999999780e-04 2.766852046000000016e-03 1.366535588000000051e-02 6.079762329000000243e-01 1.548117107999999985e-02 3.283636687999999786e-03 8.182331811000000382e-04 -5.610030977999999786e-03 2.762037037000000025e-04 1.112520181999999969e-02 2.094491092000000040e-02 2.485044303999999968e-02 3.917194320000000167e-03 1.389344515999999929e-03 -9.169093134000000020e-03 -3.106255758000000047e-03 -4.986671009999999772e-04 -4.788937562000000411e-03 -6.688654510999999733e-03 8.737908901999999825e-03 3.585137048000000201e-03 -1.910420176000000077e-03 3.332902083000000102e-03 7.314085530000000168e-03 1.256235605000000045e-03 -2.583605071999999815e-03 -6.258120074000000400e-03 -2.636531287000000098e-02 -7.507021614999999717e-03 -2.792610885999999987e-03 -2.171809175999999970e-03 1.012341944000000066e-03 -1.423934305000000046e-03 -8.399705833999999635e-03 -1.893763786000000060e-01 -1.804749468999999884e-01 -4.317251521999999897e-03 -8.407221237000000232e-04 6.645453412999999601e-03 2.300258311999999958e-03 -5.019447435000000228e-03 -2.672599197999999884e-02 -1.622897107000000061e-01 -2.966722289000000082e-02 -2.968551321999999843e-03 3.072383318000000176e-03 6.865128534000000324e-03 1.448360610000000047e-03 -3.259855360000000167e-04
-3.085686143000000107e-03 2.822889384999999955e-05 1.135732598999999966e-03 -3.763609052000000017e-03 7.240972191000000138e-04 2.144181615999999919e-03 2.556989880999999912e-03 1.189756011000000103e-03 1.004267475999999926e-03 -1.567526113000000058e-03 5.999081935000000025e-04 1.658738539000000067e-02 1.819946710999999911e-02 3.231043218999999841e-03 2.640981570999999923e-04 2.554574898999999871e-03 3.694698982000000145e-03 5.753181512000000129e-03 1.548117107999999985e-02 6.073729370999999544e-01 1.386612987000000047e-02 3.591740824000000127e-03 -1.460706190000000092e-03 -6.214285352999999838e-03 4.471004572000000094e-03 1.469279941999999950e-02 2.019111889999999909e-02 1.851116046999999945e-02 3.071642690000000141e-03 -1.678355918000000099e-03 4.874234475000000129e-03 1.631091623999999986e-03 4.028319982999999799e-03 -2.572125105000000207e-03 1.492807811000000087e-03 6.575608763999999480e-04 -6.060193642000000214e-03 2.495402459000000198e-03 -1.079643972999999937e-03 -9.279143676999999577e-04 6.144293495999999860e-04 1.010079037999999946e-03 -9.140219956000000074e-04 -2.580801602000000125e-02 -7.974278612000000599e-03 -1.161844883999999922e-03 -6.623056270000000651e-05 -7.537238512000000046e-04 2.246168435000000206e-03 -5.461920268999999675e-03 -1.938467486000000073e-01 -1.861079237000000108e-01 -5.191205071000000101e-03 -5.438010519999999723e-03 4.172505342999999894e-03 -1.427373245999999948e-04 -1.063046731000000071e-02 -2.902733064999999876e-02 -1.603512357000000110e-01 -2.110288861999999946e-02 -5.356880625999999729e-03 3.026728472999999967e-04 -1.861334293999999880e-04 -3.101221082000000032e-03
2.968394764000000050e-03 -1.957338037000000159e-03 3.400417133000000044e-05 9.062358835999999654e-03 1.705629210999999980e-03 1.149179474000000013e-03 1.585960140000000065e-03 1.260577885000000072e-03 -2.226432653999999966e-03 -4.396257029000000087e-03 7.226291504999999638e-04 4.902161315999999970e-03 1.191370274999999958e-02 1.299929044999999922e-02 1.640081883999999985e-03 -2.047253346000000099e-03 -3.680529647000000109e-04 -4.039193324999999953e-03 3.283636687999999786e-03 1.386612987000000047e-02 6.064926040000000462e-01 9.748915708999999694e-03 2.234474690999999915e-04 2.090762925000000123e-03 -2.354746764999999988e-03 1.976412332999999844e-03 8.344986856999999161e-03 1.600534800999999993e-02 2.049523106000000067e-02 2.424393921000000170e-03 4.903891326999999627e-03 -3.376609126999999960e-03 -5.076169757999999740e-03 7.208825609000000037e-03 -4.001653142000000281e-03 -3.773831521000000147e-03 -4.393108090999999805e-03 -5.591522086999999898e-03 -4.576755931999999805e-03 9.714870256000000294e-04 2.417552848999999972e-03 -6.856025876999999932e-04 -6.504151328000000107e-03 -9.798994640999999714e-04 -2.756401522000000159e-02 -6.405125017999999722e-04 -1.770280301000000042e-03 1.626761511999999911e-03 3.671343817999999856e-03 3.551962047999999896e-03 -6.791878254999999739e-03 -1.853725425999999954e-01 -1.872068699999999974e-01 4.938042722999999622e-04 2.390247416000000039e-04 -3.935335905999999724e-03 4.152506018000000181e-03 -5.837439453000000181e-03 -2.506119437999999866e-02 -1.544912011000000029e-01 -2.015621425999999938e-02 -3.056505765000000030e-04 -1.351922773000000086e-04 1.526305585999999980e-03
2.743251665999999877e-03 5.159904911000000143e-03 1.084103942000000029e-03 1.884085475000000023e-03 5.933214198000000099e-03 1.593952167000000134e-04 2.733870707999999997e-03 -6.080909306999999651e-04 -1.722492164999999938e-03 -1.470290923999999959e-04 3.762518967999999887e-03 -2.951802151000000162e-03 8.161350528999999562e-03 1.653306527000000109e-02 8.238505231000000512e-03 -1.089461737999999989e-03 1.477318468999999895e-03 3.674302270000000172e-03 8.182331811000000382e-04 3.591740824000000127e-03 9.748915708999999694e-03 6.082732212000000471e-01 1.017627779000000038e-02 7.038130366999999915e-03 4.543126584000000030e-03 -2.909679889000000002e-03 -4.131951955000000114e-03 3.251238709999999810e-03 2.071146563999999926e-02 1.559202032000000029e-02 1.195241822999999932e-02 4.859171209999999831e-03 -5.038029412999999943e-03 -1.178981894000000023e-02 -1.884834309000000012e-03 8.737818968000000529e-04 -1.483475070000000095e-03 -3.839440309000000020e-03 1.594892093999999939e-03 -5.160685808000000166e-03 5.468934336000000340e-03 -4.731547107999999578e-03 -2.026688833000000155e-03 -2.921159565999999902e-03 -6.829462205999999730e-03 -2.902219718000000059e-02 2.687998472999999881e-03 -2.211097978999999967e-03 2.845184630999999815e-03 -4.410237130999999922e-03 5.401853506999999572e-04 -5.366138286000000056e-03 -1.827217751999999917e-01 -1.860414304000000130e-01 -3.752795285999999900e-03 -6.531998689000000080e-03 1.411244353999999970e-03 -3.034200960999999981e-03 2.187506392000000092e-04 -2.126777209999999863e-02 -1.632994792999999945e-01 -2.593040426000000134e-02 -5.073447071000000176e-03 -5.312530040999999606e-03
7.170275252000000120e-03 -1.048320270999999973e-05 1.752930291999999900e-03 3.027171476000000208e-03 1.812800857999999978e-04 1.774507254000000107e-03 4.028330892999999573e-03 7.051045576000000009e-03 3.518930077000000101e-03 3.774378144999999962e-03 2.138250340999999898e-03 1.629543321999999967e-04 5.275451571999999895e-03 6.660072010000000348e-03 1.285160641999999985e-02 1.652283783000000131e-02 4.013366330000000398e-03 -5.294950812999999878e-04 -5.610030977999999786e-03 -1.460706190000000092e-03 2.234474690999999915e-04 1.017627779000000038e-02 6.063767155999999492e-01 1.563241568000000095e-02 6.259298961000000008e-03 1.836722237999999967e-03 -3.760489974000000117e-03 -4.264274656999999732e-03 3.425803576000000135e-03 1.543791603999999928e-02 1.929519686999999969e-02 -8.526624620999999913e-04 1.576958297999999942e-03 -3.840015049999999808e-03 -1.498716583000000036e-04 -6.647559945000000060e-03 3.816305702000000102e-03 -8.205049771999999367e-03 -6.653962819000000008e-03 -1.067474984000000085e-02 -2.028718544000000096e-03 -5.534501279999999579e-03 1.570858089999999921e-03 -5.138017125000000082e-04 -4.755781037999999572e-03 -4.516526487000000097e-03 -3.229887095000000263e-02 -6.498067312999999783e-03 -2.097791983999999863e-03 4.459625299999999716e-03 2.710682250000000151e-03 -4.078902464000000124e-04 -7.672037318000000071e-03 -1.842509371999999923e-01 -1.916811861999999922e-01 -7.790487589999999830e-03 1.187404805000000013e-03 1.916951950999999958e-03 6.232565326000000239e-03 -4.565905981000000294e-03 -2.267254801999999889e-02 -1.583635127999999948e-01 -2.124244588999999947e-02 -5.781784826000000051e-03
3.721383499000000157e-03 3.559060403999999862e-03 6.388390769000000264e-04 3.921694623000000421e-03 -1.034162878000000107e-03 3.201521048999999945e-03 -2.384686755000000030e-03 2.222341137999999956e-03 1.359813818999999931e-02 4.414490354000000401e-03 3.064415234999999949e-03 -4.166297551000000088e-04 -6.881485663000000072e-03 -1.058242552000000000e-03 6.053636599999999597e-03 1.871009172999999956e-02 2.328548226000000040e-02 1.994089644000000133e-03 2.762037037000000025e-04 -6.214285352999999838e-03 2.090762925000000123e-03 7.038130366999999915e-03 1.563241568000000095e-02 6.075123438999999737e-01 9.536091886999999503e-03 2.584870886999999888e-03 4.409149981999999773e-03 3.550700271000000168e-03 2.825744210999999850e-03 7.753397292999999676e-03 1.571680718000000032e-02 2.229736667999999977e-02 -1.026925748999999929e-02 -8.711824814000000174e-04 -2.037621661999999834e-03 2.967461312999999847e-03 -1.014537436000000027e-03 -4.426725373999999651e-03 -3.510287684999999821e-03 -3.359375265000000190e-03 -4.331632349999999659e-03 6.181175457000000033e-04 -2.317181050999999985e-03 2.852318383000000158e-03 -1.084007387999999972e-04 -4.030644792999999761e-03 -8.698907985999999176e-03 -3.074882831000000025e-02 -9.734439016999999611e-03 -3.343193977999999941e-03 3.922367549000000363e-03 2.006006789000000165e-03 -2.298697549000000128e-03 -1.044863885000000062e-02 -1.862833646000000010e-01 -1.916218154999999868e-01 -3.377897357999999801e-03 -1.649210841000000021e-03 1.060628621999999964e-04 2.846192090000000067e-03 -2.470287982999999805e-03 -2.658624160000000111e-02 -1.641493746000000087e-01 -2.855970764000000106e-02
