# <Sz_i Sz_j >
5.384796665000000093e-01 6.466952342999999701e-03 -1.154673183000000077e-03 -2.655410145999999999e-02 -6.749102623000000079e-02 -8.989365498000000121e-02 4.574728368000000392e-03 1.477319477000000041e-04 1.097573817999999892e-03 -2.074305904999999839e-02 -7.021152416999999757e-02 -8.953048667999999322e-02 3.794778661999999910e-04 -8.330983222000000465e-02 -5.394890745999999897e-03 -2.060154147000000085e-03 -2.457094594000000173e-04 2.325882864000000053e-04 -1.236462194999999892e-03 -5.290154963999999654e-03 2.313308409000000131e-03 -6.766761696000000298e-03 -7.865575456999999993e-02 -6.257296830000000018e-03 -1.718940013999999909e-03 5.072019048999999898e-03 2.594649708999999856e-03 -3.942453979000000268e-03 2.485864603000000148e-03 -1.524018747000000082e-03 -2.680010183000000167e-03 8.225797385999999295e-03 1.593466834999999896e-03 7.528886890000000172e-04 -1.008308501999999969e-04 7.526283264999999740e-04 -1.569916947000000096e-03 3.333188239999999858e-03 -6.479653188999999827e-03 -4.048712135999999774e-03 7.759144031000000247e-03 4.528494170999999846e-03 1.369213301000000082e-03 2.390376129999999960e-03 -2.511143633000000042e-03 -2.204898160000000069e-03 -5.112813931000000089e-03 -4.060755523000000172e-03
6.466952342999999701e-03 6.382091447000000084e-01 1.876799138999999880e-02 -7.940946907000000221e-02 -4.514626155999999779e-02 -5.746441238000000312e-02 8.182435066999999354e-03 -5.463593299999999764e-03 -5.823037243999999984e-04 -7.316858010000000523e-02 -4.810327681999999883e-02 -5.277363716999999843e-02 -1.764526081000000052e-02 -1.488475872999999935e-02 -5.876838728000000067e-02 -4.430485641000000106e-03 -1.044673653000000035e-02 -1.781087638000000044e-03 -2.861191445999999861e-03 -2.369508728999999893e-03 -5.064839586999999622e-03 -1.595507055999999951e-02 -2.594147506000000006e-02 -4.423309165000000043e-02 3.825091345000000004e-03 4.570381582999999935e-03 -1.980485567000000047e-03 -2.367913278999999888e-03 3.542979364000000200e-04 -2.523736603000000141e-03 -4.828937785000000059e-03 -8.614619457999999480e-03 -4.946332319000000359e-03 4.155868784000000399e-03 -1.404724055999999983e-03 6.642004846999999615e-03 -1.557588305000000024e-03 -1.241409882999999943e-02 -5.712964671999999980e-03 -7.122244090000000305e-03 9.253611044999999948e-04 3.976501763000000328e-03 -5.734583788000000449e-04 5.020336894999999702e-03 6.449987409000000225e-04 6.375756246000000103e-04 -4.188550874000000063e-03 1.366428209999999942e-02
-1.154673183000000077e-03 1.876799138999999880e-02 5.932354775000000524e-01 -9.660424736999999318e-02 -4.776774649999999955e-02 1.069044216999999897e-03 1.977039426000000075e-04 1.103650052999999992e-02 1.423632441000000082e-02 -9.296070618000000507e-02 -5.226973599999999720e-02 5.808474170000000290e-03 -6.364994478999999594e-02 -1.450784821000000030e-02 -6.474690414999999602e-03 6.081802481000000114e-04 -3.548575398000000138e-03 7.575704169000000354e-04 2.698330462999999971e-03 5.054020558999999715e-04 8.749394735000000714e-03 -5.874901168999999840e-02 -2.019182920000000062e-02 -3.318846879999999815e-03 4.179813775999999606e-03 1.700762920999999983e-03 -3.690991432999999808e-03 2.797446059000000072e-03 -1.075030333000000010e-03 -1.616817142999999943e-02 -2.246906346999999818e-03 1.127740522999999950e-06 -7.945499268999999323e-03 -4.045801590000000156e-03 8.183543736000000249e-03 6.760527965999999509e-04 3.740472474000000169e-03 8.158709655999999213e-03 3.620878880000000070e-03 3.288916752999999828e-03 -9.831184927000000823e-03 -4.476054127000000070e-03 -6.620416587999999880e-03 6.147733459999999740e-03 4.156538912999999807e-03 -3.097121162999999771e-04 -9.828621355000000809e-03 2.856543872000000001e-03
-2.655410145999999999e-02 -7.940946907000000221e-02 -9.660424736999999318e-02 5.423811442000000538e-01 9.902407146000000507e-03 9.096023883999999893e-03 -2.677237110999999836e-02 -7.626489248999999970e-02 -9.176200878000000116e-02 6.073878896999999888e-03 5.613284116999999601e-03 3.138872414000000097e-03 -1.186420294000000005e-03 -8.025451668999999955e-02 -2.861930515000000053e-03 -1.087580534999999914e-03 -7.887512346000000174e-02 1.014287817999999985e-03 1.683535092999999955e-03 -5.482008120000000408e-03 2.590536465999999927e-03 1.932286546000000060e-03 1.316978338000000066e-03 1.607691376000000029e-04 -5.063809086000000369e-03 7.382748150999999572e-03 4.793999793000000044e-03 -2.744148710999999834e-03 -2.520793716000000080e-03 2.665156976000000125e-03 9.802679241000000245e-04 3.069855752999999833e-03 7.232458299000000309e-04 -3.089061187999999833e-03 -1.690854122000000044e-03 7.414461791000000104e-04 -1.978138742000000016e-03 -3.344678423000000062e-04 -1.234011842000000024e-03 2.632453459000000211e-03 2.447049176999999912e-03 -3.863324975000000019e-03 3.018751194000000165e-03 2.552827108000000136e-03 -5.152338727999999923e-03 4.075444190000000223e-03 5.771363275999999822e-04 -6.928439447999999723e-03
-6.749102623000000079e-02 -4.514626155999999779e-02 -4.776774649999999955e-02 9.902407146000000507e-03 6.409621016000000004e-01 7.233444666000000273e-03 -6.759988999999999582e-02 -4.697689339999999714e-02 -4.773903639000000310e-02 2.548098770999999898e-03 -1.105374859999999973e-02 3.651931379999999970e-03 -1.514326205000000002e-02 -1.486247616999999965e-02 -5.545144183999999726e-02 -1.691217017000000086e-02 -1.300431273000000020e-02 -4.634247519999999676e-02 -4.787642947000000058e-03 -1.528359005000000034e-02 -3.731009842000000080e-03 -3.841335186000000099e-03 -1.320907380999999936e-02 8.067457257999999503e-04 2.323715733000000176e-03 8.158779478999999491e-06 -1.257620381000000044e-02 1.279377108999999943e-02 1.254397422000000026e-02 1.336627240999999945e-02 -7.584587395999999450e-05 -7.460344205999999874e-03 4.243917124999999763e-03 -1.566922843999999987e-03 3.891525803000000106e-03 1.503217112000000038e-03 1.401630061000000036e-03 1.287619584000000098e-03 4.998621217000000184e-04 -7.487544161000000281e-03 -1.179796932999999971e-02 2.218285102999999984e-03 1.948884452000000048e-03 7.950318865000000068e-03 6.190939341999999838e-03 4.632785353000000265e-03 9.299544580999999713e-04 4.718440608999999696e-03
-8.989365498000000121e-02 -5.746441238000000312e-02 1.069044216999999897e-03 9.096023883999999893e-03 7.233444666000000273e-03 5.946804680999999704e-01 -9.242315556999999848e-02 -5.522974719999999837e-02 -5.248503849000000360e-03 -1.680281564999999960e-03 7.393840251000000346e-04 2.670482296000000182e-03 -5.233203118000000209e-02 -8.205722977000000362e-03 -3.215353774000000164e-03 -5.564739829999999776e-02 -1.466404529999999935e-02 -1.809252906000000105e-02 2.811035124999999857e-03 1.077702275000000029e-03 5.402109716000000166e-03 4.521588564999999907e-03 -5.450634174000000380e-03 -2.368177339999999898e-03 -7.315749952000000396e-03 -5.380059026999999645e-04 3.626959600000000117e-03 1.148767210999999998e-03 -3.793860030999999904e-03 -1.773299404000000003e-03 5.699220096999999680e-03 -2.598334936999999937e-04 -1.444171124999999931e-02 1.365431347999999977e-03 -1.167314683999999894e-03 -1.380561964999999988e-02 -1.183200328999999907e-03 1.309648369000000106e-03 2.878082829999999842e-03 8.479999245999999668e-04 -7.904310700000000134e-03 -1.949354870000000086e-04 -1.167541671999999938e-03 -2.463704418000000002e-04 5.407529696999999712e-03 5.552260405000000384e-03 -6.538500495999999794e-03 -6.120796357999999616e-04
4.574728368000000392e-03 8.182435066999999354e-03 1.977039426000000075e-04 -2.677237110999999836e-02 -6.759988999999999582e-02 -9.242315556999999848e-02 5.398147716000000207e-01 5.111405720000000014e-03 5.037035270999999821e-03 -2.666528838999999984e-02 -6.887040988999999780e-02 -9.337432902999999451e-02 -1.852214120999999981e-03 -1.479439072000000074e-03 6.094865109000000523e-04 6.390538513999999759e-04 -7.997516199000000159e-02 1.324119401000000036e-03 -3.890801755000000174e-03 -7.957100015000000137e-02 -4.036108115999999593e-03 -1.423655474000000073e-03 -8.047424492000000706e-03 -5.248725522000000391e-04 3.937638933999999986e-03 -1.539057078000000047e-03 -4.990210672999999611e-03 -2.197680711999999790e-03 6.017002888000000382e-03 -2.538578480999999915e-03 2.242004947999999814e-03 3.605501756999999953e-05 -1.858988722000000100e-04 -1.914943431999999906e-03 4.526054677000000063e-04 -2.765248491000000047e-05 4.522180621999999785e-04 -6.205304160999999818e-03 -4.770839310999999867e-03 4.325035807999999884e-03 3.791807337000000183e-04 9.994822031999998999e-04 -4.994711944000000334e-03 -4.999400521000000285e-03 8.094990754000000281e-04 -1.664378975999999998e-03 2.817128791000000215e-03 9.457984279000000195e-04
1.477319477000000041e-04 -5.463593299999999764e-03 1.103650052999999992e-02 -7.626489248999999970e-02 -4.697689339999999714e-02 -5.522974719999999837e-02 5.111405720000000014e-03 6.402243362999999743e-01 1.283897525999999970e-02 -7.528581247000000476e-02 -5.039209422999999660e-02 -5.557718192000000307e-02 -2.830691162999999979e-03 -6.662424943000000259e-03 7.271514092999999818e-03 -1.833639389000000022e-02 -4.797315154999999727e-03 -5.113291110999999833e-02 -1.347244501999999948e-02 -9.346516747999999639e-03 -5.280392679999999783e-02 7.992612529999999684e-04 -6.577855657999999613e-03 -4.862351426000000032e-03 -2.790983485000000149e-03 -4.350999963999999977e-03 2.858107625000000027e-03 2.740313978999999855e-03 1.529615692000000065e-03 -7.802402028999999670e-05 1.075505694000000083e-03 2.149928082999999891e-04 3.440850470999999924e-03 2.012117441999999867e-03 1.613358872000000051e-03 -3.991481831000000431e-03 -5.649035883000000325e-04 3.065095301999999980e-03 1.199868169000000047e-02 5.584324709000000088e-03 3.093608869999999855e-03 -9.964595911000000833e-03 -4.110031705999999882e-03 -2.664081863000000022e-03 -1.760030196999999965e-03 -6.807716043999999939e-03 -3.681315324000000114e-03 7.186721192000000182e-03
1.097573817999999892e-03 -5.823037243999999984e-04 1.423632441000000082e-02 -9.176200878000000116e-02 -4.773903639000000310e-02 -5.248503849000000360e-03 5.037035270999999821e-03 1.283897525999999970e-02 5.931161445999999504e-01 -9.280498578000000165e-02 -4.942736841999999936e-02 -2.223863270000000190e-03 3.023353055000000105e-03 -4.603764897999999654e-03 3.128111404999999942e-03 -5.489182550999999882e-02 -2.506985759000000206e-03 -5.815725217999999884e-03 -5.817088596000000167e-02 -1.344541976000000055e-02 -1.223819611000000066e-04 -3.005484935999999945e-04 -2.608594320000000126e-03 8.037683228999999846e-03 -3.878394702000000083e-03 5.875745538999999941e-03 -6.658530162999999960e-03 -1.217543249999999966e-02 5.185942988999999760e-03 -5.385359775999999654e-03 -3.794848328999999958e-03 6.611352965000000075e-03 2.230822780999999842e-03 3.400871187999999871e-03 7.274885860000000065e-03 -8.085733572999999341e-03 -2.507072202000000007e-03 -2.732243486999999874e-03 7.067683600999999718e-03 5.648209940999999665e-04 1.205056790000000018e-03 -5.164027451000000220e-03 -3.477713740999999973e-03 1.588942268000000102e-03 -3.007809730999999858e-03 -4.303683929000000179e-03 4.795377753000000000e-03 6.452173498999999590e-03
-2.074305904999999839e-02 -7.316858010000000523e-02 -9.296070618000000507e-02 6.073878896999999888e-03 2.548098770999999898e-03 -1.680281564999999960e-03 -2.666528838999999984e-02 -7.528581247000000476e-02 -9.280498578000000165e-02 5.385695270999999451e-01 6.627380617999999689e-03 1.049897190000000075e-05 1.508226095999999931e-03 -4.768413313999999605e-03 4.818216143000000028e-03 -1.716359173999999939e-03 -6.669571943000000142e-03 1.108045937999999932e-03 -1.275164257999999908e-03 -8.454497418999999681e-02 -5.821078200999999994e-03 -2.955935806000000061e-03 -7.502461105999999602e-02 -5.053921886999999773e-04 -9.589365795000000378e-04 -7.349306926999999660e-04 -1.577476227000000088e-04 1.165025359999999951e-03 -2.758952192999999942e-03 2.486372716999999885e-03 -3.327925294999999929e-03 3.492155970999999848e-03 2.019615575000000083e-03 -5.302524222000000280e-03 1.913369332000000025e-03 3.850227289000000049e-03 -4.655223477999999825e-03 -1.506378442999999913e-04 2.765235482999999807e-03 -6.319720012000000194e-04 -2.941750778999999844e-03 -1.312840612999999950e-03 -1.811351638999999939e-03 1.091643222999999973e-03 4.506838953000000085e-03 -3.492115439000000043e-04 7.412607306000000009e-06 -2.418959738000000127e-03
-7.021152416999999757e-02 -4.810327681999999883e-02 -5.226973599999999720e-02 5.613284116999999601e-03 -1.105374859999999973e-02 7.393840251000000346e-04 -6.887040988999999780e-02 -5.039209422999999660e-02 -4.942736841999999936e-02 6.627380617999999689e-03 6.389116231000000479e-01 7.425667176999999400e-05 7.141075722999999913e-04 -1.414141367000000017e-02 6.959785145999999867e-03 -1.121183698000000018e-04 -3.767912634000000066e-03 1.317659265000000086e-02 -1.710695803000000098e-02 -4.943598968000000038e-03 -5.206195308000000077e-02 -2.096112064000000066e-02 -2.150822544000000058e-02 -4.694135295000000097e-02 -1.898285872999999971e-03 8.936260145999999974e-03 2.700566409999999827e-03 4.363004402999999878e-03 -1.240299735999999924e-02 1.200932493000000066e-02 1.077945084999999952e-03 -4.474360335999999667e-03 -4.723703691000000378e-03 -1.454036896000000020e-03 2.980846066999999835e-03 -9.976481839000000268e-03 -1.805946327999999941e-04 5.175871085999999947e-03 1.013563533000000003e-02 5.532767716000000459e-04 -4.708604828000000075e-03 5.840309606999999868e-03 9.331987049000000159e-03 9.370257438999999439e-03 -9.242142438999999612e-03 1.592466653000000057e-03 -3.836543756999999995e-03 4.772200005999999856e-03
-8.953048667999999322e-02 -5.277363716999999843e-02 5.808474170000000290e-03 3.138872414000000097e-03 3.651931379999999970e-03 2.670482296000000182e-03 -9.337432902999999451e-02 -5.557718192000000307e-02 -2.223863270000000190e-03 1.049897190000000075e-05 7.425667176999999400e-05 5.955753715999999587e-01 -1.968041136000000125e-03 -1.689304275999999961e-03 3.280266479000000144e-05 1.523270335999999921e-03 -3.853038149999999870e-03 1.610150486000000089e-03 -6.073180301000000170e-02 -1.555620513999999947e-02 -2.118862958000000078e-03 -5.501864355999999678e-02 -3.559042865000000121e-03 1.306889962999999936e-03 -3.563936532999999792e-03 5.611967778000000184e-03 -1.031344101000000041e-02 -6.096039036000000001e-03 -4.697210381999999615e-03 -1.253435766999999937e-02 -6.074970241999999750e-03 1.138554286000000026e-02 -7.331792900999999606e-03 -3.764622873000000218e-04 5.631483813999999845e-03 7.619721638000000142e-04 5.354771932000000102e-03 3.652342581000000109e-03 -4.190913995000000031e-03 -1.641590652000000060e-03 -4.055933260000000110e-03 5.273474333000000187e-03 -4.127122399999999698e-03 4.343553808000000238e-03 -5.638849744999999657e-03 -3.568559723999999937e-03 1.102276093000000012e-02 -1.054566117000000020e-03
3.794778661999999910e-04 -1.764526081000000052e-02 -6.364994478999999594e-02 -1.186420294000000005e-03 -1.514326205000000002e-02 -5.233203118000000209e-02 -1.852214120999999981e-03 -2.830691162999999979e-03 3.023353055000000105e-03 1.508226095999999931e-03 7.141075722999999913e-04 -1.968041136000000125e-03 5.590930135999999662e-01 -2.957152846999999869e-03 1.091973705999999987e-03 -1.880425117999999984e-03 -2.716387912000000140e-02 -6.273712257999999875e-02 8.297852236000000450e-03 2.356561236999999993e-03 -2.864498121999999990e-03 -6.229169175999999843e-03 -2.153122348000000019e-02 -5.270155321000000170e-02 -4.097998755000000284e-03 -5.557405552999999943e-02 6.135266668999999826e-03 -2.491152928000000145e-03 -5.836893103000000138e-03 2.935606805000000145e-03 -1.624880089000000066e-03 1.336633081999999938e-03 4.891342477000000175e-03 -4.558598902000000376e-03 -7.219752326999999414e-02 1.136422094000000054e-03 -4.118961550999999943e-03 4.080137152000000433e-03 5.324504298999999975e-03 4.351516775999999761e-04 2.886790801000000024e-03 2.293670358000000128e-03 -3.447442127000000141e-03 4.964922731000000200e-03 3.347100834999999905e-04 -8.767650857000000575e-03 -2.755315700000000173e-03 2.849140727000000137e-03
-8.330983222000000465e-02 -1.488475872999999935e-02 -1.450784821000000030e-02 -8.025451668999999955e-02 -1.486247616999999965e-02 -8.205722977000000362e-03 -1.479439072000000074e-03 -6.662424943000000259e-03 -4.603764897999999654e-03 -4.768413313999999605e-03 -1.414141367000000017e-02 -1.689304275999999961e-03 -2.957152846999999869e-03 6.053799238000000527e-01 -5.374760416999999546e-04 -2.963106239000000072e-02 2.271690898000000135e-03 -2.866982941000000007e-02 -3.519117826000000161e-03 -1.617448838999999833e-02 -3.658282577000000193e-04 -1.890717220999999990e-02 8.667738086000000008e-03 -3.188474381999999857e-02 -1.073367350000000060e-02 -2.142255611000000101e-02 -3.646921323999999937e-02 -2.148790585000000079e-03 -3.145930365000000183e-03 -4.490040031000000140e-03 -2.738421620999999878e-06 -1.188761976000000074e-02 -1.239644309999999965e-02 -7.940578389000000833e-03 -1.970753411999999830e-02 -3.850392008999999754e-02 5.964501292999999787e-03 -6.612472912999999702e-03 -6.054254014000000177e-03 1.623214385999999969e-03 -6.903299178000000050e-04 -1.813999860999999979e-04 5.227155839000000373e-03 -1.360195525999999960e-02 9.762009656999999854e-03 -8.847787920999999759e-04 1.623617473000000004e-03 5.225919778999999800e-03
-5.394890745999999897e-03 -5.876838728000000067e-02 -6.474690414999999602e-03 -2.861930515000000053e-03 -5.545144183999999726e-02 -3.215353774000000164e-03 6.094865109000000523e-04 7.271514092999999818e-03 3.128111404999999942e-03 4.818216143000000028e-03 6.959785145999999867e-03 3.280266479000000144e-05 1.091973705999999987e-03 -5.374760416999999546e-04 5.886603693999999942e-01 -5.808909778000000135e-02 -3.635407125000000156e-02 -2.407627565000000202e-03 -5.202979431999999946e-03 6.679888575000000016e-03 1.642288507999999916e-03 -5.442831263000000308e-02 -2.762219151000000136e-02 -6.630704957000000364e-03 -5.088328092999999663e-02 -5.924620036999999652e-03 -3.736516033999999920e-03 -2.625865129000000148e-03 -7.879364813999999162e-03 4.765596104000000000e-03 9.221896290999999747e-04 -4.343693868000000034e-03 2.307145543000000028e-03 -6.066014052999999656e-02 -1.754469900000000041e-02 -9.648153370000000714e-03 -1.279069750999999901e-03 5.821556749000000343e-03 3.631884154999999968e-03 -4.535457772000000068e-03 2.837546062000000004e-03 -5.826761508000000318e-03 -4.985208522000000387e-04 3.865500077000000138e-03 1.052049006999999925e-02 -9.878804567000000481e-03 -3.528000805000000139e-03 -1.509384432999999991e-02
-2.060154147000000085e-03 -4.430485641000000106e-03 6.081802481000000114e-04 -1.087580534999999914e-03 -1.691217017000000086e-02 -5.564739829999999776e-02 6.390538513999999759e-04 -1.833639389000000022e-02 -5.489182550999999882e-02 -1.716359173999999939e-03 -1.121183698000000018e-04 1.523270335999999921e-03 -1.880425117999999984e-03 -2.963106239000000072e-02 -5.808909778000000135e-02 5.559047701999999536e-01 5.108796225000000052e-03 -3.852372081999999847e-03 -1.521231224000000031e-03 -2.646648325999999968e-02 -6.433547088999999608e-02 6.576771468999999780e-03 -7.882063419000000194e-04 1.065714882000000103e-03 3.004602460000000211e-03 -6.274933001999999371e-02 -1.072474348000000037e-03 2.388562723000000037e-03 -7.105135111999999475e-02 -2.144254852999999959e-04 3.510281837000000203e-03 -1.197574934000000032e-03 1.233973315999999966e-02 -1.894298893000000107e-03 -1.929000120000000059e-04 2.787502198999999934e-03 -5.437875723999999709e-03 -2.299364107999999924e-03 6.446725129000000290e-03 -1.277553954999999936e-03 -4.174786603000000401e-03 1.663687138999999943e-03 -7.903347769000000633e-03 -7.344988474999999614e-04 5.719109241000000336e-03 -1.733729763000000030e-03 -8.364295069000000265e-04 4.873507241000000351e-03
-2.457094594000000173e-04 -1.044673653000000035e-02 -3.548575398000000138e-03 -7.887512346000000174e-02 -1.300431273000000020e-02 -1.466404529999999935e-02 -7.997516199000000159e-02 -4.797315154999999727e-03 -2.506985759000000206e-03 -6.669571943000000142e-03 -3.767912634000000066e-03 -3.853038149999999870e-03 -2.716387912000000140e-02 2.271690898000000135e-03 -3.635407125000000156e-02 5.108796225000000052e-03 6.069832155000000062e-01 6.592776467000000147e-03 -1.968080251999999863e-02 5.908379237999999978e-03 -2.806542302000000072e-02 5.955003020000000299e-03 -8.603659318999999639e-03 5.929733450999999898e-03 -1.046162640000000005e-02 -2.098219196000000036e-02 -2.965014591999999907e-02 -1.369205696999999979e-02 -1.188135736999999977e-02 -3.193966187999999762e-02 6.725587445000000275e-03 -1.450909757000000064e-02 -9.774012082000000864e-03 8.050764946000000741e-03 -1.544254576999999976e-03 -1.077777924000000026e-02 5.235623745999999634e-03 -1.219103228999999979e-03 1.215912520999999982e-02 -2.037758882999999969e-04 -1.091214660000000038e-02 -1.726041552999999949e-03 -1.461427605999999916e-03 -8.701263744999999938e-03 1.017225889000000078e-02 1.191084528000000082e-03 -3.480333008999999915e-04 6.068766114000000156e-03
2.325882864000000053e-04 -1.781087638000000044e-03 7.575704169000000354e-04 1.014287817999999985e-03 -4.634247519999999676e-02 -1.809252906000000105e-02 1.324119401000000036e-03 -5.113291110999999833e-02 -5.815725217999999884e-03 1.108045937999999932e-03 1.317659265000000086e-02 1.610150486000000089e-03 -6.273712257999999875e-02 -2.866982941000000007e-02 -2.407627565000000202e-03 -3.852372081999999847e-03 6.592776467000000147e-03 5.850404986999999668e-01 -6.592581016000000071e-02 -3.268423681999999691e-02 -1.556704035999999930e-02 1.920280175000000072e-03 1.591197351000000039e-03 6.265313948999999896e-03 -5.956004335000000122e-02 -1.200495057999999976e-02 -2.394066491000000022e-03 -5.914021441999999656e-02 -1.008748921000000073e-03 -5.129544255000000053e-03 -3.716006445999999949e-03 -9.508478323999999468e-04 -1.035097837999999958e-05 -1.227392731000000008e-03 4.484456831999999657e-03 4.811518614999999582e-03 -1.394148878999999959e-02 7.197575167999999655e-03 -2.473652025000000129e-03 5.118399154999999853e-03 5.761336187000000268e-03 -5.054257276000000132e-03 -1.840766282999999927e-03 1.184073479999999930e-03 -4.682432896999999712e-03 3.355994763000000151e-03 6.435656825000000275e-03 2.404968715000000128e-03
-1.236462194999999892e-03 -2.861191445999999861e-03 2.698330462999999971e-03 1.683535092999999955e-03 -4.787642947000000058e-03 2.811035124999999857e-03 -3.890801755000000174e-03 -1.347244501999999948e-02 -5.817088596000000167e-02 -1.275164257999999908e-03 -1.710695803000000098e-02 -6.073180301000000170e-02 8.297852236000000450e-03 -3.519117826000000161e-03 -5.202979431999999946e-03 -1.521231224000000031e-03 -1.968080251999999863e-02 -6.592581016000000071e-02 5.575196029000000220e-01 -1.975881517000000181e-03 -3.749603817999999991e-03 -9.042557003999999662e-03 -2.370164536999999974e-02 -5.572914831999999791e-02 -1.152958128000000073e-03 -3.928838720999999756e-03 5.452009192999999728e-04 1.278597938999999958e-03 -6.652597231000000055e-02 4.823440969999999938e-04 5.195389915000000157e-03 -6.559115748999999607e-02 -8.487100045999999842e-04 -4.386110866999999927e-03 3.682393562999999870e-03 3.135798278000000161e-03 -1.431632302000000051e-03 -1.356532784000000040e-03 2.128112783000000053e-03 -4.953885564999999797e-03 1.773711006999999945e-04 8.509224415999999333e-03 -5.454224005999999680e-03 -7.691286430000000320e-03 4.718251005999999997e-04 -5.730490964000000027e-03 5.025463493999999740e-03 3.677830690999999829e-03
-5.290154963999999654e-03 -2.369508728999999893e-03 5.054020558999999715e-04 -5.482008120000000408e-03 -1.528359005000000034e-02 1.077702275000000029e-03 -7.957100015000000137e-02 -9.346516747999999639e-03 -1.344541976000000055e-02 -8.454497418999999681e-02 -4.943598968000000038e-03 -1.555620513999999947e-02 2.356561236999999993e-03 -1.617448838999999833e-02 6.679888575000000016e-03 -2.646648325999999968e-02 5.908379237999999978e-03 -3.268423681999999691e-02 -1.975881517000000181e-03 6.050528201000000550e-01 4.161807229999999955e-03 -2.939457193999999926e-02 7.509702846000000133e-03 -3.052628988999999890e-02 3.104673704999999853e-03 -4.923939779000000364e-03 -3.412264961999999981e-03 -1.202158094000000017e-02 -1.562542762000000002e-02 -3.306153426999999811e-02 -9.132370986999999857e-03 -1.912596411000000093e-02 -3.724853917999999819e-02 5.027753176000000421e-03 -5.332572449000000207e-03 -1.406136262000000012e-02 2.123199343000000024e-03 -8.377400517000000227e-03 6.445732081000000134e-03 -1.129793509999999928e-06 -1.447716095999999984e-03 6.347554780999999959e-03 5.568840440999999787e-03 -1.082564941000000065e-02 -6.316856009999999993e-03 2.038831800999999899e-03 4.345555016999999576e-03 -5.541128343999999692e-03
2.313308409000000131e-03 -5.064839586999999622e-03 8.749394735000000714e-03 2.590536465999999927e-03 -3.731009842000000080e-03 5.402109716000000166e-03 -4.036108115999999593e-03 -5.280392679999999783e-02 -1.223819611000000066e-04 -5.821078200999999994e-03 -5.206195308000000077e-02 -2.118862958000000078e-03 -2.864498121999999990e-03 -3.658282577000000193e-04 1.642288507999999916e-03 -6.433547088999999608e-02 -2.806542302000000072e-02 -1.556704035999999930e-02 -3.749603817999999991e-03 4.161807229999999955e-03 5.933523711999999506e-01 -5.584518165999999978e-02 -2.364805337000000160e-02 -7.766623767999999810e-03 4.075992389000000250e-03 -5.581584036000000401e-03 5.078246760999999797e-03 -6.188144338999999883e-02 -3.096897882999999872e-03 -1.827144553000000123e-04 -5.400094703999999690e-02 -2.434440457999999859e-03 -7.149662862999999792e-03 -5.028737188999999816e-03 -2.833731465999999796e-03 -2.666500865000000046e-03 1.595397134000000033e-03 8.586653613999999796e-03 -6.299370365000000159e-03 -1.050479103999999927e-02 1.052574948999999982e-02 3.122137582000000041e-04 3.481272151999999925e-03 1.153866448999999947e-02 -3.753217473999999939e-03 -5.995280462999999851e-03 7.498417607000000019e-03 -1.276063114999999998e-02
-6.766761696000000298e-03 -1.595507055999999951e-02 -5.874901168999999840e-02 1.932286546000000060e-03 -3.841335186000000099e-03 4.521588564999999907e-03 -1.423655474000000073e-03 7.992612529999999684e-04 -3.005484935999999945e-04 -2.955935806000000061e-03 -2.096112064000000066e-02 -5.501864355999999678e-02 -6.229169175999999843e-03 -1.890717220999999990e-02 -5.442831263000000308e-02 6.576771468999999780e-03 5.955003020000000299e-03 1.920280175000000072e-03 -9.042557003999999662e-03 -2.939457193999999926e-02 -5.584518165999999978e-02 5.581864277000000429e-01 -2.332916715000000162e-03 3.922102874000000204e-03 -6.030780850000000415e-03 -1.026610285000000011e-03 3.288005335000000057e-03 -1.283436013999999939e-03 -1.173974278999999907e-03 2.350156007999999914e-03 -1.084739764999999908e-03 -6.678854962999999922e-02 7.800552154000000129e-04 1.918881668000000035e-03 -6.626302799000000077e-02 2.376094377999999827e-03 -5.226226562999999940e-05 2.783064340999999962e-03 6.318110192999999708e-03 -2.059349901000000118e-03 3.818615109000000028e-03 -3.445398516999999793e-03 -8.502213688999999200e-03 -3.569903074999999839e-03 8.512483665999999449e-03 6.122130695000000192e-03 3.212606027000000121e-03 6.596621726999999692e-03
-7.865575456999999993e-02 -2.594147506000000006e-02 -2.019182920000000062e-02 1.316978338000000066e-03 -1.320907380999999936e-02 -5.450634174000000380e-03 -8.047424492000000706e-03 -6.577855657999999613e-03 -2.608594320000000126e-03 -7.502461105999999602e-02 -2.150822544000000058e-02 -3.559042865000000121e-03 -2.153122348000000019e-02 8.667738086000000008e-03 -2.762219151000000136e-02 -7.882063419000000194e-04 -8.603659318999999639e-03 1.591197351000000039e-03 -2.370164536999999974e-02 7.509702846000000133e-03 -2.364805337000000160e-02 -2.332916715000000162e-03 6.082249052000000544e-01 7.266582587000000419e-03 -1.792845406000000055e-03 -1.300519143000000016e-02 -9.035813460000000075e-03 -1.511909449000000023e-03 -4.262800584999999580e-03 -5.858436612000000009e-03 -1.439711091999999922e-02 -2.720526985999999897e-02 -2.942662616000000023e-02 -1.049704532999999954e-02 -1.485675065000000017e-02 -3.297070587999999941e-02 -4.406959931000000406e-03 -3.402153173999999947e-03 -6.115975483000000296e-03 -3.487768906999999877e-03 2.064280389999999894e-04 1.614285883999999963e-02 4.254576858000000406e-03 -5.797977620000000290e-03 -1.199338971999999899e-03 3.242849102999999927e-03 2.313123087999999911e-03 2.110760700000000013e-04
-6.257296830000000018e-03 -4.423309165000000043e-02 -3.318846879999999815e-03 1.607691376000000029e-04 8.067457257999999503e-04 -2.368177339999999898e-03 -5.248725522000000391e-04 -4.862351426000000032e-03 8.037683228999999846e-03 -5.053921886999999773e-04 -4.694135295000000097e-02 1.306889962999999936e-03 -5.270155321000000170e-02 -3.188474381999999857e-02 -6.630704957000000364e-03 1.065714882000000103e-03 5.929733450999999898e-03 6.265313948999999896e-03 -5.572914831999999791e-02 -3.052628988999999890e-02 -7.766623767999999810e-03 3.922102874000000204e-03 7.266582587000000419e-03 5.856123387999999652e-01 1.203208654000000087e-03 -2.707666571999999949e-03 4.050898443000000224e-03 4.274696706999999915e-03 -9.892815871000000538e-03 3.513922432000000061e-03 -5.067585472000000341e-02 -1.979801714999999962e-02 -6.616433292000000257e-03 -5.535761889000000158e-02 -1.251536959999999948e-02 -1.534688676000000099e-03 -8.686201230000000113e-04 -7.902651565000000031e-03 -1.086487629000000045e-02 3.912810822000000258e-03 5.262426490000000380e-03 3.416378786000000192e-03 -9.758282576999999930e-03 5.978927079000000318e-03 2.889490890000000114e-03 1.137800041000000062e-03 1.071254393000000034e-02 -2.987395847999999975e-04
-1.718940013999999909e-03 3.825091345000000004e-03 4.179813775999999606e-03 -5.063809086000000369e-03 2.323715733000000176e-03 -7.315749952000000396e-03 3.937638933999999986e-03 -2.790983485000000149e-03 -3.878394702000000083e-03 -9.589365795000000378e-04 -1.898285872999999971e-03 -3.563936532999999792e-03 -4.097998755000000284e-03 -1.073367350000000060e-02 -5.088328092999999663e-02 3.004602460000000211e-03 -1.046162640000000005e-02 -5.956004335000000122e-02 -1.152958128000000073e-03 3.104673704999999853e-03 4.075992389000000250e-03 -6.030780850000000415e-03 -1.792845406000000055e-03 1.203208654000000087e-03 5.636646336999999729e-01 2.270955752999999876e-03 -1.328114706000000029e-03 -8.310845254999999279e-03 -2.408423914000000152e-02 -2.296128260000000060e-02 -2.206892353000000102e-06 -1.727779436000000026e-03 -2.346562638000000006e-03 -1.611681540000000018e-03 -2.771392438000000111e-02 -3.106296881999999829e-02 -3.262025233999999926e-03 -1.195932046999999970e-01 -7.661511915999999348e-05 -3.047747139999999830e-03 2.482037450999999804e-03 3.710921248000000148e-03 7.633390313999999927e-03 2.943230918000000040e-03 -2.353716734000000158e-03 -5.184562293000000328e-04 -1.150566930000000015e-01 1.128086376999999987e-02
5.072019048999999898e-03 4.570381582999999935e-03 1.700762920999999983e-03 7.382748150999999572e-03 8.158779478999999491e-06 -5.380059026999999645e-04 -1.539057078000000047e-03 -4.350999963999999977e-03 5.875745538999999941e-03 -7.349306926999999660e-04 8.936260145999999974e-03 5.611967778000000184e-03 -5.557405552999999943e-02 -2.142255611000000101e-02 -5.924620036999999652e-03 -6.274933001999999371e-02 -2.098219196000000036e-02 -1.200495057999999976e-02 -3.928838720999999756e-03 -4.923939779000000364e-03 -5.581584036000000401e-03 -1.026610285000000011e-03 -1.300519143000000016e-02 -2.707666571999999949e-03 2.270955752999999876e-03 6.139924146999999888e-01 4.953882052000000390e-04 -2.811119935000000111e-02 5.661235116999999671e-03 -1.732471521999999833e-02 -1.762102670999999903e-03 -9.266599258000000200e-03 5.867292700999999881e-03 -2.096862920999999907e-02 4.671512691000000335e-03 -2.558952664999999960e-02 -9.700284861999999148e-03 -3.056081528000000047e-02 -4.520721635000000266e-02 -5.646306244000000134e-03 -9.344427136000000092e-03 5.627034936999999667e-03 3.165459095999999858e-03 -2.581058340000000166e-03 -2.189402856999999951e-04 -9.033531529999999643e-03 -3.876684994000000051e-02 -3.846307234000000130e-02
2.594649708999999856e-03 -1.980485567000000047e-03 -3.690991432999999808e-03 4.793999793000000044e-03 -1.257620381000000044e-02 3.626959600000000117e-03 -4.990210672999999611e-03 2.858107625000000027e-03 -6.658530162999999960e-03 -1.577476227000000088e-04 2.700566409999999827e-03 -1.031344101000000041e-02 6.135266668999999826e-03 -3.646921323999999937e-02 -3.736516033999999920e-03 -1.072474348000000037e-03 -2.965014591999999907e-02 -2.394066491000000022e-03 5.452009192999999728e-04 -3.412264961999999981e-03 5.078246760999999797e-03 3.288005335000000057e-03 -9.035813460000000075e-03 4.050898443000000224e-03 -1.328114706000000029e-03 4.953882052000000390e-04 5.889576506000000489e-01 -2.939525969000000155e-02 -2.136846120000000099e-02 -7.627741621000000069e-03 4.014643517999999696e-03 2.156858392000000110e-04 -1.639007153999999869e-02 -2.731380316000000044e-02 -2.850312946999999930e-02 2.018893300000000005e-03 -1.052104090000000047e-01 -1.328651326000000049e-02 5.070162016999999952e-03 5.301337512000000272e-03 1.029544836000000074e-02 -7.854137149999999151e-03 -2.819486196000000038e-03 4.716439805999999603e-03 -1.990659956000000175e-03 -9.346728902999999755e-02 -2.007592387000000159e-02 -5.406848506999999832e-03
-3.942453979000000268e-03 -2.367913278999999888e-03 2.797446059000000072e-03 -2.744148710999999834e-03 1.279377108999999943e-02 1.148767210999999998e-03 -2.197680711999999790e-03 2.740313978999999855e-03 -1.217543249999999966e-02 1.165025359999999951e-03 4.363004402999999878e-03 -6.096039036000000001e-03 -2.491152928000000145e-03 -2.148790585000000079e-03 -2.625865129000000148e-03 2.388562723000000037e-03 -1.369205696999999979e-02 -5.914021441999999656e-02 1.278597938999999958e-03 -1.202158094000000017e-02 -6.188144338999999883e-02 -1.283436013999999939e-03 -1.511909449000000023e-03 4.274696706999999915e-03 -8.310845254999999279e-03 -2.811119935000000111e-02 -2.939525969000000155e-02 5.654569635999999733e-01 1.804002678999999968e-03 7.940828406999999494e-04 3.074159934000000199e-04 -2.991285530999999998e-02 -2.834960598000000123e-02 3.504448825000000024e-03 2.889779697000000123e-03 -3.663077739999999905e-03 -3.562074167999999905e-03 -1.123276713999999954e-01 -5.057145067999999598e-04 -7.341468825999999601e-03 -1.204939515999999960e-01 1.316751354000000006e-03 -3.599048775000000030e-03 -3.683240088000000034e-03 8.458585205999999412e-03 3.194556954999999959e-04 -1.386814800999999937e-03 7.167773137000000433e-03
2.485864603000000148e-03 3.542979364000000200e-04 -1.075030333000000010e-03 -2.520793716000000080e-03 1.254397422000000026e-02 -3.793860030999999904e-03 6.017002888000000382e-03 1.529615692000000065e-03 5.185942988999999760e-03 -2.758952192999999942e-03 -1.240299735999999924e-02 -4.697210381999999615e-03 -5.836893103000000138e-03 -3.145930365000000183e-03 -7.879364813999999162e-03 -7.105135111999999475e-02 -1.188135736999999977e-02 -1.008748921000000073e-03 -6.652597231000000055e-02 -1.562542762000000002e-02 -3.096897882999999872e-03 -1.173974278999999907e-03 -4.262800584999999580e-03 -9.892815871000000538e-03 -2.408423914000000152e-02 5.661235116999999671e-03 -2.136846120000000099e-02 1.804002678999999968e-03 6.135898053999999657e-01 2.931764604000000086e-03 -2.591426738999999882e-02 -1.553110389000000088e-03 -2.596627548999999938e-02 4.212186278999999894e-03 -1.332988600000000086e-02 4.442741529000000106e-03 -9.954898429999999368e-03 -2.976994809000000144e-02 -4.838768954000000067e-02 -4.477187227000000054e-03 -3.999204365999999705e-02 -4.592446587000000024e-02 -2.818022518999999983e-03 -1.032153556000000010e-03 1.515221154000000008e-02 -6.008471074999999738e-03 -4.190835133000000295e-03 -1.538681593000000092e-03
-1.524018747000000082e-03 -2.523736603000000141e-03 -1.616817142999999943e-02 2.665156976000000125e-03 1.336627240999999945e-02 -1.773299404000000003e-03 -2.538578480999999915e-03 -7.802402028999999670e-05 -5.385359775999999654e-03 2.486372716999999885e-03 1.200932493000000066e-02 -1.253435766999999937e-02 2.935606805000000145e-03 -4.490040031000000140e-03 4.765596104000000000e-03 -2.144254852999999959e-04 -3.193966187999999762e-02 -5.129544255000000053e-03 4.823440969999999938e-04 -3.306153426999999811e-02 -1.827144553000000123e-04 2.350156007999999914e-03 -5.858436612000000009e-03 3.513922432000000061e-03 -2.296128260000000060e-02 -1.732471521999999833e-02 -7.627741621000000069e-03 7.940828406999999494e-04 2.931764604000000086e-03 5.750444346999999956e-01 -2.608014609999999983e-02 -2.665285024000000128e-02 3.372683965000000065e-03 2.161710876999999812e-03 -3.166114834999999954e-03 -1.369913160999999997e-02 -1.134200857000000062e-01 -2.387511989000000098e-02 -7.545472185000000461e-04 -1.030779740999999972e-01 -1.861921990000000096e-02 -7.731982438999999638e-03 6.994283408999999460e-04 1.677135849000000031e-03 5.723028049000000034e-03 -1.926988727000000052e-03 1.296755333000000100e-03 5.190643915000000240e-03
-2.680010183000000167e-03 -4.828937785000000059e-03 -2.246906346999999818e-03 9.802679241000000245e-04 -7.584587395999999450e-05 5.699220096999999680e-03 2.242004947999999814e-03 1.075505694000000083e-03 -3.794848328999999958e-03 -3.327925294999999929e-03 1.077945084999999952e-03 -6.074970241999999750e-03 -1.624880089000000066e-03 -2.738421620999999878e-06 9.221896290999999747e-04 3.510281837000000203e-03 6.725587445000000275e-03 -3.716006445999999949e-03 5.195389915000000157e-03 -9.132370986999999857e-03 -5.400094703999999690e-02 -1.084739764999999908e-03 -1.439711091999999922e-02 -5.067585472000000341e-02 -2.206892353000000102e-06 -1.762102670999999903e-03 4.014643517999999696e-03 3.074159934000000199e-04 -2.591426738999999882e-02 -2.608014609999999983e-02 5.628261296000000025e-01 7.069891623000000352e-04 -4.332213946999999808e-03 -1.937662668000000084e-03 -2.044702470000000008e-02 -2.379068538999999996e-02 -6.977578081999999578e-03 -7.316765309000000314e-03 5.431215338000000038e-03 -1.254871924000000062e-03 -1.200755505000000029e-01 4.092585989000000098e-03 -4.085693098999999655e-03 -1.291710992000000002e-01 -5.134491875000000115e-03 -6.696942317000000033e-03 4.627579750999999755e-03 1.286766045000000032e-02
8.225797385999999295e-03 -8.614619457999999480e-03 1.127740522999999950e-06 3.069855752999999833e-03 -7.460344205999999874e-03 -2.598334936999999937e-04 3.605501756999999953e-05 2.149928082999999891e-04 6.611352965000000075e-03 3.492155970999999848e-03 -4.474360335999999667e-03 1.138554286000000026e-02 1.336633081999999938e-03 -1.188761976000000074e-02 -4.343693868000000034e-03 -1.197574934000000032e-03 -1.450909757000000064e-02 -9.508478323999999468e-04 -6.559115748999999607e-02 -1.912596411000000093e-02 -2.434440457999999859e-03 -6.678854962999999922e-02 -2.720526985999999897e-02 -1.979801714999999962e-02 -1.727779436000000026e-03 -9.266599258000000200e-03 2.156858392000000110e-04 -2.991285530999999998e-02 -1.553110389000000088e-03 -2.665285024000000128e-02 7.069891623000000352e-04 6.083483216999999721e-01 -2.210559733000000068e-03 -1.680490629999999846e-02 2.561915751000000147e-03 -1.508843005999999966e-02 -4.341362542999999651e-03 -4.380262511999999907e-03 -5.515247648999999606e-03 -2.321551031000000133e-03 -2.997385283000000150e-02 -4.159631624000000027e-02 -1.110376656000000052e-02 -2.460601735999999942e-02 -3.364688108000000316e-02 -5.320809307999999765e-03 -8.883102793999999788e-03 8.128155890999999231e-03
