 Effective number of bins, and bins:            7          12

OBS :    1        8.681929      0.068587

OBS :    2        1.000000      0.000000
