# <Sz_i Sz_j >
7.793219967000000192e-01 -1.069922601999999945e-01 9.529309624000000672e-03 1.867821514000000092e-03 1.318104097000000023e-02 -1.214180807999999945e-01
-1.069922601999999945e-01 7.799384163000000481e-01 -1.021644077999999956e-01 4.285326631000000407e-03 6.038803536000000166e-03 6.407583019000000039e-03
9.529309624000000672e-03 -1.021644077999999956e-01 7.807725876000000120e-01 -1.153408793000000043e-01 1.149739650000000104e-03 -8.251164652999999627e-03
1.867821514000000092e-03 4.285326631000000407e-03 -1.153408793000000043e-01 7.804458912999999720e-01 -1.088671496999999988e-01 1.610352350000000127e-02
1.318104097000000023e-02 6.038803536000000166e-03 1.149739650000000104e-03 -1.088671496999999988e-01 7.817400243000000026e-01 -1.066885991000000034e-01
-1.214180807999999945e-01 6.407583019000000039e-03 -8.251164652999999627e-03 1.610352350000000127e-02 -1.066885991000000034e-01 7.822088267000000261e-01
