# d<Sz_i Sz_j >
1.946062277999999895e-03 9.773610204999999898e-03 8.973801728000000560e-03 8.895195847999999919e-03 8.953555238000000110e-03 9.750824219000000376e-03
9.773610204999999898e-03 1.957423038000000084e-03 9.762933173999999853e-03 8.922482806000000058e-03 9.000248456000000535e-03 9.073718756000000163e-03
8.973801728000000560e-03 9.762933173999999853e-03 1.931907888999999986e-03 9.652632164000000611e-03 8.950637169000000629e-03 9.129241438000000597e-03
8.895195847999999919e-03 8.922482806000000058e-03 9.652632164000000611e-03 1.898763046999999956e-03 9.660498552999999960e-03 8.991921987999999463e-03
8.953555238000000110e-03 9.000248456000000535e-03 8.950637169000000629e-03 9.660498552999999960e-03 1.927445212000000090e-03 9.679196107000000160e-03
9.750824219000000376e-03 9.073718756000000163e-03 9.129241438000000597e-03 8.991921987999999463e-03 9.679196107000000160e-03 1.901875487999999921e-03
