# d<Sz_i Sz_j >
5.980881421999999573e-03 2.863490959000000030e-02 2.566061310000000012e-02 2.544875711000000110e-02 2.605359269999999935e-02 2.686078090999999973e-02
2.863490959000000030e-02 5.808714153000000234e-03 2.846515859999999842e-02 2.568030630000000050e-02 2.687129963000000135e-02 2.607274793000000090e-02
2.566061310000000012e-02 2.846515859999999842e-02 5.886239019000000065e-03 2.859141747999999900e-02 2.684835885000000019e-02 2.562009004000000145e-02
2.544875711000000110e-02 2.568030630000000050e-02 2.859141747999999900e-02 5.863230904999999944e-03 2.848854846999999968e-02 2.641205791000000164e-02
2.605359269999999935e-02 2.687129963000000135e-02 2.684835885000000019e-02 2.848854846999999968e-02 5.725476406000000289e-03 2.724300329000000145e-02
2.686078090999999973e-02 2.607274793000000090e-02 2.562009004000000145e-02 2.641205791000000164e-02 2.724300329000000145e-02 5.717036943000000128e-03
