Spin-spin correlation function <S_i S_j>
2.945870829   -0.9456443841 0.8779685811  -0.9148941301 0.9238295815  -0.9435210293 0.8492871764  -0.8208239912 0.9111867641  -0.6967267566 0.672496867   -0.9319598046 0.9597540994  -0.956739973  0.9476992704  -0.9494593086 0.9301161542  -0.9336699195 -0.6713032056 0.7834536955 
-0.9456443841 2.723888872   -1.057414342  0.8533217249  -0.851227453  0.8681096573  -0.7817194408 0.7542568851  -0.838270803  0.6410134422  -0.6187193495 0.8574388063  -0.8830110943 0.8801305518  -0.871914902  0.8689784458  -0.85550943   0.8258387755  0.7612227447  -0.7221161074
0.8779685811  -1.057414342  2.693541328   -1.096347801  0.839713478   -0.8575489246 0.7716556607  -0.7472016546 0.8280388178  -0.6330185807 0.6110169623  -0.846743498  0.8719949727  -0.8691502685 0.8610376324  -0.8581428703 0.8448467292  -0.8159871438 -0.7523001413 0.7139120581 
-0.9148941301 0.8533217249  -1.096347801  2.800034604   -1.682810065  0.8947430912  -1.193456086  0.8075610376  -0.8835642057 0.6606586347  -0.6394879411 0.8837781441  -0.9100723051 0.9070964225  -0.8986291904 0.8955881621  -0.8817208458 0.8510744971  0.7853116291  -0.7452448349
0.9238295815  -0.851227453  0.839713478   -1.682810065  2.828094112   -0.9714493501 0.8140819104  -0.7865074181 0.873225609   -0.6677522595 0.6445199167  -0.8931959362 0.9198342889  -0.9168333209 0.9082752665  -0.90520459   0.8911832609  -0.8601869689 -0.7937330392 0.7532567979 
-0.9435210293 0.8681096573  -0.8575489246 0.8947430912  -0.9714493501 2.885324276   -1.132069897  0.8225038157  -0.9008191613 0.6819851124  -0.6590154744 0.9122666651  -0.9394469923 0.9363790331  -0.9276386411 0.9244995514  -0.910182112  0.8785098818  0.810657537   -0.769314337 
0.8492871764  -0.7817194408 0.7716556607  -1.193456086  0.8140819104  -1.132069897  2.622370499   -1.036067372  0.8126831888  -0.6144819272 0.5930604838  -0.8211873149 0.845599966   -0.8428386006 0.8349707988  -0.8321489217 0.8192583816  -0.7907695088 -0.7294476073 0.6923742255 
-0.8208239912 0.7542568851  -0.7472016546 0.8075610376  -0.7865074181 0.8225038157  -1.036067372  2.545755709   -0.9835103862 0.5925406223  -0.5790307364 0.792681856   -0.8162450434 0.813570499   -0.8059694209 0.8035677985  -0.7908279418 0.7656043005  0.6909096755  -0.6656205414
0.9111867641  -0.838270803  0.8280388178  -0.8835642057 0.873225609   -0.9008191613 0.8126831888  -0.9835103862 2.791771558   -0.7771238355 0.6371393375  -0.8814447883 0.9071749111  -0.904209452  0.8957690673  -0.8927500581 0.8789142504  -0.8485165356 -0.7817138527 0.7426582808 
-0.6967267566 0.6410134422  -0.6330185807 0.6606586347  -0.6677522595 0.6819851124  -0.6144819272 0.5925406223  -0.7771238355 2.255396091   -2.263010123  0.707775155   -0.6983290694 0.691475546   -0.6852723736 0.682682255   -0.672125252  0.6487221014  0.5986168276  -0.5679692364
0.672496867   -0.6187193495 0.6110169623  -0.6394879411 0.6445199167  -0.6590154744 0.5930604838  -0.5790307364 0.6371393375  -2.263010123  2.203760679   -0.7502364108 0.6700682757  -0.6674526319 0.6611740728  -0.6589386363 0.6487320316  -0.6261659907 -0.5777304639 0.5483155298 
-0.9319598046 0.8574388063  -0.846743498  0.8837781441  -0.8931959362 0.9122666651  -0.8211873149 0.792681856   -0.8814447883 0.707775155   -0.7502364108 2.85159548    -0.9886505735 0.9249610646  -0.9163564303 0.9131759565  -0.8990361956 0.8677495066  0.8007310196  -0.759868444 
0.9597540994  -0.8830110943 0.8719949727  -0.9100723051 0.9198342889  -0.9394469923 0.845599966   -0.8162450434 0.9071749111  -0.6983290694 0.6700682757  -0.9886505735 2.933417982   -1.015205364  0.9436775404  -0.9407885586 0.9258471929  -0.8936348017 -0.8246209895 0.7825498656 
-0.956739973  0.8801305518  -0.8691502685 0.9070964225  -0.9168333209 0.9363790331  -0.8428386006 0.813570499   -0.904209452  0.691475546   -0.6674526319 0.9249610646  -1.015205364  2.924080037   -1.034816289  0.9374833442  -0.9234468679 0.8907133094  0.8219280209  -0.7767699899
0.9476992704  -0.871914902  0.8610376324  -0.8986291904 0.9082752665  -0.9276386411 0.8349707988  -0.8059694209 0.8957690673  -0.6852723736 0.6611740728  -0.9163564303 0.9436775404  -1.034816289  2.897618489   -1.105728358  0.9143236249  -0.8839440779 -0.8138144629 0.7724514489 
-0.9494593086 0.8689784458  -0.8581428703 0.8955881621  -0.90520459   0.9244995514  -0.8321489217 0.8035677985  -0.8927500581 0.682682255   -0.6589386363 0.9131759565  -0.9407885586 0.9374833442  -1.105728358  2.88817495    -1.046414304  0.8796052235  0.8113128819  -0.632747294 
0.9301161542  -0.85550943   0.8448467292  -0.8817208458 0.8911832609  -0.910182112  0.8192583816  -0.7908279418 0.8789142504  -0.672125252  0.6487320316  -0.8990361956 0.9258471929  -0.9234468679 0.9143236249  -1.046414304  2.845512189   -0.9902772826 -0.7963009515 0.7461245774 
-0.9336699195 0.8258387755  -0.8159871438 0.8510744971  -0.8601869689 0.8785098818  -0.7907695088 0.7656043005  -0.8485165356 0.6487221014  -0.6261659907 0.8677495066  -0.8936348017 0.8907133094  -0.8839440779 0.8796052235  -0.9902772826 2.753495393   0.755855553   0.2636461143 
-0.6713032056 0.7612227447  -0.7523001413 0.7853116291  -0.7937330392 0.810657537   -0.7294476073 0.6909096755  -0.7817138527 0.5986168276  -0.5777304639 0.8007310196  -0.8246209895 0.8219280209  -0.8138144629 0.8113128819  -0.7963009515 0.755855553   2.567381401   -7.046303077 
0.7834536955  -0.7221161074 0.7139120581  -0.7452448349 0.7532567979  -0.769314337  0.6923742255  -0.6656205414 0.7426582808  -0.5679692364 0.5483155298  -0.759868444  0.7825498656  -0.7767699899 0.7724514489  -0.632747294  0.7461245774  0.2636461143  -7.046303077  2.461260132  

