 Effective number of bins, and bins:           12          14

OBS :    1      -21.107716      0.008510

OBS :    2        1.000000      0.000000
