# <Sz_i Sz_j >
4.763314255000000164e-01 2.125495903000000110e-03 1.869737931999999967e-03 -2.028476389999999893e-02 -5.249528984000000065e-02 -8.170336888000000186e-02 -1.562307688999999851e-05 3.124952233999999784e-03 7.969822622999999783e-04 -1.858550562999999878e-02 -5.567391806000000082e-02 -8.087087339000000041e-02 -1.283582695999999947e-03 -6.611879935999999403e-02 -4.201619664999999698e-03 -1.675608466999999957e-03 -4.556335104999999913e-03 2.062192338999999965e-03 -3.864391346999999921e-03 -3.184248427999999791e-03 3.353903435999999868e-04 -2.334644259000000135e-03 -6.207126199000000122e-02 -1.495064811999999950e-03 1.682476180999999951e-03 -1.716067588999999971e-03 -3.343740339999999936e-04 -2.902414324999999864e-03 1.430425996000000120e-04 -1.257425436999999938e-03 -1.243382331999999882e-04 -1.423988701999999906e-04 2.701941987999999760e-04 -3.941266383999999894e-03 6.748639149999999687e-04 6.116136737999999535e-04 4.525891862000000119e-04 1.315468952000000075e-03 -2.203354800000000089e-03 -6.721293777999999856e-04 7.696979182000000417e-04 7.835746435000000201e-04 -1.191035017999999938e-03 -7.015367717999999950e-04 5.284285922000000330e-04 -8.547611871999999649e-05 -1.291118950000000060e-03 -8.492895480999999901e-04
2.125495903000000110e-03 5.723754047000000345e-01 1.903474394999999991e-03 -5.467384905000000073e-02 -4.444371661999999695e-02 -4.823140566999999795e-02 4.411323901999999846e-03 -1.156374442000000086e-02 -7.481083909000000188e-04 -5.583772828999999938e-02 -4.092698539999999746e-02 -5.071831847000000254e-02 -1.219468777999999955e-02 -1.665818310999999871e-02 -4.179988161999999979e-02 -5.676036546000000176e-03 -6.651420425000000372e-03 -7.809922783999999861e-04 -4.924929086000000289e-03 -3.720735043000000016e-03 3.407901883000000014e-03 -1.446874771999999941e-02 -1.526540380999999967e-02 -4.418502506000000080e-02 -3.109957108000000001e-03 -3.315071373999999970e-04 9.460811275999999942e-04 -7.059172431999999851e-04 1.668940610999999994e-03 -2.127955207999999933e-04 -2.783362581000000009e-03 6.283460662999999996e-04 3.321182456000000126e-03 7.310872542999999509e-04 -5.448037357999999629e-03 1.947713848000000086e-03 -6.141115595999999946e-04 -2.597762873999999965e-03 1.109076999999999952e-04 -1.304428919000000069e-03 4.538857585000000139e-04 -2.552849029000000148e-03 -8.807858667999999723e-04 -2.024764934999999811e-03 1.403793730000000087e-03 -1.797518692999999952e-03 -6.176704108999999656e-04 2.481333057999999831e-03
1.869737931999999967e-03 1.903474394999999991e-03 5.216876486999999507e-01 -7.992070194000000516e-02 -4.923793773000000040e-02 1.089941128000000009e-03 -1.255229835999999979e-03 1.083841508000000023e-03 3.416983493999999934e-03 -8.004773944000000141e-02 -5.102342373999999708e-02 -1.546988138000000108e-03 -4.338326903999999845e-02 -1.215862271000000064e-02 -1.039379923999999948e-02 1.284430070999999967e-03 -2.957474372000000115e-03 3.180494860999999885e-03 -2.117097435000000127e-04 -4.564344587000000383e-03 2.529959806999999838e-03 -4.222268215000000297e-02 -1.506756599000000016e-02 -1.384246563999999916e-02 -1.088121318000000084e-03 1.275059506999999970e-03 -1.469114384000000080e-03 -1.937502916999999972e-05 6.042517864999999867e-04 -7.957803499999999142e-03 -1.240188507000000067e-03 3.190192271999999895e-03 -7.255138369000000212e-03 -9.181067644000000250e-03 -1.282631491999999991e-03 -3.412271058999999905e-03 -4.338095378999999932e-04 -9.244172911000000036e-05 4.043555253000000183e-03 -1.748304777000000043e-04 -1.532681427999999955e-03 -4.641499157999999796e-04 -1.499680966000000023e-03 7.245078322999999642e-04 -1.477973105000000061e-03 1.145759129000000019e-03 -1.957329011999999792e-03 -3.608606700000000308e-05
-2.028476389999999893e-02 -5.467384905000000073e-02 -7.992070194000000516e-02 4.767218072000000140e-01 2.607351929000000131e-03 3.153845793000000040e-03 -1.939125615999999844e-02 -5.717435113000000207e-02 -8.199462374999999525e-02 2.526256961999999787e-03 4.580163784000000279e-03 6.220393172000000023e-04 -4.091002752999999860e-03 -6.480265435000000240e-02 -2.018150122000000185e-03 -2.444460731999999973e-03 -6.494035877999999873e-02 -2.731820135000000149e-03 -1.023081247000000001e-03 -4.617743571000000428e-03 -3.319962181999999901e-04 -1.171098005999999950e-03 -2.552276713000000211e-03 1.769747402000000028e-03 -5.307191634999999796e-03 4.029021118000000295e-05 -2.189261751000000106e-03 8.862181626999999888e-04 -9.833751917999999372e-05 1.232452285999999925e-03 -1.375528226999999954e-03 -4.123633881000000087e-04 1.684738885999999898e-04 3.674628709999999752e-04 1.731703731999999912e-03 -1.389066298999999997e-04 1.779295207000000005e-04 3.691008853000000024e-04 -1.188016376000000087e-03 -1.959357288999999825e-03 2.746337567000000073e-04 -7.887240324999999575e-04 1.325493604000000042e-03 -3.186326319999999764e-04 -1.157624607000000069e-03 1.296488008999999901e-03 1.676611833000000084e-03 -1.944250930999999981e-03
-5.249528984000000065e-02 -4.444371661999999695e-02 -4.923793773000000040e-02 2.607351929000000131e-03 5.733383622000000068e-01 1.380296878999999997e-03 -5.532930008999999844e-02 -3.986953873000000093e-02 -4.800204576000000056e-02 3.435181935999999988e-03 -9.906455858999999378e-03 3.291731305999999859e-04 -1.293015223999999935e-02 -1.514817524999999970e-02 -4.282721438999999991e-02 -1.200169272999999925e-02 -1.721640191000000167e-02 -4.348647664000000052e-02 -5.026450560999999942e-03 -9.404580036999999476e-03 1.871307301000000103e-03 -6.377574977999999999e-03 -7.289179657999999770e-03 1.922911435000000018e-03 4.754964551999999833e-04 -4.587564494999999895e-03 1.273088494000000105e-03 -3.517237983999999852e-03 3.971589490999999751e-04 2.815653525000000063e-03 -5.208284525000000161e-04 3.336214879000000064e-04 1.004761571999999948e-03 -2.964132147999999807e-03 1.313460011999999970e-03 1.307251324999999945e-03 3.182996808000000026e-04 -1.005506712999999948e-03 1.545786091000000073e-04 -1.462661712000000057e-03 -1.284018024999999952e-03 -8.332281974999999549e-04 -2.202107023999999927e-03 -1.929865329999999992e-03 -2.599126532999999819e-03 -2.134369111000000100e-03 3.043403751999999786e-04 -3.890413213000000242e-04
-8.170336888000000186e-02 -4.823140566999999795e-02 1.089941128000000009e-03 3.153845793000000040e-03 1.380296878999999997e-03 5.213733898000000311e-01 -7.938206356999999436e-02 -4.848511858000000008e-02 -2.234621602000000200e-03 -1.403835027000000088e-04 2.820520033999999836e-03 3.833077240000000181e-03 -4.639260002000000077e-02 -1.093765466999999970e-02 -1.201489159000000001e-02 -4.492680418000000175e-02 -1.415335686999999974e-02 -1.285915961999999947e-02 1.130650233999999903e-03 -3.708171016000000059e-03 -2.877177989999999807e-03 6.019599788000000364e-04 -2.933170409999999798e-03 -1.861929628000000107e-03 -1.138466607999999956e-02 2.744707711000000071e-03 -4.117396829999999883e-03 -6.352717312000000401e-04 5.024405488999999771e-05 -6.695239759000000401e-03 6.019147675999999983e-04 2.615923859000000070e-03 -7.665671928000000399e-03 -1.683710413000000022e-03 6.773446320000000480e-04 -4.167055795000000097e-03 -1.059637919000000033e-04 6.775655625999999886e-04 1.829063017000000062e-03 1.803947043000000017e-03 -1.152700334999999954e-03 -3.723177936999999766e-04 7.052205120999999926e-04 -2.771809426000000111e-03 -6.539220885999999814e-04 -1.481216932000000005e-03 -7.216421223999999529e-04 -1.366874280000000092e-03
-1.562307688999999851e-05 4.411323901999999846e-03 -1.255229835999999979e-03 -1.939125615999999844e-02 -5.532930008999999844e-02 -7.938206356999999436e-02 4.762242778999999926e-01 1.713458667000000105e-03 7.435066973999999518e-04 -1.777717792000000144e-02 -5.360949076999999702e-02 -7.997511069000000361e-02 -1.835364104999999933e-03 -2.822504571999999868e-03 8.704550144999999555e-04 -1.074481819999999936e-03 -6.470879386000000233e-02 -1.745585136999999905e-03 -8.884954104999999826e-04 -6.590643254000000395e-02 -1.116439346000000022e-03 -2.774661117999999843e-03 -2.997684381999999800e-03 6.365137080999999772e-04 1.943367101999999907e-03 6.269771758000000162e-04 7.020307410000000466e-04 -4.454182006999999645e-03 2.539518021999999852e-05 -9.831413488000000436e-04 2.687733526000000159e-04 -1.082196558000000051e-03 8.360970601999999884e-04 -1.445975053000000078e-05 1.624383723000000115e-04 -2.559141231999999960e-03 3.076110292999999869e-04 -4.753877711000000080e-04 1.302239643999999986e-03 -1.968118584999999868e-03 7.928779761999999506e-04 -3.291738902000000190e-04 -1.446150083000000098e-03 -3.779162911000000127e-04 6.339861616999999724e-04 -8.303811861000000381e-04 -1.548151660999999958e-03 6.056410368999999528e-04
3.124952233999999784e-03 -1.156374442000000086e-02 1.083841508000000023e-03 -5.717435113000000207e-02 -3.986953873000000093e-02 -4.848511858000000008e-02 1.713458667000000105e-03 5.740748129999999616e-01 2.689132395000000050e-03 -5.460195470999999745e-02 -3.879865772999999823e-02 -4.701157092000000232e-02 -6.275907320000000296e-03 -6.685632321000000398e-03 8.446602002000000312e-04 -1.409149152999999988e-02 -1.713869462999999954e-02 -4.450504255999999936e-02 -1.333505066999999926e-02 -1.411248183999999975e-02 -4.323437483999999914e-02 -3.556339217999999937e-03 -7.543544121000000068e-03 9.517026652000000258e-04 -2.814573341999999836e-03 -1.608222759000000083e-03 -1.945068405000000000e-04 5.695285074999999501e-04 -2.251072976999999795e-03 -1.698350371999999978e-03 -2.039608604999999797e-03 -1.709604109000000091e-04 -2.995777144000000215e-04 4.030773978999999666e-05 -4.633423213000000299e-05 2.201045954000000089e-03 -5.342888168999999877e-05 -9.385322359000000062e-04 2.545942377000000052e-03 1.097355812999999949e-03 8.640192962000000157e-04 -3.586882497000000187e-03 -1.318048797999999897e-03 -2.477593635999999783e-03 -2.296951907000000046e-03 -2.156770627999999787e-03 -7.385217997000000263e-04 -1.075467393000000037e-03
7.969822622999999783e-04 -7.481083909000000188e-04 3.416983493999999934e-03 -8.199462374999999525e-02 -4.800204576000000056e-02 -2.234621602000000200e-03 7.435066973999999518e-04 2.689132395000000050e-03 5.220659472999999995e-01 -8.231155901999999414e-02 -5.028583060999999854e-02 -1.507479553999999892e-03 1.750503800000000098e-03 -3.197292590999999823e-03 -2.373767601000000027e-04 -4.534661249000000033e-02 -9.958697670999999349e-03 -9.517469961999999381e-03 -4.515900532000000078e-02 -1.256792158999999950e-02 -1.032141735000000060e-02 5.279593390999999698e-04 -4.733936264000000033e-03 6.358683811000000186e-04 -9.949614137000000011e-05 7.984070111000000436e-04 -3.709805269999999836e-03 -8.288297630000000110e-03 -1.433809245999999966e-03 -4.781953099000000283e-03 -9.685077367000000104e-04 2.196583068999999940e-03 -7.256685377999999922e-03 1.135697163999999947e-05 -4.229534180000000219e-03 -8.335780471000000386e-03 -1.222657635000000105e-03 -2.802146919000000056e-04 3.585208649999999889e-03 4.950453229999999573e-04 4.008406559999999987e-04 1.503760128999999954e-03 -1.600647833000000105e-03 3.979276366999999742e-04 -1.484971205999999905e-03 -1.149901293999999958e-03 2.782427764999999839e-04 -7.352333367999999572e-04
-1.858550562999999878e-02 -5.583772828999999938e-02 -8.004773944000000141e-02 2.526256961999999787e-03 3.435181935999999988e-03 -1.403835027000000088e-04 -1.777717792000000144e-02 -5.460195470999999745e-02 -8.231155901999999414e-02 4.759676087999999972e-01 3.328853015000000047e-03 1.765846481999999978e-03 -3.332936601000000085e-03 -5.117196317000000105e-03 1.324918983999999987e-03 -2.286835713999999832e-03 -4.017739983999999744e-03 1.820053304999999944e-03 -3.118748845999999835e-03 -6.520452348999999925e-02 -2.172474865000000206e-03 -3.629351915000000092e-03 -6.345554815999999987e-02 -1.692731786999999944e-03 -3.837819479000000055e-04 -7.031617623000000318e-04 -9.831579079999999693e-04 9.522495300999999843e-04 5.618923085999999716e-04 8.841745037000000532e-04 -3.589651788000000013e-03 -8.034464268000000506e-04 -1.053330279000000078e-03 -1.028679165000000000e-03 2.394689252000000053e-03 -6.821087322999999994e-04 -1.261256522999999958e-03 -3.595496190999999976e-06 -1.113954600000000104e-03 -2.126047392999999889e-04 -1.942815159000000095e-03 -1.194932569000000007e-03 1.598648532000000028e-04 -8.631838699000000481e-05 1.350719480000000042e-03 6.077460536000000267e-04 -8.396907897999999560e-04 -1.213865536999999975e-03
-5.567391806000000082e-02 -4.092698539999999746e-02 -5.102342373999999708e-02 4.580163784000000279e-03 -9.906455858999999378e-03 2.820520033999999836e-03 -5.360949076999999702e-02 -3.879865772999999823e-02 -5.028583060999999854e-02 3.328853015000000047e-03 5.734570207000000419e-01 8.125238665999999846e-04 -2.964057409000000077e-03 -6.086911966000000014e-03 -2.854677068000000071e-04 -4.661066010999999690e-03 -5.542234967000000088e-03 -1.475104223000000116e-04 -9.614569829999999179e-03 -1.737629711999999840e-02 -4.474321787999999828e-02 -9.708879495999999873e-03 -1.511796844000000070e-02 -4.391023706999999665e-02 -2.056994137000000013e-05 3.642878133999999900e-03 -1.344318739000000028e-03 -2.841552981000000210e-03 2.503195127000000086e-03 7.111163976000000426e-04 1.668565229000000061e-03 -6.736552284999999980e-03 2.648543866000000174e-03 -2.136696791999999866e-03 -3.646781546000000184e-04 1.423399805999999920e-03 1.185810438000000017e-03 -2.310109985999999824e-03 -6.241773578999999794e-03 1.391945697999999931e-03 1.286708041999999955e-04 2.544943201000000096e-03 5.040203604999999578e-04 -7.456181991000000253e-04 -5.424126906000000317e-03 -1.063675836999999945e-03 1.416551416999999903e-03 -3.038009452999999860e-03
-8.087087339000000041e-02 -5.071831847000000254e-02 -1.546988138000000108e-03 6.220393172000000023e-04 3.291731305999999859e-04 3.833077240000000181e-03 -7.997511069000000361e-02 -4.701157092000000232e-02 -1.507479553999999892e-03 1.765846481999999978e-03 8.125238665999999846e-04 5.209272081000000387e-01 -1.108956210999999942e-03 -2.514929799999999788e-03 1.019889773999999895e-03 9.446960186999999592e-04 -5.275648887999999891e-03 -1.042081319000000067e-03 -4.584104856000000006e-02 -1.311705097999999944e-02 -1.011335002000000004e-02 -4.731568601999999735e-02 -1.332285495999999993e-02 -9.474447634000000493e-03 4.919600414000000182e-04 2.258795582999999912e-03 -9.197952276999999885e-03 4.311688918999999841e-04 2.088783372000000121e-03 -4.540663991000000281e-03 -9.676392081999999478e-03 8.115984764000000332e-04 -4.893988327000000152e-03 -1.487413587999999965e-03 5.305233140999999998e-04 -3.936791620000000373e-03 -2.806841129999999938e-03 -1.820499536999999968e-03 6.213641980999999549e-04 -1.848574077000000036e-04 -2.384196370000000141e-03 -1.194181914999999919e-03 8.615076295000000496e-04 1.233326864000000101e-03 3.300088471999999915e-03 -1.671547244000000062e-04 2.614100879999999797e-03 -6.347431830000000320e-04
-1.283582695999999947e-03 -1.219468777999999955e-02 -4.338326903999999845e-02 -4.091002752999999860e-03 -1.293015223999999935e-02 -4.639260002000000077e-02 -1.835364104999999933e-03 -6.275907320000000296e-03 1.750503800000000098e-03 -3.332936601000000085e-03 -2.964057409000000077e-03 -1.108956210999999942e-03 4.897991792999999983e-01 1.530313299000000049e-03 -3.635281974000000201e-03 -3.330993259999999803e-03 -1.761375789000000150e-02 -4.990450126999999847e-02 -4.653767027999999975e-05 1.701018035999999961e-03 5.889655295000000490e-04 -2.544840372999999847e-03 -1.924584555999999877e-02 -4.833749501000000198e-02 -4.089561724000000164e-04 -5.713816785999999842e-02 -2.413873148999999812e-03 -4.832492400000000000e-03 -2.667300013999999997e-03 1.043055410000000077e-03 -5.008005975000000276e-03 -4.291038879000000014e-03 -1.575528692999999918e-03 3.669839012000000213e-03 -5.216167456999999674e-02 -2.007902630999999858e-03 -1.473109117999999969e-03 -1.008925125000000077e-03 6.806486254999999461e-04 9.116035948000000312e-04 -2.990460906000000189e-04 -6.775387514999999417e-05 2.165190185000000125e-04 3.672555259000000140e-04 6.493742181999999591e-05 -7.744176652999999744e-03 2.049111971000000185e-03 -3.447106184999999823e-03
-6.611879935999999403e-02 -1.665818310999999871e-02 -1.215862271000000064e-02 -6.480265435000000240e-02 -1.514817524999999970e-02 -1.093765466999999970e-02 -2.822504571999999868e-03 -6.685632321000000398e-03 -3.197292590999999823e-03 -5.117196317000000105e-03 -6.086911966000000014e-03 -2.514929799999999788e-03 1.530313299000000049e-03 5.447420946000000042e-01 -8.372853612000000624e-05 -1.717501202999999893e-02 3.926001143000000223e-04 -2.427947596000000138e-02 1.948444891000000094e-04 -1.316323823999999976e-02 -2.544479138999999868e-04 -1.767887678999999906e-02 -1.787204378999999923e-03 -2.433059157000000070e-02 -1.136965969000000055e-02 -1.946472263000000036e-02 -2.871191376999999989e-02 -1.960030859999999792e-03 -4.183237230999999751e-03 -4.651503173999999713e-03 -1.014682241999999941e-03 -7.302885902999999707e-03 -2.319988239000000171e-03 -1.136040376000000025e-02 -1.797273514999999863e-02 -3.020087075000000079e-02 -7.252466634999999795e-04 -2.203732682999999786e-03 3.368386793999999986e-03 -1.564391347999999956e-03 1.710487097999999944e-03 1.906923876999999895e-04 -1.741419327999999900e-03 -9.278870381000000039e-04 2.164143553999999837e-03 7.292384344000000206e-04 9.898199516999999122e-04 2.526391613000000271e-04
-4.201619664999999698e-03 -4.179988161999999979e-02 -1.039379923999999948e-02 -2.018150122000000185e-03 -4.282721438999999991e-02 -1.201489159000000001e-02 8.704550144999999555e-04 8.446602002000000312e-04 -2.373767601000000027e-04 1.324918983999999987e-03 -2.854677068000000071e-04 1.019889773999999895e-03 -3.635281974000000201e-03 -8.372853612000000624e-05 5.135974067999999892e-01 -4.911048211999999996e-02 -2.521437712999999997e-02 -6.627552939000000247e-03 6.913332607000000291e-04 3.170480298999999932e-03 -1.054985720999999975e-03 -4.790570722999999698e-02 -2.581454226000000005e-02 -6.540612761999999893e-03 -4.475775934000000150e-02 -1.803846079999999949e-02 -9.841335221999999647e-03 9.561735308000000313e-04 -4.488397180000000021e-03 8.964412644000000407e-04 -1.556327098999999966e-03 -2.940702997999999815e-03 1.383622840000000047e-03 -4.662897022000000308e-02 -1.763169440999999907e-02 -8.984468298000000339e-03 7.857892257999999621e-04 2.216161763999999895e-03 -7.303506669999999899e-04 1.300245492999999985e-03 2.330509255999999984e-03 -4.274524572000000348e-03 -1.419630295999999969e-03 1.840027853999999996e-03 -1.852199723000000050e-03 -7.871251617999999381e-03 3.754506860999999932e-03 5.114615234000000456e-04
-1.675608466999999957e-03 -5.676036546000000176e-03 1.284430070999999967e-03 -2.444460731999999973e-03 -1.200169272999999925e-02 -4.492680418000000175e-02 -1.074481819999999936e-03 -1.409149152999999988e-02 -4.534661249000000033e-02 -2.286835713999999832e-03 -4.661066010999999690e-03 9.446960186999999592e-04 -3.330993259999999803e-03 -1.717501202999999893e-02 -4.911048211999999996e-02 4.892637961999999896e-01 6.087269608999999488e-04 -4.482046687999999800e-03 -2.467194861999999836e-03 -2.069236388999999912e-02 -4.845461129999999866e-02 -6.490948551000000474e-04 1.170307804000000028e-03 5.590588997000000204e-04 -2.494050221999999915e-04 -5.467286670000000293e-02 1.656442798000000004e-03 -1.070943148000000041e-03 -5.353351323999999689e-02 -1.614833634000000049e-03 -4.834660695999999994e-03 -3.465395765999999995e-03 -1.371811977999999902e-03 -3.983422696000000172e-03 -2.388572697000000081e-03 6.691445907999999483e-04 -7.785212401999999816e-03 1.405051994999999970e-03 -5.397951821000000414e-03 1.070137175000000063e-04 7.574945254000000315e-04 1.943620795999999925e-04 -1.511462592000000112e-04 -2.109470521000000095e-03 -1.124215354999999906e-03 1.740195077000000062e-03 9.661923600000000200e-04 9.517201250999999954e-04
-4.556335104999999913e-03 -6.651420425000000372e-03 -2.957474372000000115e-03 -6.494035877999999873e-02 -1.721640191000000167e-02 -1.415335686999999974e-02 -6.470879386000000233e-02 -1.713869462999999954e-02 -9.958697670999999349e-03 -4.017739983999999744e-03 -5.542234967000000088e-03 -5.275648887999999891e-03 -1.761375789000000150e-02 3.926001143000000223e-04 -2.521437712999999997e-02 6.087269608999999488e-04 5.453114803999999927e-01 9.558217637999999548e-04 -1.815995382999999880e-02 -1.107121941999999895e-03 -2.628800276999999908e-02 1.003875505999999923e-03 -1.532338607000000019e-02 6.885604386000000222e-04 -1.037788645000000017e-02 -1.716947140000000052e-02 -2.684002774000000119e-02 -1.017459111000000062e-02 -1.767369062999999893e-02 -2.753246040000000006e-02 9.218063582999999432e-05 -6.066789050000000183e-03 -6.728636070999999795e-03 -3.346585638000000064e-03 -6.210525492000000362e-03 -7.220871293999999926e-03 -7.997678564999999946e-04 2.757562103000000099e-04 -4.538924983000000383e-06 2.073377665999999887e-04 -1.358817210000000039e-03 1.006024565000000022e-03 -1.331008542999999971e-05 6.048727091999999469e-04 1.276701141999999961e-03 1.360695251999999951e-03 -6.716998794999999491e-04 -9.467997555000000299e-04
2.062192338999999965e-03 -7.809922783999999861e-04 3.180494860999999885e-03 -2.731820135000000149e-03 -4.348647664000000052e-02 -1.285915961999999947e-02 -1.745585136999999905e-03 -4.450504255999999936e-02 -9.517469961999999381e-03 1.820053304999999944e-03 -1.475104223000000116e-04 -1.042081319000000067e-03 -4.990450126999999847e-02 -2.427947596000000138e-02 -6.627552939000000247e-03 -4.482046687999999800e-03 9.558217637999999548e-04 5.155883941000000137e-01 -5.036138968000000021e-02 -2.713566992999999830e-02 -4.593585479999999673e-03 1.625749960999999964e-03 1.024308388999999996e-03 -5.106509842999999845e-04 -4.411783600000000055e-02 -1.544963614000000041e-02 -8.068464750999999185e-03 -4.114598483000000279e-02 -1.303833511000000028e-02 -6.383155490000000376e-03 -1.228870909000000016e-03 -4.453922449000000290e-03 -1.280517231000000058e-03 5.039358039999999915e-04 -4.286325883000000059e-03 3.020997691000000041e-04 -9.176787811000000281e-03 1.168638247999999932e-03 -4.667782567000000431e-03 -1.179234536999999947e-03 1.507113301999999906e-03 -1.593075578000000079e-04 -1.121188833000000100e-03 -3.944936765999999774e-04 -2.042089367999999801e-03 -1.345788511000000015e-03 3.037767200000000096e-04 -1.112588944999999985e-03
-3.864391346999999921e-03 -4.924929086000000289e-03 -2.117097435000000127e-04 -1.023081247000000001e-03 -5.026450560999999942e-03 1.130650233999999903e-03 -8.884954104999999826e-04 -1.333505066999999926e-02 -4.515900532000000078e-02 -3.118748845999999835e-03 -9.614569829999999179e-03 -4.584104856000000006e-02 -4.653767027999999975e-05 1.948444891000000094e-04 6.913332607000000291e-04 -2.467194861999999836e-03 -1.815995382999999880e-02 -5.036138968000000021e-02 4.891658772999999960e-01 2.670407878999999816e-04 -4.065217375999999674e-03 -3.587056395000000081e-03 -1.828817873000000011e-02 -4.941222601999999825e-02 -4.414425351000000365e-03 -4.511633477999999961e-03 1.125539304999999919e-03 1.799465170000000063e-03 -5.531401332000000087e-02 -1.142050155000000008e-04 2.925788377000000141e-03 -5.400766726999999684e-02 -2.148800175999999919e-03 -5.009128128999999763e-03 -1.441210654000000049e-03 -1.253346912000000059e-03 -3.825006288999999757e-04 -1.878500358999999991e-04 1.614711943999999925e-03 -7.903329428999999323e-03 -6.252354360999999973e-04 -5.994947351000000368e-03 1.426408328000000093e-03 1.669993154000000077e-03 1.639743093999999988e-03 -2.681032948999999862e-04 -1.349198784999999920e-03 -1.686736295999999996e-03
-3.184248427999999791e-03 -3.720735043000000016e-03 -4.564344587000000383e-03 -4.617743571000000428e-03 -9.404580036999999476e-03 -3.708171016000000059e-03 -6.590643254000000395e-02 -1.411248183999999975e-02 -1.256792158999999950e-02 -6.520452348999999925e-02 -1.737629711999999840e-02 -1.311705097999999944e-02 1.701018035999999961e-03 -1.316323823999999976e-02 3.170480298999999932e-03 -2.069236388999999912e-02 -1.107121941999999895e-03 -2.713566992999999830e-02 2.670407878999999816e-04 5.447454535000000320e-01 1.783830322999999931e-03 -1.856324847999999902e-02 -9.632690452999999667e-04 -2.683515214999999954e-02 -1.910999368000000078e-03 -3.900613732999999930e-03 -5.201968627000000053e-03 -1.179302890000000041e-02 -1.645456823000000096e-02 -2.796532854000000068e-02 -1.157208646000000042e-02 -1.178169194999999919e-02 -2.909340304000000016e-02 -2.633645518000000095e-03 -6.661683528999999895e-03 -5.246656465000000026e-03 -9.011131164000000344e-04 5.614257229000000054e-04 3.270982035999999826e-04 9.433464978999999469e-04 3.580945610000000039e-03 -1.003510176999999936e-03 6.615126236000000394e-04 -8.708650980000000059e-04 2.673237938999999900e-03 5.005530624000000331e-04 1.127435966000000025e-03 -6.359833893000000184e-04
3.353903435999999868e-04 3.407901883000000014e-03 2.529959806999999838e-03 -3.319962181999999901e-04 1.871307301000000103e-03 -2.877177989999999807e-03 -1.116439346000000022e-03 -4.323437483999999914e-02 -1.032141735000000060e-02 -2.172474865000000206e-03 -4.474321787999999828e-02 -1.011335002000000004e-02 5.889655295000000490e-04 -2.544479138999999868e-04 -1.054985720999999975e-03 -4.845461129999999866e-02 -2.628800276999999908e-02 -4.593585479999999673e-03 -4.065217375999999674e-03 1.783830322999999931e-03 5.150499318000000271e-01 -5.079532694000000320e-02 -2.601348644000000057e-02 -5.651373456999999809e-03 -2.516253903000000057e-04 -5.017250477000000271e-03 -2.016731947000000025e-03 -4.331090637999999993e-02 -1.332193383000000036e-02 -6.897702028000000235e-03 -4.514982946999999969e-02 -1.699154267999999912e-02 -6.359406758999999743e-03 4.251218529000000130e-04 -3.667941173999999822e-03 1.451592128999999948e-04 -1.427801606999999987e-03 1.474824377000000025e-03 -1.086814217999999962e-03 -7.430966197999999863e-03 5.270009103999999779e-04 -8.716377270999999764e-04 2.669276707999999930e-04 1.672193047000000016e-03 3.395901792999999973e-04 9.644121515000000401e-04 5.322085325999999618e-04 -3.206760700000000144e-03
-2.334644259000000135e-03 -1.446874771999999941e-02 -4.222268215000000297e-02 -1.171098005999999950e-03 -6.377574977999999999e-03 6.019599788000000364e-04 -2.774661117999999843e-03 -3.556339217999999937e-03 5.279593390999999698e-04 -3.629351915000000092e-03 -9.708879495999999873e-03 -4.731568601999999735e-02 -2.544840372999999847e-03 -1.767887678999999906e-02 -4.790570722999999698e-02 -6.490948551000000474e-04 1.003875505999999923e-03 1.625749960999999964e-03 -3.587056395000000081e-03 -1.856324847999999902e-02 -5.079532694000000320e-02 4.893186614000000212e-01 1.018927360000000063e-03 -2.350499350000000154e-03 -4.810577384000000109e-03 -4.699620814999999618e-03 4.325262794000000154e-04 -5.215415107000000161e-03 -3.808262325000000195e-03 -8.326741495999999670e-04 3.058629017000000195e-05 -5.324262084999999839e-02 -2.566173208000000188e-03 2.031364723000000060e-03 -5.537007650999999780e-02 -1.072349508999999920e-03 -5.084245943999999738e-04 9.458563972999999925e-04 -2.047846497000000050e-03 -4.881567990000000123e-04 7.207983277999999595e-04 1.289410527000000011e-03 -8.553999652000000495e-03 -1.075961829999999998e-03 -3.485622277000000047e-03 -4.214288218000000166e-04 -2.782832375999999964e-04 1.563482004999999916e-03
-6.207126199000000122e-02 -1.526540380999999967e-02 -1.506756599000000016e-02 -2.552276713000000211e-03 -7.289179657999999770e-03 -2.933170409999999798e-03 -2.997684381999999800e-03 -7.543544121000000068e-03 -4.733936264000000033e-03 -6.345554815999999987e-02 -1.511796844000000070e-02 -1.332285495999999993e-02 -1.924584555999999877e-02 -1.787204378999999923e-03 -2.581454226000000005e-02 1.170307804000000028e-03 -1.532338607000000019e-02 1.024308388999999996e-03 -1.828817873000000011e-02 -9.632690452999999667e-04 -2.601348644000000057e-02 1.018927360000000063e-03 5.448047606000000487e-01 1.728160318000000100e-03 -6.770586903999999953e-04 -5.211201076999999633e-03 -5.680266263999999600e-03 -5.861789221999999825e-04 -4.697128715000000246e-03 -7.477918814999999844e-03 -1.132965956999999919e-02 -1.683692116000000058e-02 -3.006315387999999866e-02 -1.058291490999999952e-02 -1.747967682999999883e-02 -3.042910047000000132e-02 1.354399959999999905e-03 -2.285851102999999791e-03 4.635746208000000195e-04 2.812466761000000114e-05 -9.073651424999999834e-05 2.943279783999999937e-03 1.551867625000000065e-03 -3.124869627999999938e-04 -2.971128005999999940e-03 1.064109778000000048e-04 -1.615678698999999975e-03 1.700780775999999979e-03
-1.495064811999999950e-03 -4.418502506000000080e-02 -1.384246563999999916e-02 1.769747402000000028e-03 1.922911435000000018e-03 -1.861929628000000107e-03 6.365137080999999772e-04 9.517026652000000258e-04 6.358683811000000186e-04 -1.692731786999999944e-03 -4.391023706999999665e-02 -9.474447634000000493e-03 -4.833749501000000198e-02 -2.433059157000000070e-02 -6.540612761999999893e-03 5.590588997000000204e-04 6.885604386000000222e-04 -5.106509842999999845e-04 -4.941222601999999825e-02 -2.683515214999999954e-02 -5.651373456999999809e-03 -2.350499350000000154e-03 1.728160318000000100e-03 5.144299332999999752e-01 1.074355148999999983e-03 -3.788644644999999891e-03 -1.195972648000000020e-03 -1.421110060999999924e-03 -3.794366471999999820e-03 -2.035943322999999921e-04 -4.594468138999999868e-02 -1.803705678000000132e-02 -7.782760435999999671e-03 -4.502186077999999897e-02 -1.609763248999999952e-02 -8.101803773000000250e-03 -1.009451936999999910e-03 -1.520002336000000074e-03 -1.715467553999999988e-03 -1.168727723999999973e-03 7.310748659999999691e-04 -3.066695882999999866e-03 -7.542274037999999702e-03 1.282222808999999982e-03 8.078550504000000469e-04 -6.567724993000000197e-04 1.750392793000000004e-03 5.670781814999999735e-04
1.682476180999999951e-03 -3.109957108000000001e-03 -1.088121318000000084e-03 -5.307191634999999796e-03 4.754964551999999833e-04 -1.138466607999999956e-02 1.943367101999999907e-03 -2.814573341999999836e-03 -9.949614137000000011e-05 -3.837819479000000055e-04 -2.056994137000000013e-05 4.919600414000000182e-04 -4.089561724000000164e-04 -1.136965969000000055e-02 -4.475775934000000150e-02 -2.494050221999999915e-04 -1.037788645000000017e-02 -4.411783600000000055e-02 -4.414425351000000365e-03 -1.910999368000000078e-03 -2.516253903000000057e-04 -4.810577384000000109e-03 -6.770586903999999953e-04 1.074355148999999983e-03 4.989734525000000254e-01 1.285122312999999921e-03 -2.951563688000000216e-03 -4.687938883999999938e-03 -1.906310644999999887e-02 -2.110759477000000162e-02 -3.027379768000000148e-03 1.955921304999999871e-04 -2.114272851000000009e-03 -3.703604166999999864e-03 -1.883738282999999902e-02 -2.166156160000000039e-02 -1.856064303000000025e-04 -9.579131923000000493e-02 2.193754082000000123e-04 -2.518184897000000019e-03 -1.596826128999999893e-03 -3.068770817000000075e-06 -2.114546246000000018e-03 -1.091007695000000000e-03 3.512593199000000124e-03 2.732302375999999891e-05 -9.935545262999999350e-02 -3.846581293999999678e-05
-1.716067588999999971e-03 -3.315071373999999970e-04 1.275059506999999970e-03 4.029021118000000295e-05 -4.587564494999999895e-03 2.744707711000000071e-03 6.269771758000000162e-04 -1.608222759000000083e-03 7.984070111000000436e-04 -7.031617623000000318e-04 3.642878133999999900e-03 2.258795582999999912e-03 -5.713816785999999842e-02 -1.946472263000000036e-02 -1.803846079999999949e-02 -5.467286670000000293e-02 -1.716947140000000052e-02 -1.544963614000000041e-02 -4.511633477999999961e-03 -3.900613732999999930e-03 -5.017250477000000271e-03 -4.699620814999999618e-03 -5.211201076999999633e-03 -3.788644644999999891e-03 1.285122312999999921e-03 5.491657599000000500e-01 -7.712861950000000216e-04 -2.105161498000000103e-02 -2.758794482999999981e-03 -1.500020149000000011e-02 1.920594972000000096e-03 -1.572780372999999995e-02 1.210716902999999997e-03 -1.862188650000000043e-02 -3.959048964999999781e-03 -1.936571980000000026e-02 -1.021151908000000018e-02 -3.028287467999999857e-02 -3.892760935000000311e-02 -4.813308992999999585e-03 -7.950380740000000460e-03 2.396321429999999884e-03 -4.522247941999999778e-03 -6.784704427999999933e-03 3.360419468000000204e-03 -9.180824677000000086e-03 -2.952945271999999829e-02 -3.806505419999999668e-02
-3.343740339999999936e-04 9.460811275999999942e-04 -1.469114384000000080e-03 -2.189261751000000106e-03 1.273088494000000105e-03 -4.117396829999999883e-03 7.020307410000000466e-04 -1.945068405000000000e-04 -3.709805269999999836e-03 -9.831579079999999693e-04 -1.344318739000000028e-03 -9.197952276999999885e-03 -2.413873148999999812e-03 -2.871191376999999989e-02 -9.841335221999999647e-03 1.656442798000000004e-03 -2.684002774000000119e-02 -8.068464750999999185e-03 1.125539304999999919e-03 -5.201968627000000053e-03 -2.016731947000000025e-03 4.325262794000000154e-04 -5.680266263999999600e-03 -1.195972648000000020e-03 -2.951563688000000216e-03 -7.712861950000000216e-04 5.122769833000000439e-01 -2.138923037000000152e-02 -1.868441028000000087e-02 -7.820336150999999611e-03 6.587015413999999531e-04 1.747847669000000001e-03 -1.256122525999999948e-02 -2.347466017000000155e-02 -1.452731586000000075e-02 -7.543102462000000202e-03 -7.881508701999999367e-02 -2.985811404999999877e-02 -5.079835407000000101e-03 -6.461774053999999774e-04 8.315157916999999475e-04 1.225637655999999942e-04 -1.134168988999999938e-04 8.793487267000000456e-04 4.530078200000000249e-05 -7.356768788999999698e-02 -2.661376266000000171e-02 -4.927950876000000355e-03
-2.902414324999999864e-03 -7.059172431999999851e-04 -1.937502916999999972e-05 8.862181626999999888e-04 -3.517237983999999852e-03 -6.352717312000000401e-04 -4.454182006999999645e-03 5.695285074999999501e-04 -8.288297630000000110e-03 9.522495300999999843e-04 -2.841552981000000210e-03 4.311688918999999841e-04 -4.832492400000000000e-03 -1.960030859999999792e-03 9.561735308000000313e-04 -1.070943148000000041e-03 -1.017459111000000062e-02 -4.114598483000000279e-02 1.799465170000000063e-03 -1.179302890000000041e-02 -4.331090637999999993e-02 -5.215415107000000161e-03 -5.861789221999999825e-04 -1.421110060999999924e-03 -4.687938883999999938e-03 -2.105161498000000103e-02 -2.138923037000000152e-02 4.988488534000000141e-01 2.977300473999999839e-03 -3.486897553000000045e-03 -2.545072297999999896e-03 -2.062131040999999956e-02 -2.151916586999999895e-02 -2.920497092999999825e-03 4.147437949000000131e-04 -7.330627517999999828e-06 -7.550889038999999926e-04 -9.715401329999999447e-02 8.274158300000000093e-04 -2.090925553999999943e-03 -1.017348183999999961e-01 -2.938904818000000088e-04 -2.097556910999999816e-03 9.155708409000000133e-04 1.248782832000000075e-03 -3.005143279999999799e-03 -7.673272510000000209e-04 1.722946943000000074e-03
1.430425996000000120e-04 1.668940610999999994e-03 6.042517864999999867e-04 -9.833751917999999372e-05 3.971589490999999751e-04 5.024405488999999771e-05 2.539518021999999852e-05 -2.251072976999999795e-03 -1.433809245999999966e-03 5.618923085999999716e-04 2.503195127000000086e-03 2.088783372000000121e-03 -2.667300013999999997e-03 -4.183237230999999751e-03 -4.488397180000000021e-03 -5.353351323999999689e-02 -1.767369062999999893e-02 -1.303833511000000028e-02 -5.531401332000000087e-02 -1.645456823000000096e-02 -1.332193383000000036e-02 -3.808262325000000195e-03 -4.697128715000000246e-03 -3.794366471999999820e-03 -1.906310644999999887e-02 -2.758794482999999981e-03 -1.868441028000000087e-02 2.977300473999999839e-03 5.486623579999999611e-01 9.655942550000000228e-04 -1.966224780999999838e-02 -2.560135303999999928e-03 -1.764581596999999918e-02 1.161790051000000015e-03 -1.572531035000000049e-02 5.177317208999999672e-04 -1.172378336999999916e-02 -2.931929077999999994e-02 -3.734803929999999661e-02 -1.059461064000000001e-02 -3.086345960000000041e-02 -3.797340199000000249e-02 -4.474660769999999621e-03 -3.406181123999999817e-03 -2.191782392999999895e-05 -3.124907016000000055e-03 -7.126133282000000381e-03 2.623147363999999999e-03
-1.257425436999999938e-03 -2.127955207999999933e-04 -7.957803499999999142e-03 1.232452285999999925e-03 2.815653525000000063e-03 -6.695239759000000401e-03 -9.831413488000000436e-04 -1.698350371999999978e-03 -4.781953099000000283e-03 8.841745037000000532e-04 7.111163976000000426e-04 -4.540663991000000281e-03 1.043055410000000077e-03 -4.651503173999999713e-03 8.964412644000000407e-04 -1.614833634000000049e-03 -2.753246040000000006e-02 -6.383155490000000376e-03 -1.142050155000000008e-04 -2.796532854000000068e-02 -6.897702028000000235e-03 -8.326741495999999670e-04 -7.477918814999999844e-03 -2.035943322999999921e-04 -2.110759477000000162e-02 -1.500020149000000011e-02 -7.820336150999999611e-03 -3.486897553000000045e-03 9.655942550000000228e-04 5.113203957999999938e-01 -2.189367321999999977e-02 -1.778122106999999869e-02 -1.088555042999999993e-02 -1.763368588000000002e-03 -2.506306890000000159e-04 -1.451699048999999936e-02 -7.699990026000000376e-02 -3.167926218000000071e-02 -4.534859577000000322e-03 -8.039614372999999425e-02 -2.631106797000000094e-02 -2.011879279000000024e-03 -1.241654640000000066e-03 1.157333306000000051e-03 -8.636574102000000403e-04 -1.045376042000000037e-03 2.670085311000000268e-04 1.613402261999999929e-03
-1.243382331999999882e-04 -2.783362581000000009e-03 -1.240188507000000067e-03 -1.375528226999999954e-03 -5.208284525000000161e-04 6.019147675999999983e-04 2.687733526000000159e-04 -2.039608604999999797e-03 -9.685077367000000104e-04 -3.589651788000000013e-03 1.668565229000000061e-03 -9.676392081999999478e-03 -5.008005975000000276e-03 -1.014682241999999941e-03 -1.556327098999999966e-03 -4.834660695999999994e-03 9.218063582999999432e-05 -1.228870909000000016e-03 2.925788377000000141e-03 -1.157208646000000042e-02 -4.514982946999999969e-02 3.058629017000000195e-05 -1.132965956999999919e-02 -4.594468138999999868e-02 -3.027379768000000148e-03 1.920594972000000096e-03 6.587015413999999531e-04 -2.545072297999999896e-03 -1.966224780999999838e-02 -2.189367321999999977e-02 4.994453783000000202e-01 5.632927689000000529e-04 -4.397882355999999972e-03 -2.242487705999999820e-03 -1.884583062000000017e-02 -2.210461836000000152e-02 -2.907671445000000084e-03 -3.125033105000000057e-04 2.094925010999999879e-04 -6.361906961000000351e-05 -9.891590605000000203e-02 2.252666413000000041e-03 -1.401061284000000053e-03 -9.905394368000000616e-02 2.396723155000000157e-03 -3.357776040000000090e-03 -7.800141869000000233e-04 -4.636508199000000194e-04
-1.423988701999999906e-04 6.283460662999999996e-04 3.190192271999999895e-03 -4.123633881000000087e-04 3.336214879000000064e-04 2.615923859000000070e-03 -1.082196558000000051e-03 -1.709604109000000091e-04 2.196583068999999940e-03 -8.034464268000000506e-04 -6.736552284999999980e-03 8.115984764000000332e-04 -4.291038879000000014e-03 -7.302885902999999707e-03 -2.940702997999999815e-03 -3.465395765999999995e-03 -6.066789050000000183e-03 -4.453922449000000290e-03 -5.400766726999999684e-02 -1.178169194999999919e-02 -1.699154267999999912e-02 -5.324262084999999839e-02 -1.683692116000000058e-02 -1.803705678000000132e-02 1.955921304999999871e-04 -1.572780372999999995e-02 1.747847669000000001e-03 -2.062131040999999956e-02 -2.560135303999999928e-03 -1.778122106999999869e-02 5.632927689000000529e-04 5.481032175000000173e-01 -8.311230034000000261e-04 -2.105487147000000003e-02 -5.122422603999999928e-03 -1.684064140999999917e-02 -6.257640166999999844e-03 -7.197201648000000306e-03 1.421774066999999947e-03 -1.091472282000000016e-02 -2.797974099000000159e-02 -3.964007785999999756e-02 -9.609047646000000789e-03 -2.713507845999999987e-02 -3.731412758000000190e-02 -4.251505499000000216e-03 -6.972677543999999603e-03 2.572376970999999939e-03
