# <Sz_i Sz_j >
8.008707184000000145e-01 -4.096404126000000034e-01 1.351169453999999936e-01 -1.203620930000000033e-01 8.047289540999999491e-02 -6.473610028000000016e-02 5.575176474000000104e-02 -4.591147472999999868e-02 4.667457027000000008e-02 -3.874595478000000121e-02 3.198559850999999760e-02 -2.122388356000000018e-02 2.893084090000000094e-02 -1.878885099999999878e-02 1.693490716999999923e-02 -1.189554575000000003e-02 1.022888700000000074e-02 -9.374853925999999602e-03 7.335996075000000144e-03 -9.241723181000000009e-03 3.494635028000000164e-03 -9.344915050999999875e-03 9.279041299000000131e-03 -6.268225964000000150e-03 2.724844377999999928e-03 -1.311284843000000075e-02 6.100924292000000325e-03 -7.016870266999999939e-03 3.984661873000000000e-03 -2.062310951000000028e-03 2.219752469000000044e-03 -4.687439078000000398e-03 2.058923972999999845e-03 -2.631780715999999971e-03 1.555461281999999910e-03 2.342133694999999974e-03 3.536748028000000037e-03 -4.891165069000000427e-03 -3.201715307999999905e-05 -4.058685973999999821e-03 2.625589952000000212e-04 -2.024056117000000172e-03 -4.644849060000000134e-03 -1.250634904000000108e-03 -8.004369467000000413e-04 -2.115733813000000071e-03 -4.111568648000000353e-03 -1.017166467000000032e-02 5.160950979999999640e-03 -1.695537789999999878e-02 1.099713597000000036e-02 -1.732872497000000067e-02 1.788049150999999892e-02 -3.179911631000000016e-02 2.648905592000000073e-02 -4.334349870999999743e-02 4.095569737000000210e-02 -5.786645187000000190e-02 5.228307977999999828e-02 -7.926174481000000660e-02 7.645873827000000678e-02 -1.348988664999999920e-01 1.395567168000000080e-01 -4.453764783999999977e-01
-4.096404126000000034e-01 8.008543493999999985e-01 -4.425988010999999944e-01 1.347367140000000074e-01 -1.301696938000000137e-01 7.717097231000000224e-02 -7.881520312999999722e-02 5.252226917999999745e-02 -5.559515134999999664e-02 4.423812602999999816e-02 -4.198019506000000289e-02 2.568093146000000049e-02 -3.351493783000000087e-02 2.047878516999999954e-02 -1.705665959999999939e-02 1.391277615999999932e-02 -1.686957465000000003e-02 9.645665189999999556e-03 -9.227829963000000815e-03 4.037700479000000224e-03 -3.535604018999999841e-03 8.099012581999999461e-03 -4.306344616999999847e-03 6.219443345999999765e-04 -5.111572756999999785e-04 4.970059605000000380e-03 -5.687571064999999947e-03 6.296492023000000229e-04 2.641035626000000011e-03 -4.040195215999999902e-03 4.391352069999999996e-03 -3.880600276999999869e-03 1.887460144999999947e-03 -3.267095272000000022e-03 2.168492075000000080e-04 -2.368601171999999873e-03 -4.976139037999999931e-03 5.224318300000000033e-03 -3.887041006999999906e-03 4.179471405000000257e-03 2.950709617999999735e-04 7.003715453999999905e-04 5.130853292999999586e-03 7.871995354999999570e-04 -1.104469231000000011e-03 -4.677951750000000110e-03 4.074649853000000127e-03 6.427475139999999643e-03 -9.030224750999999925e-04 1.382072737000000079e-02 -8.005218527999999334e-03 1.347159887999999951e-02 -1.517439590000000012e-02 2.474881761999999860e-02 -1.972688620999999906e-02 3.467487114000000065e-02 -3.499486887000000102e-02 3.868137634999999769e-02 -4.036356202000000032e-02 5.144050406999999686e-02 -6.320291292000000671e-02 8.081993736999999733e-02 -1.196569875000000061e-01 1.367501668999999975e-01
1.351169453999999936e-01 -4.425988010999999944e-01 8.010441803000000194e-01 -4.119411654999999839e-01 1.378961053999999964e-01 -1.142457679999999975e-01 8.004711383000000235e-02 -6.745401014000000639e-02 5.452279304000000326e-02 -4.378549439999999959e-02 3.461582775000000139e-02 -2.656255803999999984e-02 2.880326290999999858e-02 -1.816884838999999890e-02 1.852676294000000015e-02 -1.507795259999999971e-02 1.731890277999999922e-02 -1.503298066999999953e-02 1.431669642000000034e-02 -1.027081824000000004e-02 1.407912769000000015e-02 -1.632764848999999907e-02 1.472505900000000041e-02 -9.818699523999999818e-03 6.363677467999999740e-03 -1.420120880999999925e-02 1.062216340000000057e-02 -7.041875520000000048e-03 2.361949823000000087e-03 -1.334382800999999895e-03 -8.388399819999999485e-04 1.424554534000000003e-03 -9.953871142999999415e-04 5.651007252000000069e-04 1.139215443000000027e-03 -3.213932295000000196e-03 5.782677927999999717e-03 -6.089771142999999762e-03 6.226992744000000267e-03 -5.925319782999999979e-03 3.135904276999999882e-03 -5.331830446999999591e-03 1.613403887999999937e-03 -7.128922793000000077e-03 3.286023903000000190e-03 -4.282125375000000143e-03 3.667837832999999888e-03 -8.427406901000000436e-03 4.683202088000000107e-04 -1.206113368000000068e-02 5.950347404999999611e-03 -1.225056474000000076e-02 1.439667369000000030e-02 -2.618346029999999922e-02 1.823208005999999923e-02 -3.096355662999999980e-02 2.961653417000000010e-02 -3.669320740999999775e-02 3.500753973000000213e-02 -5.360016991000000203e-02 5.169941662000000077e-02 -7.838356948999999907e-02 7.713357885999999608e-02 -1.253173348999999936e-01
-1.203620930000000033e-01 1.347367140000000074e-01 -4.119411654999999839e-01 8.018764859000000467e-01 -4.439760131000000110e-01 1.350795946999999997e-01 -1.344558191000000125e-01 8.601749472000000396e-02 -8.340664940000000471e-02 5.700669176999999949e-02 -5.051876906000000306e-02 3.656171644000000276e-02 -4.271766642000000141e-02 3.391733375000000050e-02 -3.276813532000000251e-02 2.532826766000000063e-02 -2.561727949999999948e-02 1.803450557999999870e-02 -1.993716618000000024e-02 1.551934532000000082e-02 -1.745496801999999945e-02 1.732797181999999950e-02 -2.071321619000000142e-02 1.200378063000000044e-02 -1.023663321000000022e-02 1.522032115999999956e-02 -1.170811025999999970e-02 6.925172583000000111e-03 -1.423429894000000041e-03 -1.506273127999999953e-03 1.571277467999999912e-03 -2.025976410000000175e-03 -1.773247360000000010e-03 -6.147596576999999826e-03 4.245051019000000044e-03 -3.422324492999999791e-03 -1.493198423000000096e-03 2.968145716999999895e-03 -3.961959991000000084e-03 3.711414959000000190e-03 -3.217773631999999804e-03 4.469264151999999962e-03 -3.536091964999999934e-03 3.696822479000000036e-03 -4.817085410000000235e-04 1.012222995000000049e-03 -3.182654245999999923e-03 7.865956123999999841e-03 -4.934446046000000134e-03 1.317053217000000061e-02 -8.240642829000000003e-03 1.411694642999999916e-02 -1.708012063000000080e-02 2.059738083999999858e-02 -1.821233460000000123e-02 2.669426828999999987e-02 -2.412822329000000043e-02 2.588716125999999951e-02 -2.872436662000000043e-02 4.096054165000000136e-02 -4.785810518999999985e-02 5.600975994000000069e-02 -6.597898822000000663e-02 7.510601984999999703e-02
8.047289540999999491e-02 -1.301696938000000137e-01 1.378961053999999964e-01 -4.439760131000000110e-01 8.029685952999999765e-01 -4.071457459000000223e-01 1.403848552999999999e-01 -1.216409400999999973e-01 7.923793474000000170e-02 -6.559295549999999420e-02 5.336753148000000085e-02 -4.223680390000000145e-02 3.744764591000000059e-02 -2.942565851999999829e-02 2.683617199999999842e-02 -2.296252801000000024e-02 1.875759122999999876e-02 -1.131774116999999941e-02 1.486407204999999968e-02 -1.015923504999999977e-02 1.510306255999999993e-02 -1.841132072999999980e-02 1.696780957999999978e-02 -7.504726003000000180e-03 4.215006002999999862e-03 -1.022327341999999979e-02 7.002792372000000119e-03 -8.605862602000000777e-03 4.240955486999999600e-03 2.909814073999999855e-03 -6.687219547000000305e-03 4.135267790000000075e-03 2.292706383000000028e-03 8.245053469999999440e-03 -2.552118551999999884e-03 1.783369668000000076e-03 2.703147476000000195e-03 -1.801866198999999913e-03 8.350286527999999575e-04 -4.734689930999999574e-03 3.255909666999999910e-03 -3.101531958999999890e-03 7.282357169000000128e-04 -2.085119157999999989e-04 -1.031995653999999950e-03 -9.597406803999999556e-04 -3.632639429000000027e-03 -4.222554374999999693e-03 2.267990595999999897e-03 -1.367160759999999989e-02 6.798376630999999719e-03 -1.973839374999999952e-02 1.660434503999999936e-02 -2.853711169999999936e-02 2.136372773000000044e-02 -2.919566100999999858e-02 2.523344061000000124e-02 -3.146419117000000265e-02 3.191607752000000242e-02 -4.252669782000000065e-02 4.530729697000000084e-02 -5.749176350000000102e-02 5.584466746999999787e-02 -7.905484014999999975e-02
-6.473610028000000016e-02 7.717097231000000224e-02 -1.142457679999999975e-01 1.350795946999999997e-01 -4.071457459000000223e-01 8.021330585000000513e-01 -4.472056104000000087e-01 1.391538026999999955e-01 -1.411146017000000086e-01 8.556973930000000284e-02 -8.084078078999999695e-02 5.503870293000000247e-02 -5.114822265999999923e-02 3.877906933999999972e-02 -4.348280048000000009e-02 3.204944863999999866e-02 -2.891853682000000009e-02 2.352069466000000081e-02 -2.570912565999999844e-02 2.132167662000000047e-02 -2.461425512999999843e-02 2.164111239999999894e-02 -1.972677179000000003e-02 6.473505576000000358e-03 -9.553506720000000396e-03 1.403285295999999981e-02 -9.363688651999999349e-03 8.275318021000000607e-03 -5.041717345000000169e-03 -5.662577565999999708e-03 1.183920083000000040e-02 -9.518901932999999926e-03 4.363393600999999900e-03 -8.989851949000000203e-03 -1.237083274999999918e-03 2.546790740999999806e-03 -6.200210735999999931e-03 1.809066425000000053e-03 -1.808830126999999913e-03 1.033826546999999998e-02 -3.263933322000000018e-04 3.334637204000000048e-04 8.465999930000000064e-04 -1.215101646999999915e-03 -2.357405372000000165e-03 4.195957355000000041e-03 1.502948522999999906e-03 -3.716473677000000199e-04 -2.343862233999999874e-03 7.676618615999999777e-03 -5.367783969999999696e-03 1.487413446000000056e-02 -1.334620631000000071e-02 1.564060320999999948e-02 -1.261972612000000077e-02 1.601834056000000020e-02 -1.774076377000000093e-02 2.475255126999999916e-02 -2.403481803999999930e-02 3.219862139000000123e-02 -3.409109404999999954e-02 3.979304955000000088e-02 -4.661481482000000287e-02 5.137302360999999873e-02
5.575176474000000104e-02 -7.881520312999999722e-02 8.004711383000000235e-02 -1.344558191000000125e-01 1.403848552999999999e-01 -4.472056104000000087e-01 8.011872593000000098e-01 -4.094998597000000240e-01 1.403146704000000078e-01 -1.221079473999999998e-01 7.736258207000000497e-02 -6.456171377000000100e-02 5.315713141000000252e-02 -4.239511094000000119e-02 3.752554674999999951e-02 -3.214720064999999904e-02 2.816549900000000009e-02 -2.032507181000000121e-02 2.255128852000000059e-02 -1.903651846999999953e-02 1.523651441000000058e-02 -1.256321669000000016e-02 1.304881196000000007e-02 -4.457763858999999607e-03 6.538427404000000422e-03 -1.061407689000000085e-02 2.490885411000000067e-03 -4.740352163999999972e-03 3.772325760999999979e-03 3.468459269999999914e-03 -6.648422690000000031e-03 1.055595368999999971e-02 -7.124890268000000056e-04 9.969169838999999630e-03 -1.452536425999999964e-03 3.559133065000000089e-03 -3.025768001999999852e-03 5.221578129999999637e-03 -2.127221477000000040e-04 -1.185425304999999929e-02 2.899112713999999879e-03 2.149867099999999785e-03 -4.014789761999999936e-03 3.531546873999999968e-03 2.110162518000000161e-03 -3.090155511999999934e-03 -3.916207375000000344e-03 -3.178973386000000061e-03 5.124304275000000517e-04 -1.368847077999999981e-02 6.918033716000000256e-03 -1.956431791000000017e-02 1.271548785999999931e-02 -1.624268921000000115e-02 9.969005853000000028e-03 -1.989775699000000120e-02 1.686739887000000132e-02 -2.746432215000000135e-02 2.116976355999999893e-02 -3.620037543000000080e-02 3.705378735999999978e-02 -4.601762296999999807e-02 4.386222439000000278e-02 -5.163892275999999726e-02
-4.591147472999999868e-02 5.252226917999999745e-02 -6.745401014000000639e-02 8.601749472000000396e-02 -1.216409400999999973e-01 1.391538026999999955e-01 -4.094998597000000240e-01 8.025556577000000358e-01 -4.464390630000000249e-01 1.428223211000000104e-01 -1.301091148999999891e-01 7.863108178000000059e-02 -7.940913417999999335e-02 5.963513921000000023e-02 -5.653726612999999956e-02 4.120390619000000032e-02 -4.260167396999999662e-02 2.432859324000000156e-02 -3.164347029000000311e-02 2.552322983000000073e-02 -2.589117113999999872e-02 2.517029462999999939e-02 -2.319491724999999879e-02 8.609467327000000850e-03 -1.098420565000000036e-02 8.024513089999999252e-03 -5.801885110000000109e-03 7.020374965000000279e-03 -8.477596873999999547e-03 -4.114922370000000280e-03 3.996650495999999782e-03 -1.165545366999999957e-02 4.553815473000000398e-03 -7.759484423000000131e-03 1.268604763999999982e-03 -3.726386164000000147e-03 -2.740018992000000037e-04 -6.015040267999999940e-03 4.789290001000000296e-03 3.280795676999999876e-03 2.790445346999999819e-03 -3.907168855000000413e-03 1.048382854999999926e-02 -1.021074217999999936e-02 3.823441559999999836e-03 2.006986317000000134e-03 7.372537874999999727e-03 -1.500213828999999964e-03 1.401532273000000032e-03 2.486126030999999837e-03 7.718542700999999695e-04 9.575082315000000427e-03 -6.212935372999999969e-03 9.564265707999999519e-03 -4.589194185000000127e-03 7.870021842000000586e-03 -9.265720689999999704e-03 2.064439230000000153e-02 -1.530631952000000018e-02 2.460598606000000133e-02 -2.698151186999999881e-02 3.181471145999999889e-02 -3.558091229000000244e-02 3.419591064000000041e-02
4.667457027000000008e-02 -5.559515134999999664e-02 5.452279304000000326e-02 -8.340664940000000471e-02 7.923793474000000170e-02 -1.411146017000000086e-01 1.403146704000000078e-01 -4.464390630000000249e-01 8.027168753000000212e-01 -4.149901974999999910e-01 1.379768409999999890e-01 -1.186369533999999948e-01 7.988691279000000034e-02 -7.328860090000000049e-02 5.673878302000000262e-02 -4.659474688999999670e-02 4.092263724999999769e-02 -2.606564076000000146e-02 3.000040889000000002e-02 -2.551466629999999888e-02 1.928117526999999914e-02 -2.042636252000000138e-02 1.867522246999999899e-02 -8.852537743999999362e-03 1.572839483999999982e-02 -1.486566878000000064e-02 7.253382051999999851e-03 -9.053681049999999855e-03 6.636513057000000340e-03 4.217295388000000429e-03 3.579042532999999874e-04 9.350924828000000202e-03 -4.305649770000000327e-03 9.270104532000000841e-03 -3.641416888000000105e-03 9.194069209999999187e-03 -3.632079720999999910e-04 5.380660225999999748e-03 -5.353789032000000163e-03 1.680278078000000015e-03 -8.162278788999999257e-03 3.987480027000000170e-03 -9.559313483999999639e-03 4.244375895999999773e-03 -3.148771710000000060e-03 2.859805042000000252e-04 -8.116307165999999892e-03 -1.248011824999999998e-03 -3.640471044999999978e-03 -1.001472257000000053e-02 1.996962809999999929e-03 -1.726245741999999847e-02 7.826349426999999401e-03 -1.376612561000000075e-02 7.174873221999999995e-03 -7.856890616999999757e-03 7.668496383000000111e-03 -2.177741585999999965e-02 1.819623798999999917e-02 -2.748517249000000107e-02 2.686771024999999938e-02 -3.452996683000000150e-02 3.251737379999999900e-02 -4.111372182999999819e-02
-3.874595478000000121e-02 4.423812602999999816e-02 -4.378549439999999959e-02 5.700669176999999949e-02 -6.559295549999999420e-02 8.556973930000000284e-02 -1.221079473999999998e-01 1.428223211000000104e-01 -4.149901974999999910e-01 8.022547589999999840e-01 -4.439431031000000138e-01 1.425845008000000136e-01 -1.338411348000000112e-01 8.490576912000000198e-02 -7.916360315999999842e-02 5.850208292999999754e-02 -6.140339485000000097e-02 3.698080659999999908e-02 -3.812634586000000075e-02 2.925822701999999942e-02 -2.669363322999999955e-02 2.130452802000000131e-02 -2.109388774999999827e-02 1.212671050000000035e-02 -1.583767100000000108e-02 1.427775109999999958e-02 -1.001363631000000073e-02 8.111689627999999277e-03 -5.845401115000000043e-03 -1.752474462000000064e-03 -3.168902494000000111e-04 -4.059957599999999660e-03 5.035039792999999701e-03 -1.268302638999999933e-02 5.016617630000000209e-03 -1.069702919999999946e-02 2.932918486999999859e-03 -1.119288281999999968e-02 1.436980344000000041e-02 -7.666379406000000188e-03 8.298506271999999545e-03 -2.681735977000000194e-03 3.885725921999999815e-03 -3.517184681999999899e-03 3.379784537999999845e-03 -1.068023815999999968e-03 2.350309660000000044e-03 3.585878311999999863e-03 -2.921957725999999901e-03 1.314872217000000003e-02 -9.904042128999999972e-04 1.096923273000000032e-02 -7.617553776000000366e-03 1.198086783000000023e-02 -6.252279831999999621e-03 5.028209492000000266e-03 -6.132320709000000335e-03 1.283412649999999926e-02 -1.337671078999999943e-02 2.065234126999999920e-02 -1.978682910000000017e-02 2.079799422000000106e-02 -2.937090591999999903e-02 3.099871380999999829e-02
3.198559850999999760e-02 -4.198019506000000289e-02 3.461582775000000139e-02 -5.051876906000000306e-02 5.336753148000000085e-02 -8.084078078999999695e-02 7.736258207000000497e-02 -1.301091148999999891e-01 1.379768409999999890e-01 -4.439431031000000138e-01 8.004110573999999589e-01 -4.150267664000000245e-01 1.345468287999999901e-01 -1.196863600999999999e-01 7.978729834000000687e-02 -7.467462027000000557e-02 6.063129284999999730e-02 -4.437295909999999788e-02 3.859811691000000072e-02 -3.376750130000000238e-02 2.998878996000000144e-02 -3.045712583000000084e-02 2.486238078999999934e-02 -1.886920301999999924e-02 1.914773536000000109e-02 -1.587342981999999986e-02 1.418120785000000043e-02 -1.032371732999999916e-02 9.376204521999999611e-03 -1.708728095999999903e-03 5.012024692000000177e-03 3.766034825000000091e-04 2.738212633999999920e-04 9.244322722999999409e-03 -5.481032969000000296e-03 1.229560227999999984e-02 -3.874683557999999799e-03 1.034212068000000054e-02 -1.348034591000000018e-02 8.694050522000000558e-03 -6.070357333000000154e-03 3.703518115999999798e-03 -6.714126925000000155e-03 4.149849015999999662e-03 -4.028063446000000082e-03 -6.611333837999999741e-04 -3.454136469999999869e-03 -2.315298485000000153e-03 -1.169688479999999925e-03 -8.890547053999999297e-03 9.115302229999999988e-04 -1.068561621999999933e-02 6.547189798000000414e-03 -6.512100865000000280e-03 3.501705585000000186e-03 -7.492278855000000272e-03 7.067656218000000282e-03 -1.171923625999999989e-02 1.148771531999999949e-02 -2.047941384999999934e-02 1.985619184999999967e-02 -2.428223611000000087e-02 2.577273602999999996e-02 -2.952050976000000077e-02
-2.122388356000000018e-02 2.568093146000000049e-02 -2.656255803999999984e-02 3.656171644000000276e-02 -4.223680390000000145e-02 5.503870293000000247e-02 -6.456171377000000100e-02 7.863108178000000059e-02 -1.186369533999999948e-01 1.425845008000000136e-01 -4.150267664000000245e-01 8.015205646999999933e-01 -4.332382546999999917e-01 1.363848780999999954e-01 -1.331230898000000107e-01 7.921782405999999721e-02 -7.667937992999999952e-02 4.667240045999999920e-02 -4.956205890999999808e-02 3.105081823999999990e-02 -2.991858009000000068e-02 2.297354891999999968e-02 -2.354311503999999972e-02 1.913396581000000041e-02 -2.219467821999999979e-02 1.968390101000000100e-02 -2.047214799999999904e-02 1.293644648000000057e-02 -1.055731212999999960e-02 4.861995669999999957e-03 -6.462334222000000114e-03 3.743779656000000011e-03 -2.596281858999999800e-03 -8.563690323999999243e-03 4.329464568999999777e-03 -7.689624285000000101e-03 2.657769600000000135e-03 -2.175658897999999900e-03 4.590398253999999727e-03 9.831299657999999914e-04 -2.230882875999999973e-03 1.360427691000000048e-03 -3.182095347000000150e-03 -5.349665949000000304e-04 5.125155573000000474e-04 5.844927813000000416e-03 -1.043121448000000097e-03 2.057955329000000187e-03 4.412205315000000249e-04 6.643893663000000060e-03 1.776850009000000084e-04 2.280655250999999786e-03 -1.659800182000000044e-03 8.494850414000000485e-04 -2.969594671999999796e-03 4.950497423999999924e-03 -5.755917474000000426e-04 1.983943328000000155e-03 -4.313116460000000416e-03 1.265493609999999991e-02 -1.692737490000000011e-02 1.723355805000000018e-02 -1.761891184999999846e-02 1.703464748000000153e-02
2.893084090000000094e-02 -3.351493783000000087e-02 2.880326290999999858e-02 -4.271766642000000141e-02 3.744764591000000059e-02 -5.114822265999999923e-02 5.315713141000000252e-02 -7.940913417999999335e-02 7.988691279000000034e-02 -1.338411348000000112e-01 1.345468287999999901e-01 -4.332382546999999917e-01 8.008087412000000072e-01 -4.236604911999999890e-01 1.416769834000000117e-01 -1.223332926000000043e-01 8.468985699999999339e-02 -6.298571848999999501e-02 5.490722345000000060e-02 -4.163127727999999667e-02 3.159990482999999739e-02 -3.173398411000000197e-02 2.653881230999999979e-02 -2.536307327000000139e-02 2.013445109000000163e-02 -1.966455305999999931e-02 1.708967642000000162e-02 -1.422234967999999947e-02 1.169422076999999949e-02 -3.770005547999999863e-03 6.111642764000000012e-03 -1.874249998000000056e-03 4.930569356000000247e-05 1.148136106999999954e-02 -7.155619856000000265e-03 5.496575228999999591e-03 -1.055081984999999998e-03 6.349828220999999620e-03 -2.990693120999999947e-03 5.535161190999999918e-03 -3.282518413999999975e-03 -1.295942294999999920e-03 -8.370626447000000534e-04 1.530474721999999918e-03 -4.846104119000000342e-03 8.155266775999999926e-05 -3.181022073000000071e-03 3.346145060000000216e-03 -4.442913367999999988e-03 -1.296610938999999928e-02 2.037974300999999787e-03 -7.006698649999999577e-03 3.956640778000000344e-03 -8.511231751999999776e-03 8.050299983999999881e-03 -7.779092484000000272e-03 7.533007111999999970e-03 -1.016786335999999950e-02 1.594259943999999998e-02 -1.789005629000000111e-02 1.895575056000000161e-02 -2.035164031999999942e-02 2.534572829999999846e-02 -2.368831216999999975e-02
-1.878885099999999878e-02 2.047878516999999954e-02 -1.816884838999999890e-02 3.391733375000000050e-02 -2.942565851999999829e-02 3.877906933999999972e-02 -4.239511094000000119e-02 5.963513921000000023e-02 -7.328860090000000049e-02 8.490576912000000198e-02 -1.196863600999999999e-01 1.363848780999999954e-01 -4.236604911999999890e-01 8.007139702000000137e-01 -4.358480628999999995e-01 1.368205876999999959e-01 -1.321076669000000037e-01 7.220347896999999848e-02 -7.589969300000000418e-02 4.873165203999999667e-02 -4.662365839000000289e-02 3.295325030000000044e-02 -3.340458830999999684e-02 2.595405542000000024e-02 -2.475105826000000009e-02 2.211909768999999887e-02 -2.260048433000000009e-02 1.968435313999999936e-02 -1.943717576000000141e-02 6.508753915000000181e-03 -9.545209514999999922e-03 5.243317174000000115e-03 -7.911236857000000788e-03 2.015045687999999884e-03 -1.626925926999999968e-03 1.743912549999999994e-03 -3.211681837000000209e-03 9.170865219999999821e-04 3.842488636999999863e-03 -8.250298899999999533e-03 4.233150161999999980e-03 2.673727049000000112e-04 -2.952645912000000095e-03 2.255987860000000129e-03 1.787326089999999963e-03 7.343566033000000458e-04 -2.160253410000000096e-03 -3.771743238000000061e-03 2.696297249000000149e-03 7.879600614000000641e-03 -1.616206768999999986e-03 -1.527322083000000113e-04 2.321422628000000161e-03 -3.243767977999999826e-03 5.790256277999999675e-04 3.689204001000000177e-03 -4.755090858000000052e-03 3.001638284000000215e-03 -8.268793951999999642e-03 3.928852549000000013e-03 -9.885823095999999796e-03 9.825249487000000531e-03 -1.453770883999999999e-02 1.188651676000000018e-02
1.693490716999999923e-02 -1.705665959999999939e-02 1.852676294000000015e-02 -3.276813532000000251e-02 2.683617199999999842e-02 -4.348280048000000009e-02 3.752554674999999951e-02 -5.653726612999999956e-02 5.673878302000000262e-02 -7.916360315999999842e-02 7.978729834000000687e-02 -1.331230898000000107e-01 1.416769834000000117e-01 -4.358480628999999995e-01 8.012489888999999588e-01 -4.186632674999999915e-01 1.396579084000000026e-01 -1.155675936000000043e-01 7.781337234000000602e-02 -6.383262119999999484e-02 5.188014645999999841e-02 -4.427326271999999785e-02 3.854882718000000180e-02 -3.492333143000000278e-02 2.924995071000000002e-02 -2.782829113999999923e-02 2.874160317999999853e-02 -2.727538997999999840e-02 2.222337423999999964e-02 -9.139596651000000266e-03 5.913010590000000039e-03 -5.739822153999999711e-03 9.460718931999999651e-03 5.782817578000000122e-05 3.528022720000000174e-03 1.046694305000000005e-03 3.861997236000000184e-03 2.647894308000000099e-03 -1.571756579000000071e-04 8.153694402000000521e-03 -6.204370615000000429e-03 1.025082675999999977e-03 1.035174668999999962e-03 1.326357567999999912e-03 -3.812973411999999972e-03 9.271402463000000520e-04 -2.516794603999999904e-03 6.808297828000000424e-04 4.347665663999999855e-04 -9.249599023000000184e-03 8.556860988000000072e-04 -4.956262989999999855e-03 2.234323776999999796e-03 -5.665716389999999637e-03 9.532269394000000493e-03 -9.586853092000000715e-03 1.036141401999999927e-02 -6.644593820999999609e-03 1.188964718999999982e-02 -1.274026829000000048e-02 1.553071913999999956e-02 -1.379177709999999946e-02 1.704633350000000006e-02 -1.457780453000000025e-02
-1.189554575000000003e-02 1.391277615999999932e-02 -1.507795259999999971e-02 2.532826766000000063e-02 -2.296252801000000024e-02 3.204944863999999866e-02 -3.214720064999999904e-02 4.120390619000000032e-02 -4.659474688999999670e-02 5.850208292999999754e-02 -7.467462027000000557e-02 7.921782405999999721e-02 -1.223332926000000043e-01 1.368205876999999959e-01 -4.186632674999999915e-01 8.014486692000000190e-01 -4.381674854000000008e-01 1.315342495000000056e-01 -1.313765906000000094e-01 7.393415007999999677e-02 -7.931224062000000186e-02 5.335025540999999843e-02 -5.361035076000000149e-02 4.274820019000000193e-02 -4.340416115000000213e-02 3.494813655000000158e-02 -3.526707459000000267e-02 3.056313459999999982e-02 -2.825097606999999941e-02 1.631471862000000161e-02 -1.084124984000000083e-02 1.211178023999999985e-02 -1.671269154000000132e-02 6.286451606999999935e-03 -7.850919030000000354e-03 4.901465096000000299e-03 -8.296359398000000690e-03 3.280996050999999795e-03 -3.056413017999999940e-03 -5.299823250999999812e-03 -1.159748127000000085e-03 6.346512918000000135e-03 -4.080714703000000269e-03 -4.190734372999999603e-06 -1.216646329999999975e-04 3.915497226000000386e-03 -1.428012891999999893e-03 1.286596727000000008e-03 -3.655535700000000143e-04 8.255927015999999646e-03 -7.881694793999999282e-03 3.460777124999999885e-03 -3.549295742000000125e-03 -5.770500799999999644e-04 -5.330684754000000053e-03 5.281097365999999627e-03 -6.305634162000000285e-03 4.687771391999999600e-03 -1.206235706000000074e-02 1.118785238000000008e-02 -1.715548521000000159e-02 7.612884210999999908e-03 -1.505109129999999962e-02 1.273615347000000078e-02
1.022888700000000074e-02 -1.686957465000000003e-02 1.731890277999999922e-02 -2.561727949999999948e-02 1.875759122999999876e-02 -2.891853682000000009e-02 2.816549900000000009e-02 -4.260167396999999662e-02 4.092263724999999769e-02 -6.140339485000000097e-02 6.063129284999999730e-02 -7.667937992999999952e-02 8.468985699999999339e-02 -1.321076669000000037e-01 1.396579084000000026e-01 -4.381674854000000008e-01 8.021794903000000199e-01 -4.106799950000000199e-01 1.359482813000000012e-01 -1.123306795999999969e-01 7.322979161999999820e-02 -6.328907491999999357e-02 4.966733243000000242e-02 -4.234608033000000077e-02 3.644973459999999860e-02 -3.461512281999999663e-02 3.094364033000000097e-02 -3.067675331999999977e-02 2.389202102000000105e-02 -1.684630976000000072e-02 1.065754210999999944e-02 -6.916037558999999814e-03 1.152556553999999935e-02 -8.969099637999999473e-05 5.823142843999999999e-03 1.961755944000000054e-03 3.651372223999999923e-03 -4.175112199000000426e-03 2.218888267999999820e-03 1.937495701000000034e-03 5.629509647000000006e-03 -3.753793926999999826e-03 5.325039388000000345e-03 2.803877366999999918e-04 1.643407316999999975e-03 -4.048060283999999759e-03 7.363970837999999968e-04 -3.444273160000000094e-03 1.656689204000000087e-03 -8.261301036000000264e-03 6.473784310999999847e-03 -5.240858573999999589e-03 3.804364168999999941e-03 -7.123021087999999862e-03 1.083006304000000072e-02 -4.670934758999999853e-03 7.223766874999999928e-03 -2.094345978000000056e-03 4.983020361000000190e-03 -7.875269221000000264e-03 1.442356323000000030e-02 -6.226012199999999587e-03 1.029299367000000021e-02 -6.892703178000000180e-03
-9.374853925999999602e-03 9.645665189999999556e-03 -1.503298066999999953e-02 1.803450557999999870e-02 -1.131774116999999941e-02 2.352069466000000081e-02 -2.032507181000000121e-02 2.432859324000000156e-02 -2.606564076000000146e-02 3.698080659999999908e-02 -4.437295909999999788e-02 4.667240045999999920e-02 -6.298571848999999501e-02 7.220347896999999848e-02 -1.155675936000000043e-01 1.315342495000000056e-01 -4.106799950000000199e-01 8.011436170000000301e-01 -4.439605467000000139e-01 1.358797340000000020e-01 -1.244802041999999997e-01 7.200052497999999412e-02 -7.289703894000000572e-02 4.820675659999999751e-02 -5.277864057000000025e-02 3.817412933000000064e-02 -3.733745364999999788e-02 2.512458219000000131e-02 -2.426905451999999963e-02 1.496449465000000006e-02 -1.180202877000000039e-02 6.093659426999999996e-03 -9.591770939000000482e-03 -8.973386314000000126e-04 -3.300955925000000155e-03 4.623697076000000093e-03 -5.102151035999999938e-03 1.996802189999999887e-03 -4.396839266999999843e-03 -5.424465180000000207e-04 -6.855897887000000045e-03 1.921835118999999951e-03 -6.159590625000000048e-03 5.936468545999999853e-03 -4.659416460000000322e-03 7.994431538000000212e-03 -7.061576974000000409e-03 4.213532903999999725e-03 -4.249071745000000157e-03 9.037457634000000545e-03 -5.231439023999999959e-03 1.723612712999999987e-03 -5.762488009000000036e-03 1.837951601999999974e-03 -8.154767912000000091e-03 3.173403330999999966e-03 -7.030630470999999805e-03 -4.831753704000000269e-04 -2.223073729000000012e-03 1.154588632000000089e-03 -1.003154787999999999e-02 2.253769422000000133e-03 -4.948000860999999737e-03 2.291126352999999991e-03
7.335996075000000144e-03 -9.227829963000000815e-03 1.431669642000000034e-02 -1.993716618000000024e-02 1.486407204999999968e-02 -2.570912565999999844e-02 2.255128852000000059e-02 -3.164347029000000311e-02 3.000040889000000002e-02 -3.812634586000000075e-02 3.859811691000000072e-02 -4.956205890999999808e-02 5.490722345000000060e-02 -7.589969300000000418e-02 7.781337234000000602e-02 -1.313765906000000094e-01 1.359482813000000012e-01 -4.439605467000000139e-01 8.012295811999999851e-01 -4.070208821999999893e-01 1.288938457000000093e-01 -1.064932999999999991e-01 7.081660878999999909e-02 -5.819469995999999867e-02 5.100641736000000037e-02 -4.118972309999999887e-02 3.555494057999999957e-02 -2.620393198999999840e-02 2.125299996999999858e-02 -1.620325187999999833e-02 1.200132744999999994e-02 -1.745591296000000014e-03 7.158998542000000187e-03 3.674644526999999977e-03 3.660367925000000081e-03 1.987346926999999843e-03 4.924339084999999894e-03 -4.937350354999999955e-03 6.799572002000000247e-03 6.193735488000000127e-04 8.178835355000000501e-03 -8.879661989999999144e-03 1.312361496000000009e-02 -1.377689839000000027e-02 8.897438344999999624e-03 -1.192420559000000047e-02 9.798808015000000371e-03 -1.884103308000000107e-03 2.435478220000000023e-03 -8.743187115000000328e-03 8.343436096999999260e-03 -4.507305532000000121e-03 6.983374389000000272e-03 -2.214995949000000096e-03 5.462876044000000014e-03 -4.563193963000000165e-03 6.844969464000000108e-03 3.576826845000000057e-03 3.220852073999999881e-03 -4.256299974000000291e-03 8.094296154999999771e-03 -4.817083732000000326e-03 2.908799029999999987e-03 -1.709011219999999960e-04
-9.241723181000000009e-03 4.037700479000000224e-03 -1.027081824000000004e-02 1.551934532000000082e-02 -1.015923504999999977e-02 2.132167662000000047e-02 -1.903651846999999953e-02 2.552322983000000073e-02 -2.551466629999999888e-02 2.925822701999999942e-02 -3.376750130000000238e-02 3.105081823999999990e-02 -4.163127727999999667e-02 4.873165203999999667e-02 -6.383262119999999484e-02 7.393415007999999677e-02 -1.123306795999999969e-01 1.358797340000000020e-01 -4.070208821999999893e-01 8.033943102999999697e-01 -4.360724341000000170e-01 1.337948945000000112e-01 -1.279298794000000017e-01 7.052620336999999850e-02 -7.526049173000000370e-02 5.051340604000000012e-02 -5.034908801000000100e-02 3.740325023999999804e-02 -3.382162244999999817e-02 2.212587062999999896e-02 -2.153311515000000051e-02 1.204508699999999946e-02 -1.206271287000000060e-02 3.679380018999999814e-03 -7.801395059999999791e-03 5.502146525999999926e-03 -1.077425641999999947e-02 5.155148636999999645e-03 -9.697128725000000310e-03 3.395300620000000092e-03 -1.034172321999999970e-02 6.441128009999999918e-03 -8.141263757000000156e-03 6.301045025000000244e-03 -5.663658091000000304e-03 1.253177515999999957e-02 -1.427254009000000073e-02 6.686813017000000151e-03 -1.231385452999999956e-02 1.289349604000000066e-02 -1.180600966000000009e-02 8.134529842999999386e-03 -1.037169855000000078e-02 8.679245430999999941e-03 -1.042678158999999979e-02 -1.904265846999999906e-03 -8.170799144999999278e-03 -4.073325794999999895e-03 -3.032197630000000015e-03 1.452688800999999991e-03 -7.522487139999999885e-03 8.279590288999999796e-04 -4.017757561999999762e-03 -5.316818811000000294e-04
3.494635028000000164e-03 -3.535604018999999841e-03 1.407912769000000015e-02 -1.745496801999999945e-02 1.510306255999999993e-02 -2.461425512999999843e-02 1.523651441000000058e-02 -2.589117113999999872e-02 1.928117526999999914e-02 -2.669363322999999955e-02 2.998878996000000144e-02 -2.991858009000000068e-02 3.159990482999999739e-02 -4.662365839000000289e-02 5.188014645999999841e-02 -7.931224062000000186e-02 7.322979161999999820e-02 -1.244802041999999997e-01 1.288938457000000093e-01 -4.360724341000000170e-01 8.023540706999999772e-01 -4.161983303999999828e-01 1.357510742999999964e-01 -1.153863128999999960e-01 7.946980966000000146e-02 -6.621883075999999979e-02 4.861587778999999776e-02 -4.311459780000000130e-02 3.540906581000000108e-02 -2.641390320999999902e-02 2.249871813999999859e-02 -1.116132235000000077e-02 2.209601346000000105e-02 -1.256186171000000032e-02 1.956120705999999862e-02 -1.366624561000000064e-02 1.448620964000000080e-02 -1.270509818999999985e-02 1.057463582000000082e-02 -8.525601888000000628e-03 1.332954729000000033e-02 -8.857287171000000764e-03 1.203254911000000045e-02 -8.906788084000000216e-03 5.400326098000000040e-03 -6.840060537000000260e-03 1.056412609000000058e-02 -4.747499149999999911e-03 1.334192139999999978e-02 -1.049918030000000085e-02 9.120657116000000300e-03 -2.577415399000000142e-03 5.190800695000000013e-03 -3.312566411999999950e-03 8.269866654000000705e-03 5.654773127000000017e-04 5.206076282000000194e-03 4.054752194000000101e-03 4.508223674000000347e-03 -3.548295197000000002e-03 5.588815282999999752e-03 -1.447858227999999957e-03 2.487711083000000191e-03 5.431376199999999980e-03
-9.344915050999999875e-03 8.099012581999999461e-03 -1.632764848999999907e-02 1.732797181999999950e-02 -1.841132072999999980e-02 2.164111239999999894e-02 -1.256321669000000016e-02 2.517029462999999939e-02 -2.042636252000000138e-02 2.130452802000000131e-02 -3.045712583000000084e-02 2.297354891999999968e-02 -3.173398411000000197e-02 3.295325030000000044e-02 -4.427326271999999785e-02 5.335025540999999843e-02 -6.328907491999999357e-02 7.200052497999999412e-02 -1.064932999999999991e-01 1.337948945000000112e-01 -4.161983303999999828e-01 8.010347853000000518e-01 -4.371638619000000059e-01 1.314489973000000089e-01 -1.264426566999999890e-01 7.446636383999999387e-02 -6.870736838999999541e-02 4.906832961000000271e-02 -4.864137384000000175e-02 3.212570672000000099e-02 -3.003109934999999980e-02 1.515656360000000070e-02 -2.381100790000000023e-02 1.262308315999999958e-02 -2.021304772999999930e-02 1.109536415999999928e-02 -1.725636080999999947e-02 1.236053374999999954e-02 -1.033215726000000050e-02 7.651446965999999725e-03 -7.313545634999999920e-03 1.491645410000000047e-02 -1.394791375999999972e-02 1.033356761000000026e-02 -1.127410692999999964e-02 1.217398454999999921e-02 -1.588465327000000010e-02 9.323688533000000153e-03 -1.210891792000000008e-02 1.051712559000000068e-02 -1.410274042999999991e-02 6.681353565000000029e-03 -8.710684567000000558e-03 2.499575977999999969e-03 -6.874320837999999857e-03 -1.923415616000000074e-03 -5.992503562000000075e-03 -3.283214358999999877e-03 -6.898124165000000044e-03 2.392776964000000155e-03 -1.094294477000000085e-02 2.925971230999999811e-03 -9.806656675999999434e-03 -1.420652169000000088e-03
9.279041299000000131e-03 -4.306344616999999847e-03 1.472505900000000041e-02 -2.071321619000000142e-02 1.696780957999999978e-02 -1.972677179000000003e-02 1.304881196000000007e-02 -2.319491724999999879e-02 1.867522246999999899e-02 -2.109388774999999827e-02 2.486238078999999934e-02 -2.354311503999999972e-02 2.653881230999999979e-02 -3.340458830999999684e-02 3.854882718000000180e-02 -5.361035076000000149e-02 4.966733243000000242e-02 -7.289703894000000572e-02 7.081660878999999909e-02 -1.279298794000000017e-01 1.357510742999999964e-01 -4.371638619000000059e-01 8.018635936000000353e-01 -4.104947930999999772e-01 1.293151064999999988e-01 -1.069115367999999983e-01 7.131319597999999371e-02 -6.277150556999999687e-02 4.781811672999999874e-02 -3.836688805999999979e-02 3.524480379000000108e-02 -2.275578597999999841e-02 2.564171071000000135e-02 -1.336572605000000032e-02 1.904158568000000051e-02 -1.031857310999999972e-02 2.012820752000000005e-02 -1.522472612999999954e-02 1.452528716000000067e-02 -7.268505740999999833e-03 7.211240786000000166e-03 -1.241549223999999924e-02 1.325927244000000074e-02 -9.559863877000000440e-03 6.955847636999999868e-03 -1.485009974999999989e-02 1.677728075000000166e-02 -9.302625066000000734e-03 1.301737572000000003e-02 -7.463810216000000414e-03 1.486031672000000074e-02 -8.516056480999999526e-03 1.152114389000000010e-02 -7.037909775000000118e-03 9.759548261999999655e-03 -4.073491452000000193e-03 8.932332220000000281e-03 -2.392895707000000129e-03 7.308752544000000385e-03 -2.409931736999999796e-03 1.051354378000000055e-02 -1.998501575000000054e-03 8.134289415000000786e-03 -8.468730712000000459e-04
-6.268225964000000150e-03 6.219443345999999765e-04 -9.818699523999999818e-03 1.200378063000000044e-02 -7.504726003000000180e-03 6.473505576000000358e-03 -4.457763858999999607e-03 8.609467327000000850e-03 -8.852537743999999362e-03 1.212671050000000035e-02 -1.886920301999999924e-02 1.913396581000000041e-02 -2.536307327000000139e-02 2.595405542000000024e-02 -3.492333143000000278e-02 4.274820019000000193e-02 -4.234608033000000077e-02 4.820675659999999751e-02 -5.819469995999999867e-02 7.052620336999999850e-02 -1.153863128999999960e-01 1.314489973000000089e-01 -4.104947930999999772e-01 8.023018141000000103e-01 -4.339773277000000262e-01 1.295279622000000130e-01 -1.256191795000000111e-01 7.236543966000000272e-02 -6.819005456000000465e-02 4.192582746000000221e-02 -3.713853314999999988e-02 2.278371880000000169e-02 -2.558793413000000003e-02 1.865274666000000039e-02 -2.328776938000000005e-02 1.739029827000000000e-02 -2.513152201000000072e-02 2.112249101000000101e-02 -1.868749311999999899e-02 1.205698743999999989e-02 -1.222722985999999921e-02 1.504266217000000024e-02 -2.063028160000000139e-02 1.281869643000000010e-02 -1.416942040999999951e-02 1.326822643000000017e-02 -1.517541180000000003e-02 1.448165080999999979e-02 -1.578288711999999844e-02 3.897527022999999931e-03 -8.048063867999999399e-03 7.503639299000000422e-03 -1.276868874000000077e-02 8.336295041000000780e-03 -1.399204362000000014e-02 8.250682641000000109e-03 -1.447669130000000040e-02 5.178242985999999964e-03 -1.426831966999999972e-02 4.413824172999999962e-03 -1.341376302000000034e-02 1.850309537000000091e-03 -4.549335415999999910e-03 -2.297744713000000188e-03
