Spin-spin correlation function <S_i S_j>
2.174454535     -1.319936952    0.3619068733    -0.6236246996   0.1251841518    -0.02920417566  0.1136629964    -0.02068470811  0.09294981511   -0.03705349811  0.05796345933   -0.115728484    0.1881989425    -0.00867375564  -0.008270003809 -0.09219788519  -0.05313497763  -0.09176278851  0.09547191385   0.03611949052   -0.06817078846  0.03700259052   -0.06141202326  0.02700856138   -0.01246567689  0.08154663162   -0.06403266186  -0.1763386322   0.100414057     0.0246232333    0.2366941436    -0.1420992591   -0.03036518323  0.0640144599    0.221922856     -0.1734813847   0.1349733174    -0.1925153237   0.2271594681    -1.787113403   
-1.319936952    2.228461684     -1.83828292     0.2719877355    -0.2271454212   -0.008019191147 -0.09227803074  0.07641488778   -0.1435762941   0.08068867199   -0.01386829739  0.1844744639    -0.2375508033   0.08332679695   -0.01347153386  0.07552503006   0.03932917502   0.09722096123   0.108866353     -0.06911247965  0.1282043332    -0.09986765547  0.1344973745    0.002541908028  -0.03094122668  -0.07065233143  -0.004277273889 0.2943563241    -0.253884128    0.0547311178    -0.3291012238   0.06456828894   0.08212992829   -0.141787736    -0.08904687407  0.1729078801    -1.471386836    0.3462659943    -0.2929172364   0.4896809887   
0.3619068733    -1.83828292     2.105835594     -1.613303352    0.3705889367    0.02732434366   0.01516444104   -0.2789298587   0.1539028073    -0.1799994072   0.07897658695   -0.1221639846   0.1466436053    -0.04383816759  0.01556830552   -0.04488877036  0.06497994986   -0.1527562488   -0.09321237775  0.01182060474   0.01719607546   0.02152201715   -0.06437231513  0.008579223945  -0.01224635453  0.06021526807   -0.01542129532  -0.3778049337   1.340260584     -0.05992600162  2.627129671     -0.5215721877   0.002484136314  0.08920654842   0.1125241937    -0.1739955204   4.662686408     -0.2746824332   0.1808980425    -0.8744162721  
-0.6236246996   0.2719877355    -1.613303352    2.159089872     -1.206770837    0.116159969     -0.3373885438   0.05585117957   -0.107488578    -0.05081508311  -0.02325943037  0.07795886209   -0.124455612    -0.02505938562  0.05453670653   0.1491134285    -0.06085843254  0.1277007012    0.04632058642   -0.04231616508  0.05081012133   -0.004306844862 0.05115636677   -0.1125614779   0.05547333019   0.04052148149   -0.1108703493   0.1108644326    -0.2005977279   0.06666096723   -0.4215392429   0.1896963299    0.0137246963    -0.003257423964 -0.1773058307   0.4955996214    -2.574563502    0.1128186263    -0.2277309661   0.34410773     
0.1251841518    -0.2271454212   0.3705889367    -1.206770837    2.317849001     -0.9744758581   0.3125886164    -0.06230306629  0.08286752546   0.04884200352   0.2543841096    -0.1395129082   0.1191769537    0.04601464143   -0.1359220793   -0.3144738346   0.1187979084    -0.06413170027  0.01609605433   -0.0111930311   -0.1152343301   0.02379690272   -0.1031032781   0.1096170488    -0.05407055972  -0.163152516    0.2877930021    0.01189235752   0.1543342563    -0.1502225055   0.2381393601    -0.2683236604   -0.0479494314   0.1451178541    0.2160948816    -0.279736434    0.8564492383    -0.3626377021   0.2754922337    -0.3968771756  
-0.02920417566  -0.008019191147 0.02732434366   0.116159969     -0.9744758581   2.368646167     -1.545056197    -0.03667605847  -0.07915979107  0.1815213836    -0.5857051615   0.2026868148    -0.5858242316   0.02900958674   0.109286666     0.2241577893    -0.07833865209  0.03771255172   -0.09377902023  0.009330083913  0.1784082301    -0.001982398881 0.07188504412   -0.05406126475  -0.04479729507  0.2217427849    -0.2260896002   -0.1897685192   -0.06368590407  0.06563069835   -0.06621093546  0.05864588612   0.09829674211   -0.1299230986   -0.0253438227   -0.05257566263  -0.2867121096   0.1523650119    -0.1157980975   0.08953082549  
0.1136629964    -0.09227803074  0.01516444104   -0.3373885438   0.3125886164    -1.545056197    2.354824596     -0.8193105022   0.3242991772    -0.5802842427   2.338278799     -1.53953006     0.9518803576    -1.795289107    -0.05026790209  -0.1263936208   -0.03268273666  -0.1275682491   0.05708724103   0.03181548104   -0.2186872133   -0.05299510143  -0.03292336388  0.001625526624  0.08789901288   -0.1883489784   0.2104955603    0.2638317942    -0.04013882921  0.02002422243   0.2027246713    -0.2612534845   -0.02865960153  0.01348412197   0.07243442969   0.01679323875   0.1459201206    -0.001462436808 0.1293642881    -0.2022832169  
-0.02068470811  0.07641488778   -0.2789298587   0.05585117957   -0.06230306629  -0.03667605847  -0.8193105022   2.263664245     -2.055757175    1.082192311     -3.192595051    0.3389095224    -0.5412771406   0.0557355426    -0.1426229444   -0.01280887171  0.06452941025   -0.0367513962   0.1006716479    -0.02341249989  -0.2884737236   -0.01533011474  -0.1704150388   -0.07026498826  -0.9647377338   -0.1292023727   0.0536448862    0.3661448795    -0.1077683016   0.1534074171    0.1241240529    -0.05223329167  0.01075700941   0.04033256748   -0.1620055679   0.1268027302    0.08427169803   0.03612440212   -0.1119003271   0.02971299182  
0.09294981511   -0.1435762941   0.1539028073    -0.107488578    0.08286752546   -0.07915979107  0.3242991772    -2.055757175    2.25564982      -0.8454970629   1.01461049      -1.475101801    4.64003068      -0.2526497535   0.1324614583    -0.02725277101  -0.02820273275  0.01792536988   -0.1545309243   0.1985444754    0.03776821197   0.1868559974    -0.09393371365  0.1398685312    -0.05476910341  0.1446019155    -0.04586820627  -0.3063392939   0.1231087408    -0.1643472799   -0.03451586105  -0.5010675376   0.09632868662   0.01466095398   0.1509131396    -0.1908161606   -0.01396456571  -0.09270052915  0.1699405445    -0.03946309886 
-0.03705349811  0.08068867199   -0.1799994072   -0.05081508311  0.04884200352   0.1815213836    -0.5802842427   1.082192311     -0.8454970629   2.167879229     -2.249711955    0.4551133206    -0.5174170733   0.4204554379    -0.3380631838   -0.09902697882  0.009348735785  -0.03737804114  -0.008664109335 -0.05690592355  -0.1085484349   -0.04118357751  -0.05434482399  0.09612007617   -0.107048539    0.02938993291   0.02873972519   0.1595954496    -0.06217851163  0.09165695296   0.02174138784   0.0247035931    0.09608207387   -0.04241217729  0.08235764386   -0.09361727778  0.03661602835   0.04427636761   -0.02475535279  -0.008719843389
0.05796345933   -0.01386829739  0.07897658695   -0.02325943037  0.2543841096    -0.5857051615   2.338278799     -3.192595051    1.01461049      -2.249711955    2.12783305      -0.5988655814   0.2645391812    -0.2029787637   0.1466521364    0.1002893917    -0.05614246794  0.09176741064   0.08458031774   0.01268696248   0.03054396768   0.06267350347   0.04634044191   -0.06845513935  0.1126675974    -0.02377562619  -0.06229296522  -0.1836536724   0.0565980984    -0.05984716571  0.1216841656    -0.05949639302  -0.07978812554  0.06202436556   -0.03858825077  0.06725640887   -0.06711191731  -0.02487772577  -0.037585059    -0.002130579329
-0.115728484    0.1844744639    -0.1221639846   0.07795886209   -0.1395129082   0.2026868148    -1.53953006     0.3389095224    -1.475101801    0.4551133206    -0.5988655814   2.266912379     -1.668075892    0.278277639     -0.2132107063   0.09138098127   -0.086556134    0.276537976     -0.1665809108   -0.008119221758 -0.2165096835   0.0213486614    -0.0628393927   0.1799576595    -0.1390378665   0.08929477458   -0.2055380371   0.1128180196    0.06210262266   -0.0374099916   0.02346691652   -0.002603857263 0.1767779499    -0.166939121    0.06500399887   0.0301860395    0.02097387284   -0.004703430621 -0.1358155644   0.05139451755  
0.1881989425    -0.2375508033   0.1466436053    -0.124455612    0.1191769537    -0.5858242316   0.9518803576    -0.5412771406   4.64003068      -0.5174170733   0.2645391812    -1.668075892    2.301529656     -0.62623835     0.121858806     -0.1200741657   -0.009184868607 -0.06869869183  -0.03887119503  0.1346563263    -0.07579346842  0.0305657494    0.071756615     -0.1266198636   0.1055631458    -0.03203590806  0.1931539082    -0.0986666728   -0.04877203341  0.03481053122   0.04770844855   -0.1856639706   -0.1522574416   0.152393452     -0.05466177992  -0.03212244567  -0.004591176418 0.0105274601    0.1375935617    -0.07244748339 
-0.00867375564  0.08332679695   -0.04383816759  -0.02505938562  0.04601464143   0.02900958674   -1.795289107    0.0557355426    -0.2526497535   0.4204554379    -0.2029787637   0.278277639     -0.62623835     2.285352425     -1.665504345    0.2962457217    -0.411514018    0.1813074492    -0.2238844806   0.2283913592    -0.4384770842   0.1337083281    -0.2329059114   0.2287193846    -0.1381384863   0.1609573523    -0.1949218172   0.06818204795   0.04284588444   -0.01666345312  -0.08585710243  0.04478903971   0.02579305728   0.04243002661   0.01888719781   -0.1145427235   0.06042081061   0.1500530991    -0.1005535885   -0.09738314248 
-0.008270003809 -0.01347153386  0.01556830552   0.05453670653   -0.1359220793   0.109286666     -0.05026790209  -0.1426229444   0.1324614583    -0.3380631838   0.1466521364    -0.2132107063   0.121858806     -1.665504345    2.297497461     -0.665376547    0.7510780189    -0.4797190572   1.396054596     -0.3906942252   0.1739952734    -0.1251817442   0.1388047634    -0.1204799323   0.04247280495   0.01010846854   0.003549625406  -0.3348154349   0.03782305583   -0.1533791675   0.1503838108    -0.04137557061  0.02418389493   -0.02533485798  0.01043790723   -0.003830016265 -0.07824335148  -0.1687388908   0.1276197596    0.09081815189  
-0.09219788519  0.07552503006   -0.04488877036  0.1491134285    -0.3144738346   0.2241577893    -0.1263936208   -0.01280887171  -0.02725277101  -0.09902697882  0.1002893917    0.09138098127   -0.1200741657   0.2962457217    -0.665376547    2.332882517     -1.020179691    1.168025427     -1.879362665    0.4649991438    -0.2629733408   0.08372273243   0.02596466724   -0.09112071375  0.04456802533   0.297369984     -0.2282690117   -0.006738334478 -0.1693130626   0.2400778112    -0.21512195     0.09763140733   0.1351640082    -0.1289466042   -0.2863408912   0.2304700973    -0.1997243735   0.1817196819    -0.4115428968   0.1356381257   
-0.05313497763  0.03932917502   0.06497994986   -0.06085843254  0.1187979084    -0.07833865209  -0.03268273666  0.06452941025   -0.02820273275  0.009348735785  -0.05614246794  -0.086556134    -0.009184868607 -0.411514018    0.7510780189    -1.020179691    2.101521307     -1.401381709    0.2248457374    -0.4827824562   0.3428585278    -0.0185078129   0.1013065678    -0.009916699244 0.001388283302  -0.2500365162   0.1569744908    -0.04829346396  0.4371340083    -0.1828481483   0.1083633302    -0.09251113124  -0.06021566553  0.03739391652   0.1310560489    -0.01081031601  0.1908989842    -0.1766085014   0.3487784283    -0.02105639035 
-0.09176278851  0.09722096123   -0.1527562488   0.1277007012    -0.06413170027  0.03771255172   -0.1275682491   -0.0367513962   0.01792536988   -0.03737804114  0.09176741064   0.276537976     -0.06869869183  0.1813074492    -0.4797190572   1.168025427     -1.401381709    2.037566867     -1.104489042    0.3977648937    -0.4809318933   0.06271677746   0.03159752188   0.02695878427   0.027603272     0.144320769     -0.06020563526  -0.08481664641  -0.1715105135   0.0674618487    -0.174752112    0.1470646884    0.03909882317   -0.03313336749  -0.08133561534  0.08370584708   -0.1444936142   0.006377656257  -0.1010948828   0.1092507907   
0.09547191385   0.108866353     -0.09321237775  0.04632058642   0.01609605433   -0.09377902023  0.05708724103   0.1006716479    -0.1545309243   -0.008664109335 0.08458031774   -0.1665809108   -0.03887119503  -0.2238844806   1.396054596     -1.879362665    0.2248457374    -1.104489042    2.160169288     -1.532418738    0.6060795039    -0.190923048    0.4568839442    -0.1732069205   0.07246276027   -0.4763078428   0.1691757576    -0.1129997204   0.3231487165    -0.05068372101  0.1070217785    -0.0812348229   0.007645484194  -0.1065661544   -0.09547834421  0.1422227245    0.007234047667  -0.02327503788  0.3762936529    -0.00160939249 
0.03611949052   -0.06911247965  0.01182060474   -0.04231616508  -0.0111930311   0.009330083913  0.03181548104   -0.02341249989  0.1985444754    -0.05690592355  0.01268696248   -0.008119221758 0.1346563263    0.2283913592    -0.3906942252   0.4649991438    -0.4827824562   0.3977648937    -1.532418738    2.213518912     -1.16287894     0.1623655026    -0.1067046567   0.1250473386    -0.1274319812   0.2489211064    -0.02077681893  0.06259783369   0.03148051407   -0.04841751626  -0.1959089452   0.09510169757   -0.03435062322  -0.02854765614  0.1440215632    -0.1470021242   0.07628204463   -0.119324503    0.09907851659   0.08177340446  
-0.06817078846  0.1282043332    0.01719607546   0.05081012133   -0.1152343301   0.1784082301    -0.2186872133   -0.2884737236   0.03776821197   -0.1085484349   0.03054396768   -0.2165096835   -0.07579346842  -0.4384770842   0.1739952734    -0.2629733408   0.3428585278    -0.4809318933   0.6060795039    -1.16287894     2.177362495     -0.9772162653   0.3276933358    -0.05676802667  0.0538526351    -0.1847798863   -0.04084557232  -0.4077671267   0.2250782968    -0.1418280342   0.1748000929    -0.05794512659  0.09889882069   -0.06129983885  -0.1088234317   -0.02649530363  0.01054677833   0.01445488128   -0.02126270595  0.0429684099   
0.03700259052   -0.09986765547  0.02152201715   -0.004306844862 0.02379690272   -0.001982398881 -0.05299510143  -0.01533011474  0.1868559974    -0.04118357751  0.06267350347   0.0213486614    0.0305657494    0.1337083281    -0.1251817442   0.08372273243   -0.0185078129   0.06271677746   -0.190923048    0.1623655026    -0.9772162653   2.170808534     -1.591869667    0.4359363139    -0.4214462571   0.294824882     -0.1341933114   -0.00644267935  0.03702025827   -0.05591157873  -0.186102146    0.1090006946    -0.1780674455   0.1462481311    0.0949730103    -0.1098568459   -0.007333009369 -0.01136506362  0.06407923836   -0.06368607534 
-0.06141202326  0.1344973745    -0.06437231513  0.05115636677   -0.1031032781   0.07188504412   -0.03292336388  -0.1704150388   -0.09393371365  -0.05434482399  0.04634044191   -0.0628393927   0.071756615     -0.2329059114   0.1388047634    0.02596466724   0.1013065678    0.03159752188   0.4568839442    -0.1067046567   0.3276933358    -1.591869667    2.161079696     -0.8478086583   0.3332854072    -0.5178573518   0.1300513572    -0.2059469552   0.2291956135    -0.00117271532  -0.05493079414  0.0270730712    0.1411729821    -0.1794092663   -0.1233869088   0.1286084061    -0.03433855058  -0.05137115275  -0.1207903534   0.1254450237   
0.02700856138   0.002541908028  0.008579223945  -0.1125614779   0.1096170488    -0.05406126475  0.001625526624  -0.07026498826  0.1398685312    0.09612007617   -0.06845513935  0.1799576595    -0.1266198636   0.2287193846    -0.1204799323   -0.09112071375  -0.009916699244 0.02695878427   -0.1732069205   0.1250473386    -0.05676802667  0.4359363139    -0.8478086583   2.197017697     -1.956948398    0.2871606192    -0.2527235188   0.9179232393    0.03955877311   -0.02422377729  0.01608837758   -0.02755035484  -0.0412516563   0.04268083244   0.2259523466    -0.2113559558   0.06660219421   -0.05530215612  0.1578037539    -0.04980124962 
-0.01246567689  -0.03094122668  -0.01224635453  0.05547333019   -0.05407055972  -0.04479729507  0.08789901288   -0.9647377338   -0.05476910341  -0.107048539    0.1126675974    -0.1390378665   0.1055631458    -0.1381384863   0.04247280495   0.04456802533   0.001388283302  0.027603272     0.07246276027   -0.1274319812   0.0538526351    -0.4214462571   0.3332854072    -1.956948398    2.091506018     -1.339066925    0.197448212     -0.561681698    0.3913467154    -0.009498701836 0.1680208959    -0.05885155095  0.04935966503   -0.0403684173   -0.04978264469  0.09710908511   -0.1275446012   0.07562346345   -0.02930815054  0.04901039968  
0.08154663162   -0.07065233143  0.06021526807   0.04052148149   -0.163152516    0.2217427849    -0.1883489784   -0.1292023727   0.1446019155    0.02938993291   -0.02377562619  0.08929477458   -0.03203590806  0.1609573523    0.01010846854   0.297369984     -0.2500365162   0.144320769     -0.4763078428   0.2489211064    -0.1847798863   0.294824882     -0.5178573518   0.2871606192    -1.339066925    2.131081837     -1.28161101     0.4048086839    -0.1621331087   0.08833662341   -0.2851090075   0.1885569631    -0.05654772429  0.07319598382   0.1007200207    -0.1388914545   0.006940397519  -0.06333952416  0.0536296912    -0.07342207041 
-0.06403266186  -0.004277273889 -0.01542129532  -0.1108703493   0.2877930021    -0.2260896002   0.2104955603    0.0536448862    -0.04586820627  0.02873972519   -0.06229296522  -0.2055380371   0.1931539082    -0.1949218172   0.003549625406  -0.2282690117   0.1569744908    -0.06020563526  0.1691757576    -0.02077681893  -0.04084557232  -0.1341933114   0.1300513572    -0.2527235188   0.197448212     -1.28161101     2.33637421      -0.8737511517   0.292876678     -0.1593523741   0.08704795927   -0.06990135477  -0.04350768229  -0.04696446077  -0.133557665    0.1034296445    0.04605284907   -0.03180979741  0.06764368284   0.0799464348   
-0.1763386322   0.2943563241    -0.3778049337   0.1108644326    0.01189235752   -0.1897685192   0.2638317942    0.3661448795    -0.3063392939   0.1595954496    -0.1836536724   0.1128180196    -0.0986666728   0.06818204795   -0.3348154349   -0.006738334478 -0.04829346396  -0.08481664641  -0.1129997204   0.06259783369   -0.4077671267   -0.00644267935  -0.2059469552   0.9179232393    -0.561681698    0.4048086839    -0.8737511517   2.394424858     -0.5197100264   0.2263945873    0.183929302     0.03148103314   -0.136762754    0.3610409021    -0.02286593634  0.6707354901    0.102686612     0.1072170958    -0.1711922781   -0.07955309932 
0.100414057     -0.253884128    1.340260584     -0.2005977279   0.1543342563    -0.06368590407  -0.04013882921  -0.1077683016   0.1231087408    -0.06217851163  0.0565980984    0.06210262266   -0.04877203341  0.04284588444   0.03782305583   -0.1693130626   0.4371340083    -0.1715105135   0.3231487165    0.03148051407   0.2250782968    0.03702025827   0.2291956135    0.03955877311   0.3913467154    -0.1621331087   0.292876678     -0.5197100264   2.131509846     -2.013461534    0.1814683829    -1.262570215    0.8350058114    -3.817514011    0.3723690017    -2.979123373    0.1986388146    -0.3482196696   0.8993358228    -0.4330849604  
0.0246232333    0.0547311178    -0.05992600162  0.06666096723   -0.1502225055   0.06563069835   0.02002422243   0.1534074171    -0.1643472799   0.09165695296   -0.05984716571  -0.0374099916   0.03481053122   -0.01666345312  -0.1533791675   0.2400778112    -0.1828481483   0.0674618487    -0.05068372101  -0.04841751626  -0.1418280342   -0.05591157873  -0.00117271532  -0.02422377729  -0.009498701836 0.08833662341   -0.1593523741   0.2263945873    -2.013461534    2.206627998     -0.5781625114   1.439458169     -0.4218376409   5.634170241     -0.7326441767   0.2751858886    -0.1571571159   0.165574        -0.07679547388  -0.0470431985  
0.2366941436    -0.3291012238   2.627129671     -0.4215392429   0.2381393601    -0.06621093546  0.2027246713    0.1241240529    -0.03451586105  0.02174138784   0.1216841656    0.02346691652   0.04770844855   -0.08585710243  0.1503838108    -0.21512195     0.1083633302    -0.174752112    0.1070217785    -0.1959089452   0.1748000929    -0.186102146    -0.05493079414  0.01608837758   0.1680208959    -0.2851090075   0.08704795927   0.183929302     0.1814683829    -0.5781625114   2.213709628     -2.554279877    0.51542904      -0.9378683852   0.6069205217    -0.5145738511   0.2802947646    -1.008126468    0.469455961     -0.3272596264  
-0.1420992591   0.06456828894   -0.5215721877   0.1896963299    -0.2683236604   0.05864588612   -0.2612534845   -0.05223329167  -0.5010675376   0.0247035931    -0.05949639302  -0.002603857263 -0.1856639706   0.04478903971   -0.04137557061  0.09763140733   -0.09251113124  0.1470646884    -0.0812348229   0.09510169757   -0.05794512659  0.1090006946    0.0270730712    -0.02755035484  -0.05885155095  0.1885569631    -0.06990135477  0.03148103314   -1.262570215    1.439458169     -2.554279877    2.04849056      -0.9715991446   0.2675222417    -0.1510512848   0.1506101682    -0.6908037319   0.1715400716    -0.07462527396  0.1375093047   
-0.03036518323  0.08212992829   0.002484136314  0.0137246963    -0.0479494314   0.09829674211   -0.02865960153  0.01075700941   0.09632868662   0.09608207387   -0.07978812554  0.1767779499    -0.1522574416   0.02579305728   0.02418389493   0.1351640082    -0.06021566553  0.03909882317   0.007645484194  -0.03435062322  0.09889882069   -0.1780674455   0.1411729821    -0.0412516563   0.04935966503   -0.05654772429  -0.04350768229  -0.136762754    0.8350058114    -0.4218376409   0.51542904      -0.9715991446   2.17947437      -1.804312521    0.1871350118    -0.08261166721  0.2706735481    -0.1225671088   0.05411891502   0.02615393514  
0.0640144599    -0.141787736    0.08920654842   -0.003257423964 0.1451178541    -0.1299230986   0.01348412197   0.04033256748   0.01466095398   -0.04241217729  0.06202436556   -0.166939121    0.152393452     0.04243002661   -0.02533485798  -0.1289466042   0.03739391652   -0.03313336749  -0.1065661544   -0.02854765614  -0.06129983885  0.1462481311    -0.1794092663   0.04268083244   -0.0403684173   0.07319598382   -0.04696446077  0.3610409021    -3.817514011    5.634170241     -0.9378683852   0.2675222417    -1.804312521    2.221720224     -1.028928089    0.04519941857   -0.0513713259   -0.02582872395  0.02597170702   -0.08799313761 
0.221922856     -0.08904687407  0.1125241937    -0.1773058307   0.2160948816    -0.0253438227   0.07243442969   -0.1620055679   0.1509131396    0.08235764386   -0.03858825077  0.06500399887   -0.05466177992  0.01888719781   0.01043790723   -0.2863408912   0.1310560489    -0.08133561534  -0.09547834421  0.1440215632    -0.1088234317   0.0949730103    -0.1233869088   0.2259523466    -0.04978264469  0.1007200207    -0.133557665    -0.02286593634  0.3723690017    -0.7326441767   0.6069205217    -0.1510512848   0.1871350118    -1.028928089    2.307497725     -1.35929884     0.2904110851    -0.1203757687   0.3637264238    -0.2215396058  
-0.1734813847   0.1729078801    -0.1739955204   0.4955996214    -0.279736434    -0.05257566263  0.01679323875   0.1268027302    -0.1908161606   -0.09361727778  0.06725640887   0.0301860395    -0.03212244567  -0.1145427235   -0.003830016265 0.2304700973    -0.01081031601  0.08370584708   0.1422227245    -0.1470021242   -0.02649530363  -0.1098568459   0.1286084061    -0.2113559558   0.09710908511   -0.1388914545   0.1034296445    0.6707354901    -2.979123373    0.2751858886    -0.5145738511   0.1506101682    -0.08261166721  0.04519941857   -1.35929884     2.353045605     -1.33078161     0.4408202172    -0.6903370527   0.1851807923   
0.1349733174    -1.471386836    4.662686408     -2.574563502    0.8564492383    -0.2867121096   0.1459201206    0.08427169803   -0.01396456571  0.03661602835   -0.06711191731  0.02097387284   -0.004591176418 0.06042081061   -0.07824335148  -0.1997243735   0.1908989842    -0.1444936142   0.007234047667  0.07628204463   0.01054677833   -0.007333009369 -0.03433855058  0.06660219421   -0.1275446012   0.006940397519  0.04605284907   0.102686612     0.1986388146    -0.1571571159   0.2802947646    -0.6908037319   0.2706735481    -0.0513713259   0.2904110851    -1.33078161     2.300162656     -1.241880897    4.264219907     -0.1514140321  
-0.1925153237   0.3462659943    -0.2746824332   0.1128186263    -0.3626377021   0.1523650119    -0.001462436808 0.03612440212   -0.09270052915  0.04427636761   -0.02487772577  -0.004703430621 0.0105274601    0.1500530991    -0.1687388908   0.1817196819    -0.1766085014   0.006377656257  -0.02327503788  -0.119324503    0.01445488128   -0.01136506362  -0.05137115275  -0.05530215612  0.07562346345   -0.06333952416  -0.03180979741  0.1072170958    -0.3482196696   0.165574        -1.008126468    0.1715400716    -0.1225671088   -0.02582872395  -0.1203757687   0.4408202172    -1.241880897    2.29759334      -0.8923121399   -0.0365845393  
0.2271594681    -0.2929172364   0.1808980425    -0.2277309661   0.2754922337    -0.1157980975   0.1293642881    -0.1119003271   0.1699405445    -0.02475535279  -0.037585059    -0.1358155644   0.1375935617    -0.1005535885   0.1276197596    -0.4115428968   0.3487784283    -0.1010948828   0.3762936529    0.09907851659   -0.02126270595  0.06407923836   -0.1207903534   0.1578037539    -0.02930815054  0.0536296912    0.06764368284   -0.1711922781   0.8993358228    -0.07679547388  0.469455961     -0.07462527396  0.05411891502   0.02597170702   0.3637264238    -0.6903370527   4.264219907     -0.8923121399   2.301693202     -0.7223029124  
-1.787113403    0.4896809887    -0.8744162721   0.34410773      -0.3968771756   0.08953082549   -0.2022832169   0.02971299182   -0.03946309886  -0.008719843389 -0.002130579329 0.05139451755   -0.07244748339  -0.09738314248  0.09081815189   0.1356381257    -0.02105639035  0.1092507907    -0.00160939249  0.08177340446   0.0429684099    -0.06368607534  0.1254450237    -0.04980124962  0.04901039968   -0.07342207041  0.0799464348    -0.07955309932  -0.4330849604   -0.0470431985   -0.3272596264   0.1375093047    0.02615393514   -0.08799313761  -0.2215396058   0.1851807923    -0.1514140321   -0.0365845393   -0.7223029124   2.195890882    

2.269110171      -0.6605944393    0.1586408982     -0.1927401437    0.2857847168     0.01467729241    0.04462423363    -0.1303950147    0.1247151833     -0.09843234973   0.07716737942    -0.2602892874    0.287502463      -0.08159045646   0.103848864      -0.1617925753    -0.09110572512   0.2415529269     0.03062648324    -0.009229788898  0.004177273129   0.1477319067     -0.1188048343    -0.06435107809   0.01819419348    0.1619186041     -0.00470204685   -0.1139558057    -0.08340628242   0.0823688287     -0.02338814104   0.02437959265    -0.09677186541   0.1335218857     0.07180746614    -0.2619281498    0.4821335176     -0.436207119     0.4080533792     -2.596511834    
-0.6605944393    2.486869391      -1.509904956     0.4618498855     -0.419349119     0.03575946235    -0.213964234     -0.08112062348   0.02112123487    -0.07078840087   0.1440915851     0.349192632      -0.3363509612    0.1803465564     -0.01247067663   0.1718483174     0.128059363      -0.1891228168    0.03080183034    -0.01347828382   0.179144344      -0.08352646065   0.130902884      0.06237310475    -0.06473943495   -0.05469743219   -0.03471705356   -0.1839730132    0.1445829254     -0.1560944967    -0.201874641     0.1861406214     -0.4310782748    0.1380065368     -0.4552325749    0.1414001473     -0.1031368735    -0.04865165561   -0.1677896234    0.4312054899    
0.1586408982     -1.509904956     2.449648254      -1.389625772     0.240767751      -0.0182622888    0.1697299114     0.08622506783    -0.04678124157   0.032237558      -0.08850148709   -0.2686152862    0.2617882199     -0.240673061     0.1005097319     -0.03933609259   0.02352410447    0.05333730626    0.0713087317     -0.05382784748   -0.07973211328   0.003352781094   -0.01298380372   -0.18049892      0.1445693666     0.003890436782   -0.00649005505   0.1498548752     -0.03892481919   0.1042498111     0.2577929935     -0.2777923452    0.01484619573    -0.02954196826   -0.08635957278   -0.007954542919  0.1947808167     -0.0191769638    0.026317481      -0.1766204703   
-0.1927401437    0.4618498855     -1.389625772     2.403791162      -1.257108975     0.1572221701     -0.4143635721    -0.1666164683    0.09836296576    -0.07800730562   0.1570962676     0.2158822599     -0.2139260328    0.1433021593     0.00808883134    0.1735494532     -0.08338033254   -0.00955766007   0.01171541529    -0.0213790854    0.2172749666     -0.1012278091    0.008255485002   0.1436984421     0.05229382349    -0.1113007445    0.01500669075    -0.251553433     -0.002272209242  -0.07443416016   -0.3624198494    0.356744179      -0.05498983004   0.10455835       0.06301586478    0.1419254872     -0.2649117648    0.1482979787     -0.2238683603    0.3965889457    
0.2857847168     -0.419349119     0.240767751      -1.257108975     2.447740809      -0.6829675656    0.3293769621     0.07278628511    -0.07573786432   0.1069403213     -0.1212701268    -0.1972705863    0.2025894277     0.01522452462    -0.1122874874    -0.2702794108    -0.02976847202   0.1321177451     0.05440490839    -0.08593232393   -0.1308362785    0.2620549842     -0.2321178917    -0.01760670406   -0.1139933728    0.02859436523    0.1421957297     0.1248670537     -0.00279256357   0.01200561592    0.1604940564     -0.1273547685    -0.01370613051   -0.009857520397  -0.02747545476   -0.1146958785    0.2411551721     -0.09056549882   0.2144978612     -0.2656042667   
0.01467729241    0.03575946235    -0.0182622888    0.1572221701     -0.6829675656    2.466642337      -2.255439991     0.006154401907   0.01020879108    0.03559980932    -0.08457520841   0.1162158922     -0.1074917249    -0.06066390799   0.1522230403     0.08834294492    -0.02419122717   -0.01376090613   0.09521197908    -0.07350720796   0.104859175      -0.1008711843    -0.003924658034  0.06872926052    0.03585343834    0.3110426715     -0.2994035473    -0.1502114053    -0.18870488      0.1492430179     -0.005725688684  0.02144968326    0.1317072695     -0.1147027634    0.1024084689     -0.09129322129   -0.215004918     0.1558858247     -0.05386207843   -0.04687218888  
0.04462423363    -0.213964234     0.1697299114     -0.4143635721    0.3293769621     -2.255439991     2.525565505      0.04797645637    0.05609389992    -0.00224640994   -0.04373406095   -0.253375967     0.230988637      -0.07726118045   -0.07396130425   -0.1620520767    -0.001249093795  0.03501592563    -0.2410738714    0.2246380918     -0.3001456682    0.04530861506    0.08369047689    -0.08605214602   -0.04556794633   -0.1535506205    0.171567397      0.3180081283     0.07612614242    -0.01747025488   0.17602883       -0.1657351568    -0.0251233171    -0.02460931788   0.007306713284   -0.04481526229   0.1833011178     -0.1193287025    0.2120939296     0.00623567013   
-0.1303950147    -0.08112062348   0.08622506783    -0.1666164683    0.07278628511    0.006154401907   0.04797645637    2.430782886      -2.429511678     1.575955822      -0.6273193456    0.1314993547     -0.2462719003    -0.01139884037   -0.137851185     -0.1813450826    -0.05236460599   -0.1923706271    -0.08865708094   -0.004838595744  -0.3705889856    -0.1300841806    0.02902569759    0.1406902833     -0.118654382     0.01374198814    -0.1597396134    0.5806675039     -0.2727482519    0.3055244837     0.3078575005     -0.2269640242    0.04904242749    -0.05924582415   0.2652260255     0.00739607562    0.1278761004     0.1618958741     0.01203435182    0.1247550372    
0.1247151833     0.02112123487    -0.04678124157   0.09836296576    -0.07573786432   0.01020879108    0.05609389992    -2.429511678     2.232961054      -1.105874181     0.6801792299     -0.1971939587    0.3553883832     -0.07247472815   0.2059100509     0.1181805416     0.04186900018    0.1712584936     0.03661329972    0.04303856947    0.2317306655     0.1055924496     -0.005870650612  -0.1171509309    0.1039107255     0.03036715933    0.09269442475    -0.4163034342    0.1631263246     -0.1880242075    -0.1897033605    0.1452574186     -0.02886254181   0.01396773426    -0.1927577148    -0.05410285273   -0.1308235421    -0.1109815314    0.1010118268     -0.1361159599   
-0.09843234973   -0.07078840087   0.032237558      -0.07800730562   0.1069403213     0.03559980932    -0.00224640994   1.575955822      -1.105874181     2.243369812      -1.954342719     0.3657228317     -0.4182640795    0.06543194114    -0.1215521564    -0.1436800796    -0.02171602094   -0.1103687977    -0.01909623794   -0.06273212893   -0.1962241527    -0.03739020077   -0.05417451274   0.157393981      -0.1611845275    0.0144922315     0.0162528525     0.2791726916     -0.08166895184   0.07402023766    0.2285822625     -0.1602959636    0.117418307      -0.1122605682    0.1551474611     0.05541447767    0.03229531759    0.05615559666    0.001499473074   0.09136015298   
0.07716737942    0.1440915851     -0.08850148709   0.1570962676     -0.1212701268    -0.08457520841   -0.04373406095   -0.6273193456    0.6801792299     -1.954342719     2.333518095      -0.387325516     0.1442199182     0.002674248165   0.06828446552    0.2106789806     0.04465190069    0.08086198036    0.08694165914    0.01035211695    0.299881187      0.04814332559    0.04540088024    -0.1615501194    0.1553122493     -0.07296462399   0.05008298627    -0.3955881549    0.1840606186     -0.1837743609    -0.3240841744    0.2281403517     -0.09993040378   0.1276552724     -0.2011797456    0.006113336526   -0.03289318713   -0.124249914     -0.09454434173   -0.05259529288  
-0.2602892874    0.349192632      -0.2686152862    0.2158822599     -0.1972705863    0.1162158922     -0.253375967     0.1314993547     -0.1971939587    0.3657228317     -0.387325516     2.382257794      -1.683882871     0.3135748607     -0.1912440593    0.09535470209    0.09612215913    0.4359372846     -0.3133922193    0.2066276064     0.07281742374    0.02676564333    -0.08641430992   0.23878678       -0.1608475701    -0.02531665946   -0.1733134875    0.03459657244    0.03379656064    -0.03216580683   -0.02842259092   -0.007528989974  0.1838304918     -0.1223796613    0.2104747819     0.0426627869     -0.07563400363   0.1066751034     -0.2731822131    0.2636534394    
0.287502463      -0.3363509612    0.2617882199     -0.2139260328    0.2025894277     -0.1074917249    0.230988637      -0.2462719003    0.3553883832     -0.4182640795    0.1442199182     -1.683882871     2.379305308      -0.6224413304    0.1719485568     -0.07311643392   -0.1329578658    0.3071913748     -0.01329832234   0.1078845337     -0.03755026967   0.01377221983    0.0798526367     -0.238838519     0.1574073674     0.0274222809     0.1712353598     -0.08220054613   -0.01268152374   0.01346770552    -0.006028088648  0.02876182019    -0.2350629591    0.1741972515     -0.2175311383    -0.08407594547   0.09510836263    -0.09125962797   0.2373665786     -0.2868171139   
-0.08159045646   0.1803465564     -0.240673061     0.1433021593     0.01522452462    -0.06066390799   -0.07726118045   -0.01139884037   -0.07247472815   0.06543194114    0.002674248165   0.3135748607     -0.6224413304    2.358287841      -2.336701751     0.1950019901     -0.6067690851    1.766365813      -1.134263805     -0.006793000418  0.1037264754     0.2993888448     -0.1520632846    0.1896423493     -0.2574352634    -0.02612832614   0.02679555976    -0.02148180061   0.2223709649     -0.2243066028    -0.1521501734    0.08885692175    -0.1107236271    0.1650672808     0.0920235468     -0.1139123023    0.155935436      0.1490036848     -0.2492314251    0.06851012244   
0.103848864      -0.01247067663   0.1005097319     0.00808883134    -0.1122874874    0.1522230403     -0.07396130425   -0.137851185     0.2059100509     -0.1215521564    0.06828446552    -0.1912440593    0.1719485568     -2.336701751     2.334443124      -0.6421418172    0.2396798039     -0.4372122399    0.3218395457     -0.05394121977   0.07844203641    0.01142043348    -0.03420172448   -0.01335955253   0.1125871326     -0.008034311636  -0.02272043123   -0.1715915616    -0.05507917604   0.03802974242    -0.02713796616   0.03052627852    0.06527919571    -0.05975372001   0.03815248229    -0.01869795143   -0.227961271     -0.0939176962    0.08733229874    -0.1115000737   
-0.1617925753    0.1718483174     -0.03933609259   0.1735494532     -0.2702794108    0.08834294492    -0.1620520767    -0.1813450826    0.1181805416     -0.1436800796    0.2106789806     0.09535470209    -0.07311643392   0.1950019901     -0.6421418172    2.427973255      -1.083614643     1.02129141       -0.2000914007    0.156989441      0.2151207375     -0.2074756946    0.2316210851     -0.2203242364    0.3160014143     -0.0001378412605 -0.06753712535   -0.2679229276    0.06378269778    -0.06326216247   -0.08661230502   0.06457534571    0.09286047164    -0.1369273414    -0.3090215727    0.3004095002     -0.08272528886   -0.09298687724   -0.1414552265    0.1954201658    
-0.09110572512   0.128059363      0.02352410447    -0.08338033254   -0.02976847202   -0.02419122717   -0.001249093795  -0.05236460599   0.04186900018    -0.02171602094   0.04465190069    0.09612215913    -0.1329578658    -0.6067690851    0.2396798039     -1.083614643     2.327197275      -1.627570517     0.2085814044     -0.1583064114    0.2076735032     0.05278152015    -0.00295003876   -0.01759892069   -0.1709185825    -0.0848437692    0.1014189037     -0.1102733564    0.2981004469     -0.265554237     0.07754705681    -0.1600893831    0.08920303904    -0.04965074999   -0.02764849539   -0.06517447189   0.02818506559    -0.02558816219   -0.1442507764    0.07372892382   
0.2415529269     -0.1891228168    0.05333730626    -0.00955766007   0.1321177451     -0.01376090613   0.03501592563    -0.1923706271    0.1712584936     -0.1103687977    0.08086198036    0.4359372846     0.3071913748     1.766365813      -0.4372122399    1.02129141       -1.627570517     2.270085556      -1.010614406     0.2272659745     -0.1170425264    0.3257602236     -0.1167059196    -0.04674557496   0.1595971607     0.08682201635    0.07776666127    -0.1576588262    -0.09941636003   0.08212191266    -0.1251296082    0.1430620988     -0.1357636247    0.1088992905     -0.2100575832    0.01352325319    0.008766505908   -0.09228874185   0.1899969136     -0.2295855008   
0.03062648324    0.03080183034    0.0713087317     0.01171541529    0.05440490839    0.09521197908    -0.2410738714    -0.08865708094   0.03661329972    -0.01909623794   0.08694165914    -0.3133922193    -0.01329832234   -1.134263805     0.3218395457     -0.2000914007    0.2085814044     -1.010614406     2.337693112      -2.008986101     0.7775799254     -0.3177700892    0.2220788934     -0.3022425277    0.1307006986     -0.1201322976    -0.0123323425    -0.2109578138    0.1636579867     -0.1528378899    0.1084173193     -0.1435727115    0.0196562023     -0.003840196405  -0.134139951     0.07825910557    -0.09664141752   0.1148305685     -0.2303812517    -0.05007487972  
-0.009229788898  -0.01347828382   -0.05382784748   -0.0213790854    -0.08593232393   -0.07350720796   0.2246380918     -0.004838595744  0.04303856947    -0.06273212893   0.01035211695    0.2066276064     0.1078845337     -0.006793000418  -0.05394121977   0.156989441      -0.1583064114    0.2272659745     -2.008986101     2.391501623      -0.8263222098    0.02969895783    0.05895487998    -0.1017499795    -0.00955618813   0.1005198745     -0.003946437042  0.07623175119    -0.1209726231    0.1149213734     -0.1302710556    0.1595063435     -0.01935888953   -0.02722814596   0.01509705805    -0.00623963109   0.01509547571    -0.1610975149    0.2530409057     0.04320894444   
0.004177273129   0.179144344      -0.07973211328   0.2172749666     -0.1308362785    0.104859175      -0.3001456682    -0.3705889856    0.2317306655     -0.1962241527    0.299881187      0.07281742374    -0.03755026967   0.1037264754     0.07844203641    0.2151207375     0.2076735032     -0.1170425264    0.7775799254     -0.8263222098    2.407901271      -1.57777048      2.75431693       -0.2537443776    0.2045482712     -0.2109921135    0.0837719373     -0.4672873529    0.2709757806     -0.2948755331    -0.1941706609    0.1261972932     0.005107467457   0.0242085966     -0.2517452926    0.09778622253    -0.07690542437   -0.04768662723   -0.239710051     -0.03341588276  
