 Effective number of bins, and bins:            8          13

OBS :    1      -22.883327      0.002994

OBS :    2        1.000000      0.000000
