 Effective number of bins, and bins:            8          13

OBS :    1        8.697449      0.092822

OBS :    2        1.000000      0.000000
