 Effective number of bins, and bins:           15          20

OBS :    1      -22.887646      0.009398

OBS :    2        1.000000      0.000000
