 Effective number of bins, and bins:           15          20

OBS :    1       18.000000      0.000000

OBS :    2        1.000000      0.000000
