 Effective number of bins, and bins:           15          20

OBS :    1        8.569662      0.228074

OBS :    2        1.000000      0.000000
