8.002949999999999786e-01 -3.848019999999999774e-01 1.281009999999999927e-01 -1.048970000000000041e-01 7.838029999999999997e-02 -6.253300000000000525e-02 5.775009999999999866e-02 -5.428650000000000142e-02 5.724220000000000003e-02 -4.393810000000000077e-02 4.860119999999999718e-02 -4.130720000000000225e-02 2.047240000000000171e-02 -9.670160000000000561e-03 2.344950000000000159e-02 -1.436680000000000075e-02 7.149769999999999737e-03 -1.218720000000000046e-02 1.228560000000000069e-02 -2.760400000000000006e-02 1.907100000000000115e-02 -1.723879999999999857e-02 1.667659999999999976e-02 -1.754090000000000163e-02 9.867600000000000676e-03 -1.493019999999999937e-02 1.469449999999999923e-02 -6.034799999999999887e-03 8.781789999999999388e-03 -5.618950000000000160e-03 1.662539999999999895e-03 -1.145520000000000045e-02 1.771949999999999914e-02 -1.421249999999999944e-02 7.537580000000000321e-03 -2.052959999999999854e-02 2.521680000000000102e-02 -1.387359999999999982e-02 1.644740000000000091e-02 -1.404889999999999958e-02 2.500410000000000132e-02 -2.029800000000000007e-02 2.486410000000000009e-02 -3.291430000000000050e-02 3.344239999999999713e-02 -3.094420000000000157e-02 3.359480000000000105e-02 -3.763119999999999660e-02 4.380379999999999691e-02 -4.257989999999999692e-02 4.486760000000000054e-02 -4.758949999999999986e-02 5.124229999999999757e-02 -7.006110000000000115e-02 5.541959999999999942e-02 -9.297070000000000334e-02 8.766640000000000543e-02 -1.399729999999999863e-01 1.429900000000000060e-01 -4.665869999999999740e-01
-3.848019999999999774e-01 8.026029999999999553e-01 -4.571990000000000220e-01 1.330999999999999961e-01 -1.467410000000000103e-01 7.963119999999999921e-02 -8.093949999999999756e-02 5.968210000000000182e-02 -6.370040000000000424e-02 5.309049999999999880e-02 -5.667660000000000059e-02 4.367399999999999755e-02 -3.206110000000000210e-02 2.133799999999999933e-02 -2.767690000000000081e-02 1.032130000000000027e-02 -4.287449999999999942e-03 2.025120000000000045e-02 -1.717199999999999976e-02 3.015050000000000022e-02 -2.438560000000000033e-02 2.096929999999999975e-02 -2.477559999999999832e-02 1.746139999999999845e-02 -1.530940000000000079e-02 1.511039999999999953e-02 -2.062169999999999975e-02 2.523859999999999992e-02 -2.506600000000000147e-02 1.181899999999999964e-02 -9.083610000000000642e-03 1.893900000000000097e-02 -2.218490000000000045e-02 1.756150000000000072e-02 -7.716530000000000090e-03 1.110640000000000065e-02 -1.187419999999999969e-02 1.704019999999999840e-02 -1.577809999999999976e-02 1.492920000000000011e-02 -3.142500000000000154e-02 2.577969999999999914e-02 -2.410949999999999899e-02 2.036889999999999881e-02 -1.983849999999999850e-02 1.870190000000000047e-02 -3.030640000000000070e-02 2.240019999999999858e-02 -2.689220000000000152e-02 2.992799999999999974e-02 -3.753159999999999830e-02 3.531399999999999817e-02 -3.794730000000000325e-02 5.016810000000000019e-02 -4.145870000000000111e-02 6.188830000000000026e-02 -7.184169999999999445e-02 8.064899999999999847e-02 -1.203209999999999974e-01 1.341930000000000067e-01
1.281009999999999927e-01 -4.571990000000000220e-01 8.017360000000000042e-01 -3.976049999999999862e-01 1.419559999999999989e-01 -1.149749999999999939e-01 8.630480000000000096e-02 -7.208290000000000530e-02 6.760410000000000030e-02 -6.217690000000000022e-02 5.455829999999999708e-02 -4.048109999999999903e-02 2.558070000000000135e-02 -2.130610000000000143e-02 2.010150000000000131e-02 -8.110169999999999879e-03 4.907560000000000047e-03 -1.433719999999999960e-02 5.493950000000000049e-03 -2.237930000000000128e-02 2.224459999999999979e-02 -2.283050000000000010e-02 2.503199999999999870e-02 -2.281520000000000076e-02 2.755660000000000054e-02 -2.342659999999999881e-02 1.943260000000000126e-02 -3.028490000000000001e-02 2.277910000000000004e-02 -9.849520000000000497e-03 1.412129999999999982e-02 -1.436939999999999919e-02 1.994840000000000155e-02 -1.570620000000000002e-02 9.137189999999999895e-03 -1.498829999999999954e-02 1.263270000000000018e-02 -2.008510000000000156e-02 1.716010000000000105e-02 -1.070839999999999986e-02 2.559000000000000163e-02 -2.070529999999999940e-02 2.082389999999999936e-02 -1.784550000000000025e-02 1.638840000000000088e-02 -1.857550000000000173e-02 2.986520000000000147e-02 -2.624299999999999897e-02 2.338319999999999982e-02 -3.588859999999999967e-02 3.999350000000000127e-02 -3.517449999999999743e-02 4.514010000000000244e-02 -5.490310000000000329e-02 4.938189999999999941e-02 -7.359000000000000263e-02 7.404869999999999508e-02 -9.773880000000000068e-02 9.022299999999999764e-02 -1.414159999999999862e-01
-1.048970000000000041e-01 1.330999999999999961e-01 -3.976049999999999862e-01 8.026259999999999506e-01 -4.604139999999999899e-01 1.329460000000000086e-01 -1.280699999999999894e-01 8.147390000000000188e-02 -8.719069999999999598e-02 6.875910000000000355e-02 -7.133509999999999851e-02 4.621270000000000239e-02 -4.219239999999999796e-02 2.997819999999999999e-02 -3.321609999999999840e-02 1.744050000000000114e-02 -1.550170000000000020e-02 1.324200000000000030e-02 -1.253869999999999985e-02 3.244339999999999724e-02 -3.092090000000000116e-02 3.302540000000000336e-02 -2.704929999999999835e-02 1.652030000000000165e-02 -2.543619999999999909e-02 2.675349999999999950e-02 -2.180170000000000025e-02 2.548570000000000002e-02 -1.721090000000000120e-02 8.191179999999999295e-03 -1.801739999999999939e-02 1.366709999999999973e-02 -1.100680000000000061e-02 1.114079999999999931e-02 -1.985989999999999978e-02 2.422679999999999972e-02 -2.306839999999999932e-02 2.315009999999999984e-02 -1.320990000000000011e-02 1.264200000000000046e-02 -2.899279999999999913e-02 2.354209999999999983e-02 -2.152609999999999940e-02 2.263340000000000143e-02 -2.829289999999999930e-02 3.264949999999999797e-02 -3.820930000000000160e-02 3.719700000000000090e-02 -3.521799999999999931e-02 4.325899999999999884e-02 -4.218050000000000271e-02 3.658229999999999815e-02 -4.926919999999999911e-02 4.671510000000000246e-02 -5.649810000000000249e-02 7.093220000000000081e-02 -7.744610000000000383e-02 7.670639999999999403e-02 -8.655839999999999368e-02 8.425970000000000681e-02
7.838029999999999997e-02 -1.467410000000000103e-01 1.419559999999999989e-01 -4.604139999999999899e-01 8.028269999999999573e-01 -3.912070000000000269e-01 1.251639999999999975e-01 -1.211949999999999972e-01 8.914450000000000152e-02 -7.584130000000000038e-02 6.747319999999999707e-02 -4.958520000000000288e-02 4.471390000000000087e-02 -3.678710000000000313e-02 3.281900000000000095e-02 -2.256450000000000122e-02 1.776669999999999985e-02 -1.404099999999999966e-02 1.322699999999999917e-02 -3.232140000000000013e-02 2.557569999999999982e-02 -2.837550000000000142e-02 2.147779999999999828e-02 -2.330089999999999939e-02 2.761299999999999866e-02 -2.766120000000000037e-02 1.555130000000000054e-02 -1.596339999999999912e-02 2.316740000000000119e-02 -1.416869999999999935e-02 1.352109999999999944e-02 -1.249560000000000080e-02 1.618810000000000041e-02 -1.499409999999999979e-02 1.943999999999999895e-02 -1.467949999999999984e-02 3.916249999999999593e-03 -1.316250000000000059e-02 9.623440000000000466e-03 -3.756910000000000024e-03 2.029600000000000154e-02 -1.629370000000000124e-02 1.075820000000000075e-02 -8.961780000000000787e-03 2.036790000000000128e-02 -1.887789999999999954e-02 2.878589999999999968e-02 -2.086119999999999988e-02 1.626290000000000027e-02 -2.941059999999999855e-02 3.168320000000000164e-02 -3.697589999999999905e-02 4.260010000000000185e-02 -3.434460000000000290e-02 3.333640000000000214e-02 -5.815590000000000342e-02 6.047519999999999979e-02 -6.717919999999999447e-02 6.643090000000000106e-02 -8.577390000000000014e-02
-6.253300000000000525e-02 7.963119999999999921e-02 -1.149749999999999939e-01 1.329460000000000086e-01 -3.912070000000000269e-01 8.032420000000000115e-01 -4.479099999999999748e-01 1.328060000000000074e-01 -1.341110000000000080e-01 8.768360000000000043e-02 -8.997610000000000330e-02 5.563259999999999733e-02 -6.638310000000000044e-02 4.515050000000000313e-02 -4.261129999999999779e-02 3.198739999999999917e-02 -2.678260000000000016e-02 2.473279999999999923e-02 -1.474870000000000000e-02 2.368349999999999969e-02 -2.524519999999999889e-02 3.032730000000000148e-02 -2.158130000000000118e-02 2.396989999999999885e-02 -3.010799999999999935e-02 1.966069999999999970e-02 -1.360450000000000027e-02 1.190979999999999990e-02 -2.331810000000000133e-02 1.691399999999999848e-02 -8.266700000000000090e-03 1.434260000000000049e-02 -2.574540000000000162e-02 1.988039999999999946e-02 -1.379389999999999956e-02 1.619179999999999925e-02 -2.934430000000000024e-03 1.573369999999999977e-02 -1.553290000000000053e-02 1.244999999999999926e-02 -2.022610000000000033e-02 7.430029999999999794e-03 -1.496300000000000061e-02 1.510710000000000004e-02 -2.382789999999999908e-02 2.362890000000000129e-02 -2.443309999999999926e-02 2.512170000000000028e-02 -1.029489999999999919e-02 2.425139999999999935e-02 -3.424329999999999735e-02 4.036470000000000335e-02 -4.348799999999999888e-02 4.088220000000000048e-02 -4.003260000000000152e-02 5.644840000000000274e-02 -5.609419999999999684e-02 5.872170000000000167e-02 -6.537819999999999743e-02 5.793290000000000245e-02
5.775009999999999866e-02 -8.093949999999999756e-02 8.630480000000000096e-02 -1.280699999999999894e-01 1.251639999999999975e-01 -4.479099999999999748e-01 8.013609999999999900e-01 -4.054389999999999938e-01 1.349039999999999961e-01 -1.264889999999999903e-01 8.139770000000000338e-02 -6.569919999999999927e-02 5.809670000000000112e-02 -3.841320000000000151e-02 3.351959999999999662e-02 -2.958409999999999859e-02 3.395879999999999732e-02 -3.138400000000000217e-02 2.284800000000000025e-02 -2.710989999999999928e-02 2.188529999999999989e-02 -3.389190000000000258e-02 2.970429999999999945e-02 -2.522800000000000042e-02 1.739570000000000005e-02 -1.575549999999999867e-02 1.708729999999999971e-02 -5.848820000000000234e-03 9.737640000000000531e-03 -5.344670000000000150e-03 6.482060000000000426e-03 -1.503690000000000061e-02 2.161300000000000027e-02 -1.865119999999999972e-02 1.337250000000000071e-02 -9.687299999999999384e-03 1.091720000000000017e-02 -1.651829999999999965e-02 1.861579999999999832e-02 -1.269329999999999938e-02 2.111909999999999829e-02 -9.764709999999999362e-03 1.220129999999999999e-02 -7.215359999999999656e-03 9.851860000000000478e-03 -1.558140000000000046e-02 1.777350000000000110e-02 -1.897029999999999897e-02 1.032289999999999944e-02 -1.707619999999999971e-02 2.102419999999999983e-02 -2.235569999999999918e-02 3.122300000000000075e-02 -4.083280000000000243e-02 4.092330000000000273e-02 -5.398510000000000114e-02 5.195960000000000162e-02 -6.116339999999999971e-02 5.496999999999999803e-02 -6.526039999999999619e-02
-5.428650000000000142e-02 5.968210000000000182e-02 -7.208290000000000530e-02 8.147390000000000188e-02 -1.211949999999999972e-01 1.328060000000000074e-01 -4.054389999999999938e-01 8.015569999999999640e-01 -4.426979999999999804e-01 1.421620000000000106e-01 -1.379489999999999883e-01 8.171899999999999997e-02 -7.959380000000000621e-02 5.230339999999999989e-02 -5.143210000000000143e-02 4.614279999999999771e-02 -4.549860000000000015e-02 3.193610000000000199e-02 -3.048469999999999999e-02 3.126400000000000012e-02 -2.406789999999999971e-02 3.707690000000000291e-02 -3.262559999999999766e-02 3.228860000000000063e-02 -2.127739999999999840e-02 2.281400000000000095e-02 -2.661530000000000146e-02 1.835799999999999932e-02 -1.106189999999999951e-02 5.916209999999999872e-03 -6.656379999999999936e-03 1.028420000000000029e-02 -1.641089999999999910e-02 1.514889999999999987e-02 -9.380499999999999949e-03 1.276260000000000068e-02 -1.696140000000000148e-02 2.624850000000000100e-02 -2.898179999999999853e-02 1.799620000000000039e-02 -1.837810000000000138e-02 1.318339999999999963e-02 -2.050019999999999967e-02 1.605029999999999998e-02 -2.352090000000000083e-02 2.090389999999999956e-02 -1.285120000000000012e-02 1.617499999999999841e-02 -1.455270000000000001e-02 1.685659999999999936e-02 -2.708179999999999962e-02 1.427400000000000023e-02 -3.097110000000000141e-02 3.878670000000000034e-02 -3.539350000000000135e-02 4.065889999999999782e-02 -4.678059999999999857e-02 5.387329999999999897e-02 -5.155119999999999841e-02 6.021549999999999819e-02
5.724220000000000003e-02 -6.370040000000000424e-02 6.760410000000000030e-02 -8.719069999999999598e-02 8.914450000000000152e-02 -1.341110000000000080e-01 1.349039999999999961e-01 -4.426979999999999804e-01 8.004559999999999453e-01 -4.205289999999999861e-01 1.460629999999999984e-01 -1.181979999999999975e-01 7.817540000000000600e-02 -6.462619999999999476e-02 5.353310000000000013e-02 -5.083750000000000074e-02 4.144629999999999842e-02 -3.424909999999999760e-02 2.802610000000000171e-02 -3.360849999999999949e-02 1.887120000000000117e-02 -3.131300000000000056e-02 2.620880000000000085e-02 -2.106469999999999870e-02 6.136299999999999914e-03 -1.027559999999999932e-02 2.439169999999999880e-02 -1.956240000000000062e-02 9.356200000000000280e-03 -9.312980000000000216e-03 1.508740000000000081e-02 -1.232310000000000003e-02 8.410499999999999574e-03 -6.449980000000000123e-03 3.806480000000000107e-03 -1.162179999999999984e-02 7.271739999999999628e-03 -1.412099999999999987e-02 2.178779999999999953e-02 -1.143860000000000016e-02 6.794719999999999753e-03 1.099180000000000003e-04 1.219579999999999970e-02 -1.105289999999999918e-02 2.007959999999999953e-02 -1.940379999999999883e-02 9.779670000000000724e-03 -1.175600000000000082e-02 7.089200000000000362e-03 -2.179510000000000128e-02 2.326599999999999849e-02 -1.736460000000000087e-02 2.668939999999999854e-02 -3.431050000000000072e-02 4.229730000000000295e-02 -4.489510000000000028e-02 4.794640000000000013e-02 -5.886709999999999859e-02 5.530150000000000343e-02 -6.828610000000000235e-02
-4.393810000000000077e-02 5.309049999999999880e-02 -6.217690000000000022e-02 6.875910000000000355e-02 -7.584130000000000038e-02 8.768360000000000043e-02 -1.264889999999999903e-01 1.421620000000000106e-01 -4.205289999999999861e-01 7.990990000000000038e-01 -4.471570000000000267e-01 1.445460000000000078e-01 -1.300090000000000134e-01 8.555780000000000329e-02 -8.330310000000000492e-02 5.398329999999999795e-02 -4.967459999999999931e-02 4.301409999999999956e-02 -4.674640000000000045e-02 4.613099999999999840e-02 -3.204320000000000085e-02 4.259659999999999835e-02 -4.415630000000000249e-02 2.783230000000000079e-02 -9.421529999999999141e-03 1.189540000000000042e-02 -2.390070000000000042e-02 2.195449999999999832e-02 -2.076510000000000161e-02 2.033599999999999991e-02 -2.078609999999999833e-02 1.510429999999999932e-02 -8.481070000000000275e-03 -3.592789999999999867e-06 -8.564010000000000372e-03 6.574069999999999567e-03 -9.050610000000000599e-03 9.340269999999999476e-03 -2.230609999999999885e-02 1.465269999999999941e-02 -1.151749999999999996e-02 4.713959999999999678e-03 -1.559289999999999982e-02 6.790370000000000433e-03 -2.120369999999999894e-02 2.010790000000000147e-02 -9.455780000000000435e-03 9.496950000000000530e-03 -3.884709999999999986e-03 1.768020000000000008e-02 -2.685900000000000093e-02 2.223989999999999995e-02 -3.362489999999999923e-02 3.275909999999999933e-02 -4.631400000000000100e-02 4.704869999999999886e-02 -4.399580000000000157e-02 5.518100000000000088e-02 -4.809059999999999724e-02 5.168749999999999734e-02
4.860119999999999718e-02 -5.667660000000000059e-02 5.455829999999999708e-02 -7.133509999999999851e-02 6.747319999999999707e-02 -8.997610000000000330e-02 8.139770000000000338e-02 -1.379489999999999883e-01 1.460629999999999984e-01 -4.471570000000000267e-01 7.998589999999999867e-01 -4.213419999999999943e-01 1.392839999999999911e-01 -1.319329999999999947e-01 8.947929999999999773e-02 -7.107929999999999804e-02 6.119859999999999883e-02 -5.383179999999999910e-02 4.982360000000000261e-02 -4.916159999999999974e-02 2.900749999999999856e-02 -3.873909999999999854e-02 3.226949999999999957e-02 -2.486390000000000128e-02 1.720019999999999882e-02 -1.439129999999999923e-02 2.154319999999999846e-02 -2.293009999999999840e-02 2.346200000000000022e-02 -1.670920000000000044e-02 1.118259999999999914e-02 -1.092839999999999957e-02 1.135670000000000082e-02 6.455389999999999870e-04 3.584980000000000198e-03 -3.140319999999999830e-03 6.713850000000000373e-03 -8.585980000000000001e-03 1.279940000000000071e-02 -1.452290000000000005e-02 1.216549999999999923e-02 -1.574450000000000079e-04 1.335120000000000057e-02 -6.533459999999999615e-03 1.546259999999999996e-02 -1.777899999999999966e-02 6.806809999999999944e-03 -1.180190000000000058e-02 8.383049999999999530e-03 -1.906559999999999852e-02 2.614290000000000017e-02 -2.967579999999999871e-02 3.572800000000000281e-02 -3.603470000000000284e-02 4.445190000000000252e-02 -4.181180000000000313e-02 3.172069999999999751e-02 -4.772559999999999997e-02 4.347129999999999744e-02 -5.302149999999999919e-02
-4.130720000000000225e-02 4.367399999999999755e-02 -4.048109999999999903e-02 4.621270000000000239e-02 -4.958520000000000288e-02 5.563259999999999733e-02 -6.569919999999999927e-02 8.171899999999999997e-02 -1.181979999999999975e-01 1.445460000000000078e-01 -4.213419999999999943e-01 8.010000000000000453e-01 -4.393079999999999763e-01 1.500180000000000125e-01 -1.428290000000000115e-01 8.520500000000000296e-02 -7.186140000000000583e-02 6.049340000000000273e-02 -6.175139999999999796e-02 5.185750000000000082e-02 -3.868540000000000173e-02 4.019539999999999919e-02 -2.995319999999999927e-02 1.328790000000000006e-02 -1.496079999999999979e-02 1.011029999999999915e-02 -1.127090000000000036e-02 1.113459999999999971e-02 -1.151980000000000018e-02 1.827679999999999930e-02 -1.867390000000000022e-02 8.497950000000000642e-03 -1.755570000000000047e-02 7.118929999999999876e-03 -8.021739999999999426e-03 6.302109999999999657e-03 -1.231130000000000072e-02 1.718480000000000008e-02 -2.547680000000000083e-02 2.415319999999999967e-02 -2.023360000000000089e-02 6.148739999999999761e-03 -1.156500000000000063e-02 5.800549999999999803e-03 -1.542920000000000055e-02 8.894620000000000651e-03 -6.920950000000000366e-03 5.662259999999999689e-03 -1.087620000000000080e-02 1.706790000000000043e-02 -3.039880000000000013e-02 2.430459999999999912e-02 -2.625769999999999840e-02 3.278679999999999789e-02 -3.153920000000000334e-02 3.593020000000000241e-02 -3.255070000000000185e-02 3.316879999999999828e-02 -3.086559999999999998e-02 3.965640000000000137e-02
2.047240000000000171e-02 -3.206110000000000210e-02 2.558070000000000135e-02 -4.219239999999999796e-02 4.471390000000000087e-02 -6.638310000000000044e-02 5.809670000000000112e-02 -7.959380000000000621e-02 7.817540000000000600e-02 -1.300090000000000134e-01 1.392839999999999911e-01 -4.393079999999999763e-01 8.006879999999999553e-01 -4.267090000000000050e-01 1.338169999999999915e-01 -1.155130000000000046e-01 7.395649999999999447e-02 -7.628680000000000183e-02 5.757620000000000099e-02 -6.065369999999999789e-02 4.752850000000000130e-02 -5.844250000000000139e-02 4.237110000000000182e-02 -3.074400000000000049e-02 2.125540000000000068e-02 -2.463560000000000055e-02 1.721829999999999888e-02 -1.774989999999999901e-02 1.769599999999999992e-02 -2.372209999999999944e-02 1.921689999999999857e-02 -1.001610000000000000e-02 1.562710000000000141e-02 -9.193510000000000223e-03 7.463710000000000136e-03 -7.233189999999999585e-03 8.528859999999999220e-03 -8.692830000000000348e-03 2.007230000000000125e-02 -7.663589999999999638e-03 1.132060000000000011e-02 -7.137019999999999996e-03 4.811720000000000233e-03 -5.327379999999999616e-03 1.167059999999999972e-02 -1.311119999999999994e-02 1.209069999999999936e-02 -1.409359999999999953e-02 1.778609999999999913e-02 -1.893229999999999913e-02 2.603439999999999921e-02 -1.932539999999999952e-02 2.491410000000000152e-02 -2.768030000000000143e-02 2.856430000000000080e-02 -3.522059999999999774e-02 3.290160000000000307e-02 -2.679269999999999916e-02 2.958269999999999997e-02 -2.223630000000000051e-02
-9.670160000000000561e-03 2.133799999999999933e-02 -2.130610000000000143e-02 2.997819999999999999e-02 -3.678710000000000313e-02 4.515050000000000313e-02 -3.841320000000000151e-02 5.230339999999999989e-02 -6.462619999999999476e-02 8.555780000000000329e-02 -1.319329999999999947e-01 1.500180000000000125e-01 -4.267090000000000050e-01 8.022310000000000274e-01 -4.193490000000000273e-01 1.376139999999999863e-01 -1.244399999999999951e-01 8.247540000000000426e-02 -7.495179999999999898e-02 5.637810000000000044e-02 -5.332300000000000234e-02 5.118140000000000189e-02 -4.107190000000000146e-02 2.819189999999999890e-02 -2.161959999999999923e-02 2.400959999999999900e-02 -1.915450000000000139e-02 2.022289999999999852e-02 -2.329660000000000064e-02 1.344060000000000046e-02 -1.888619999999999882e-02 1.606549999999999992e-02 -1.934090000000000115e-02 7.863699999999999510e-03 -2.439470000000000006e-04 1.461529999999999947e-03 -6.826300000000000423e-03 3.138319999999999999e-03 -1.967330000000000120e-02 7.207029999999999470e-04 -9.794519999999999268e-03 6.634270000000000271e-03 -6.690159999999999683e-03 -7.145040000000000288e-04 -1.495419999999999909e-03 1.471869999999999949e-02 -1.430810000000000068e-02 9.960119999999999391e-03 -9.302899999999999364e-03 1.232959999999999959e-02 -2.935400000000000162e-02 1.257330000000000080e-02 -1.420510000000000002e-02 2.183770000000000155e-02 -1.815459999999999990e-02 2.081970000000000001e-02 -2.592179999999999832e-02 2.424689999999999832e-02 -2.518159999999999843e-02 1.660319999999999852e-02
2.344950000000000159e-02 -2.767690000000000081e-02 2.010150000000000131e-02 -3.321609999999999840e-02 3.281900000000000095e-02 -4.261129999999999779e-02 3.351959999999999662e-02 -5.143210000000000143e-02 5.353310000000000013e-02 -8.330310000000000492e-02 8.947929999999999773e-02 -1.428290000000000115e-01 1.338169999999999915e-01 -4.193490000000000273e-01 8.017300000000000537e-01 -4.300370000000000026e-01 1.342589999999999895e-01 -1.349100000000000021e-01 8.893650000000000166e-02 -8.670750000000000679e-02 6.561409999999999465e-02 -6.710910000000000486e-02 4.882739999999999997e-02 -4.374929999999999791e-02 2.700160000000000060e-02 -3.219090000000000146e-02 2.314130000000000006e-02 -2.478059999999999985e-02 1.354349999999999998e-02 -1.467189999999999987e-02 1.841709999999999875e-02 -1.407540000000000006e-02 3.518330000000000068e-03 -5.318789999999999673e-04 -2.044699999999999990e-03 -8.253989999999999895e-04 5.646530000000000299e-03 3.107099999999999793e-03 7.933199999999999627e-03 4.416299999999999740e-03 1.811710000000000056e-02 -1.484689999999999968e-02 1.175159999999999920e-02 -1.197259999999999991e-02 1.749010000000000061e-03 -1.063629999999999957e-02 3.932470000000000410e-03 2.584780000000000064e-03 -2.760680000000000165e-03 -5.013069999999999679e-03 2.669699999999999851e-02 -9.608919999999999961e-03 1.654730000000000090e-02 -1.545550000000000049e-02 1.708259999999999987e-02 -2.754919999999999938e-02 3.139870000000000161e-02 -2.818669999999999856e-02 2.720550000000000052e-02 -2.700529999999999944e-02
-1.436680000000000075e-02 1.032130000000000027e-02 -8.110169999999999879e-03 1.744050000000000114e-02 -2.256450000000000122e-02 3.198739999999999917e-02 -2.958409999999999859e-02 4.614279999999999771e-02 -5.083750000000000074e-02 5.398329999999999795e-02 -7.107929999999999804e-02 8.520500000000000296e-02 -1.155130000000000046e-01 1.376139999999999863e-01 -4.300370000000000026e-01 8.027400000000000091e-01 -4.281960000000000210e-01 1.446010000000000073e-01 -1.354829999999999923e-01 9.247210000000000152e-02 -8.652749999999999331e-02 7.334459999999999591e-02 -6.073989999999999945e-02 5.658620000000000316e-02 -4.740869999999999806e-02 4.179490000000000288e-02 -3.566880000000000051e-02 3.236030000000000156e-02 -2.249390000000000070e-02 1.942779999999999854e-02 -2.226219999999999935e-02 1.106110000000000079e-02 -6.992570000000000036e-03 -1.426020000000000065e-03 -1.686739999999999941e-03 2.970770000000000181e-03 -1.280659999999999958e-02 1.503119999999999934e-03 -1.022990000000000010e-02 4.087890000000000273e-03 -1.781819999999999932e-02 5.380949999999999796e-03 -9.409999999999999962e-03 7.990270000000000705e-03 -5.532229999999999960e-03 6.408620000000000289e-03 -1.162730000000000014e-02 7.261160000000000010e-03 -5.618180000000000396e-03 1.259739999999999992e-02 -2.322019999999999987e-02 8.675820000000000753e-03 -2.629079999999999959e-02 2.280199999999999935e-02 -2.457739999999999925e-02 1.962339999999999918e-02 -2.532159999999999966e-02 2.913119999999999946e-02 -2.511649999999999994e-02 2.049600000000000033e-02
7.149769999999999737e-03 -4.287449999999999942e-03 4.907560000000000047e-03 -1.550170000000000020e-02 1.776669999999999985e-02 -2.678260000000000016e-02 3.395879999999999732e-02 -4.549860000000000015e-02 4.144629999999999842e-02 -4.967459999999999931e-02 6.119859999999999883e-02 -7.186140000000000583e-02 7.395649999999999447e-02 -1.244399999999999951e-01 1.342589999999999895e-01 -4.281960000000000210e-01 8.017499999999999627e-01 -4.397539999999999782e-01 1.398089999999999888e-01 -1.328860000000000041e-01 7.895199999999999441e-02 -8.157159999999999411e-02 4.890200000000000102e-02 -3.872930000000000123e-02 2.878179999999999975e-02 -3.383520000000000277e-02 2.452829999999999941e-02 -3.051540000000000155e-02 2.110650000000000026e-02 -1.502339999999999925e-02 7.974210000000000673e-03 -2.640149999999999962e-03 -1.206929999999999939e-03 -3.204680000000000115e-03 7.739570000000000304e-03 1.446030000000000058e-03 7.809720000000000030e-03 -3.152530000000000176e-03 8.546180000000000443e-03 -4.084579999999999982e-03 1.198849999999999916e-02 3.686089999999999939e-03 1.107250000000000074e-02 -1.809410000000000011e-03 7.942730000000000276e-03 -9.584499999999999270e-03 6.970890000000000419e-03 -1.472270000000000002e-02 8.469060000000000477e-03 -1.635230000000000017e-02 2.146860000000000088e-02 -7.194810000000000268e-03 2.748580000000000120e-02 -2.958320000000000047e-02 2.559509999999999910e-02 -1.837870000000000129e-02 1.413080000000000065e-02 -2.556649999999999895e-02 1.917910000000000101e-02 -1.211519999999999958e-02
-1.218720000000000046e-02 2.025120000000000045e-02 -1.433719999999999960e-02 1.324200000000000030e-02 -1.404099999999999966e-02 2.473279999999999923e-02 -3.138400000000000217e-02 3.193610000000000199e-02 -3.424909999999999760e-02 4.301409999999999956e-02 -5.383179999999999910e-02 6.049340000000000273e-02 -7.628680000000000183e-02 8.247540000000000426e-02 -1.349100000000000021e-01 1.446010000000000073e-01 -4.397539999999999782e-01 8.017130000000000090e-01 -4.179149999999999809e-01 1.406330000000000080e-01 -1.244780000000000053e-01 8.830459999999999698e-02 -7.634319999999999995e-02 4.968720000000000081e-02 -4.438759999999999928e-02 3.817890000000000172e-02 -3.284680000000000238e-02 2.723180000000000045e-02 -1.976860000000000075e-02 2.252749999999999891e-02 -1.209089999999999991e-02 5.351589999999999819e-03 -2.078870000000000023e-03 5.051540000000000197e-03 -1.507009999999999947e-02 5.698049999999999643e-03 -1.242569999999999959e-02 1.034900000000000056e-02 -1.567309999999999884e-02 -5.387880000000000327e-05 -1.329879999999999951e-02 5.231219999999999967e-03 -1.527530000000000034e-02 5.281970000000000415e-03 -1.339130000000000008e-02 1.099550000000000007e-02 -5.798219999999999763e-03 1.630039999999999961e-02 -1.628800000000000039e-02 2.305010000000000045e-02 -2.139630000000000004e-02 8.367289999999999450e-03 -2.892930000000000154e-02 2.747760000000000133e-02 -1.928619999999999987e-02 1.446129999999999985e-02 -1.596109999999999890e-02 2.431979999999999906e-02 -1.934330000000000077e-02 1.639060000000000170e-02
1.228560000000000069e-02 -1.717199999999999976e-02 5.493950000000000049e-03 -1.253869999999999985e-02 1.322699999999999917e-02 -1.474870000000000000e-02 2.284800000000000025e-02 -3.048469999999999999e-02 2.802610000000000171e-02 -4.674640000000000045e-02 4.982360000000000261e-02 -6.175139999999999796e-02 5.757620000000000099e-02 -7.495179999999999898e-02 8.893650000000000166e-02 -1.354829999999999923e-01 1.398089999999999888e-01 -4.179149999999999809e-01 8.008170000000000011e-01 -4.450450000000000239e-01 1.370899999999999896e-01 -1.373649999999999871e-01 8.910559999999999314e-02 -7.608289999999999498e-02 4.870220000000000105e-02 -4.557300000000000240e-02 3.222069999999999795e-02 -4.071299999999999919e-02 3.418399999999999911e-02 -3.256830000000000142e-02 1.846980000000000149e-02 -1.550340000000000051e-02 1.576249999999999873e-02 -9.289659999999999931e-03 1.304160000000000041e-02 -9.137609999999999136e-03 7.236020000000000126e-03 -1.202119999999999925e-02 7.203260000000000392e-03 -6.287110000000000268e-03 1.722069999999999851e-02 -4.385649999999999618e-03 2.212880000000000055e-02 -1.241219999999999997e-02 1.380310000000000044e-02 -2.007969999999999894e-02 1.818420000000000106e-02 -2.962230000000000071e-02 2.537609999999999866e-02 -2.252919999999999923e-02 2.931749999999999981e-02 -1.479280000000000005e-02 2.987839999999999940e-02 -1.908699999999999980e-02 1.363209999999999943e-02 -1.836290000000000144e-02 1.763860000000000081e-02 -1.974860000000000157e-02 2.385169999999999998e-02 -1.998619999999999911e-02
-2.760400000000000006e-02 3.015050000000000022e-02 -2.237930000000000128e-02 3.244339999999999724e-02 -3.232140000000000013e-02 2.368349999999999969e-02 -2.710989999999999928e-02 3.126400000000000012e-02 -3.360849999999999949e-02 4.613099999999999840e-02 -4.916159999999999974e-02 5.185750000000000082e-02 -6.065369999999999789e-02 5.637810000000000044e-02 -8.670750000000000679e-02 9.247210000000000152e-02 -1.328860000000000041e-01 1.406330000000000080e-01 -4.450450000000000239e-01 8.014109999999999845e-01 -4.082520000000000038e-01 1.374489999999999879e-01 -1.248959999999999931e-01 7.434259999999999480e-02 -5.979519999999999974e-02 4.351839999999999875e-02 -4.126260000000000344e-02 4.121679999999999788e-02 -3.920819999999999861e-02 3.354689999999999755e-02 -1.984750000000000056e-02 2.242629999999999971e-02 -1.753029999999999866e-02 1.002520000000000017e-03 -4.542980000000000282e-03 3.509200000000000080e-04 -4.418609999999999899e-03 -8.028049999999999683e-04 5.299049999999999594e-03 -8.077420000000000086e-03 -7.435009999999999709e-03 2.320589999999999979e-03 -1.727659999999999960e-02 1.102200000000000055e-02 -1.709580000000000127e-02 1.558219999999999918e-02 -1.686090000000000158e-02 3.450589999999999907e-02 -2.684869999999999965e-02 2.354240000000000152e-02 -3.134529999999999955e-02 1.565420000000000006e-02 -2.956709999999999894e-02 2.199229999999999935e-02 -2.202969999999999928e-02 2.788420000000000135e-02 -2.908830000000000096e-02 2.691910000000000136e-02 -3.112660000000000080e-02 3.066630000000000050e-02
1.907100000000000115e-02 -2.438560000000000033e-02 2.224459999999999979e-02 -3.092090000000000116e-02 2.557569999999999982e-02 -2.524519999999999889e-02 2.188529999999999989e-02 -2.406789999999999971e-02 1.887120000000000117e-02 -3.204320000000000085e-02 2.900749999999999856e-02 -3.868540000000000173e-02 4.752850000000000130e-02 -5.332300000000000234e-02 6.561409999999999465e-02 -8.652749999999999331e-02 7.895199999999999441e-02 -1.244780000000000053e-01 1.370899999999999896e-01 -4.082520000000000038e-01 8.019979999999999887e-01 -4.491649999999999809e-01 1.442289999999999961e-01 -1.294109999999999983e-01 7.525619999999999532e-02 -7.372159999999999824e-02 5.625779999999999670e-02 -4.903969999999999857e-02 4.049320000000000003e-02 -3.627520000000000050e-02 1.231280000000000048e-02 -1.750420000000000101e-02 1.453469999999999936e-02 -1.185630000000000017e-03 -1.696479999999999993e-03 -1.030539999999999928e-03 4.715109999999999787e-03 -7.478040000000000251e-04 -8.774840000000000764e-03 9.295569999999999528e-03 3.177820000000000037e-03 -6.769589999999999809e-03 1.439739999999999943e-02 -1.996459999999999901e-02 2.066969999999999918e-02 -2.428759999999999947e-02 2.013579999999999884e-02 -2.411740000000000064e-02 2.191080000000000111e-02 -1.552480000000000006e-02 2.487369999999999859e-02 -1.294129999999999933e-02 2.947980000000000045e-02 -1.767579999999999846e-02 2.105939999999999895e-02 -2.197189999999999907e-02 2.598970000000000100e-02 -2.788440000000000016e-02 2.645580000000000154e-02 -2.466669999999999974e-02
-1.723879999999999857e-02 2.096929999999999975e-02 -2.283050000000000010e-02 3.302540000000000336e-02 -2.837550000000000142e-02 3.032730000000000148e-02 -3.389190000000000258e-02 3.707690000000000291e-02 -3.131300000000000056e-02 4.259659999999999835e-02 -3.873909999999999854e-02 4.019539999999999919e-02 -5.844250000000000139e-02 5.118140000000000189e-02 -6.710910000000000486e-02 7.334459999999999591e-02 -8.157159999999999411e-02 8.830459999999999698e-02 -1.373649999999999871e-01 1.374489999999999879e-01 -4.491649999999999809e-01 8.024090000000000389e-01 -4.168180000000000218e-01 1.434759999999999924e-01 -1.182639999999999941e-01 7.974019999999999719e-02 -6.839159999999999684e-02 5.883680000000000160e-02 -5.492439999999999822e-02 5.080679999999999918e-02 -3.369810000000000166e-02 2.753430000000000114e-02 -2.216430000000000136e-02 9.607140000000000124e-03 1.717980000000000028e-03 -4.449859999999999927e-03 -7.501599999999999761e-03 -1.721059999999999951e-03 -1.991339999999999864e-03 4.639879999999999764e-04 -1.409430000000000058e-02 2.558819999999999845e-03 -9.938650000000000262e-03 1.446039999999999999e-02 -1.617350000000000038e-02 2.414399999999999880e-02 -2.402340000000000031e-02 1.994790000000000105e-02 -2.850609999999999949e-02 1.661429999999999851e-02 -3.529569999999999930e-02 2.386160000000000017e-02 -4.452770000000000339e-02 2.712329999999999949e-02 -1.884819999999999898e-02 2.956519999999999981e-02 -3.573319999999999969e-02 3.127710000000000212e-02 -4.040359999999999785e-02 2.287250000000000047e-02
1.667659999999999976e-02 -2.477559999999999832e-02 2.503199999999999870e-02 -2.704929999999999835e-02 2.147779999999999828e-02 -2.158130000000000118e-02 2.970429999999999945e-02 -3.262559999999999766e-02 2.620880000000000085e-02 -4.415630000000000249e-02 3.226949999999999957e-02 -2.995319999999999927e-02 4.237110000000000182e-02 -4.107190000000000146e-02 4.882739999999999997e-02 -6.073989999999999945e-02 4.890200000000000102e-02 -7.634319999999999995e-02 8.910559999999999314e-02 -1.248959999999999931e-01 1.442289999999999961e-01 -4.168180000000000218e-01 8.025290000000000479e-01 -4.390200000000000213e-01 1.305439999999999934e-01 -1.289089999999999958e-01 7.175879999999999759e-02 -7.331219999999999404e-02 5.378739999999999910e-02 -4.967160000000000325e-02 3.997570000000000290e-02 -4.356079999999999675e-02 2.590550000000000144e-02 -7.385820000000000406e-03 4.122719999999999857e-03 -1.657600000000000046e-02 1.505760000000000084e-02 -8.607019999999999949e-03 1.165670000000000074e-02 -1.285919999999999945e-02 1.976040000000000088e-02 -1.848709999999999937e-02 1.978450000000000000e-02 -2.156699999999999937e-02 1.854369999999999977e-02 -2.467350000000000099e-02 2.821169999999999928e-02 -1.355909999999999928e-02 1.586790000000000075e-02 -7.083329999999999661e-03 2.442340000000000136e-02 -1.623329999999999912e-02 2.974780000000000132e-02 -2.075540000000000024e-02 2.537319999999999853e-02 -3.004470000000000057e-02 3.339489999999999820e-02 -2.399569999999999828e-02 2.844479999999999925e-02 -2.690499999999999836e-02
-1.754090000000000163e-02 1.746139999999999845e-02 -2.281520000000000076e-02 1.652030000000000165e-02 -2.330089999999999939e-02 2.396989999999999885e-02 -2.522800000000000042e-02 3.228860000000000063e-02 -2.106469999999999870e-02 2.783230000000000079e-02 -2.486390000000000128e-02 1.328790000000000006e-02 -3.074400000000000049e-02 2.819189999999999890e-02 -4.374929999999999791e-02 5.658620000000000316e-02 -3.872930000000000123e-02 4.968720000000000081e-02 -7.608289999999999498e-02 7.434259999999999480e-02 -1.294109999999999983e-01 1.434759999999999924e-01 -4.390200000000000213e-01 8.009129999999999860e-01 -4.129530000000000145e-01 1.421439999999999926e-01 -1.174100000000000005e-01 7.886260000000000492e-02 -5.419500000000000012e-02 4.391969999999999902e-02 -3.958770000000000344e-02 3.390359999999999902e-02 -2.676080000000000125e-02 5.261469999999999862e-03 -1.256799999999999931e-02 1.935600000000000168e-02 -3.954970000000000360e-03 8.284609999999999544e-03 -1.124409999999999993e-02 9.578949999999999271e-03 -2.115759999999999863e-02 1.457679999999999913e-02 -1.595610000000000084e-02 1.811770000000000047e-02 -1.934560000000000099e-02 1.115640000000000034e-02 -2.160569999999999852e-02 -1.700920000000000079e-03 -3.956269999999999579e-03 -5.096400000000000062e-03 -1.511640000000000032e-02 2.709519999999999984e-03 -1.283059999999999930e-02 1.427400000000000023e-02 -1.834710000000000160e-02 1.984350000000000003e-02 -2.529920000000000085e-02 1.898259999999999878e-02 -2.367829999999999935e-02 2.389590000000000117e-02
9.867600000000000676e-03 -1.530940000000000079e-02 2.755660000000000054e-02 -2.543619999999999909e-02 2.761299999999999866e-02 -3.010799999999999935e-02 1.739570000000000005e-02 -2.127739999999999840e-02 6.136299999999999914e-03 -9.421529999999999141e-03 1.720019999999999882e-02 -1.496079999999999979e-02 2.125540000000000068e-02 -2.161959999999999923e-02 2.700160000000000060e-02 -4.740869999999999806e-02 2.878179999999999975e-02 -4.438759999999999928e-02 4.870220000000000105e-02 -5.979519999999999974e-02 7.525619999999999532e-02 -1.182639999999999941e-01 1.305439999999999934e-01 -4.129530000000000145e-01 8.016010000000000080e-01 -4.444089999999999985e-01 1.359569999999999945e-01 -1.325659999999999894e-01 7.422220000000000206e-02 -6.850430000000000408e-02 5.464150000000000257e-02 -4.740219999999999850e-02 3.159789999999999821e-02 -2.643090000000000023e-02 2.539009999999999878e-02 -3.338719999999999882e-02 1.071929999999999931e-02 -2.162009999999999973e-02 2.401309999999999903e-02 -1.792449999999999946e-02 2.427160000000000081e-02 -2.553249999999999964e-02 2.140540000000000151e-02 -1.922449999999999853e-02 2.005790000000000003e-02 -1.012990000000000071e-02 1.914209999999999870e-02 -9.877399999999999722e-03 1.227130000000000061e-02 -1.200239999999999987e-03 2.193360000000000101e-02 -1.358189999999999918e-02 2.201310000000000072e-02 -2.121610000000000162e-02 2.022380000000000011e-02 -1.882359999999999936e-02 2.318370000000000153e-02 -1.787609999999999894e-02 2.498790000000000039e-02 -2.023940000000000114e-02
-1.493019999999999937e-02 1.511039999999999953e-02 -2.342659999999999881e-02 2.675349999999999950e-02 -2.766120000000000037e-02 1.966069999999999970e-02 -1.575549999999999867e-02 2.281400000000000095e-02 -1.027559999999999932e-02 1.189540000000000042e-02 -1.439129999999999923e-02 1.011029999999999915e-02 -2.463560000000000055e-02 2.400959999999999900e-02 -3.219090000000000146e-02 4.179490000000000288e-02 -3.383520000000000277e-02 3.817890000000000172e-02 -4.557300000000000240e-02 4.351839999999999875e-02 -7.372159999999999824e-02 7.974019999999999719e-02 -1.289089999999999958e-01 1.421439999999999926e-01 -4.444089999999999985e-01 8.020380000000000287e-01 -4.074590000000000156e-01 1.339809999999999890e-01 -1.176080000000000042e-01 7.406000000000000083e-02 -5.609809999999999797e-02 5.149900000000000311e-02 -4.337160000000000321e-02 2.581280000000000033e-02 -2.378399999999999959e-02 3.182680000000000231e-02 -1.092120000000000070e-02 1.744640000000000080e-02 -1.747699999999999948e-02 5.575250000000000344e-03 -1.400610000000000049e-02 1.090909999999999970e-02 -1.288109999999999949e-02 9.946379999999999458e-03 -1.422849999999999983e-02 2.637200000000000134e-03 -1.899450000000000097e-02 1.114489999999999925e-02 -1.616089999999999888e-02 2.348620000000000048e-03 -1.307739999999999944e-02 6.212780000000000212e-03 -1.878190000000000068e-02 1.401759999999999985e-02 -1.649509999999999865e-02 1.409009999999999950e-02 -1.872249999999999956e-02 1.596219999999999931e-02 -2.711459999999999912e-02 2.822370000000000087e-02
