# <Sz_i Sz_j >
7.533190510999999701e-01 -2.408072907999999901e-01 1.197435981000000010e-01 -1.062171987000000012e-01 9.938378211999999989e-02 -1.046795630000000032e-01 1.079669295999999973e-01 -2.437761194999999992e-01 -2.417460553999999928e-01 1.263861286999999889e-01 -1.256410477999999886e-01 1.100097319999999990e-01 -1.099107547000000018e-01 1.025478999000000030e-01 -1.264615977999999918e-01 1.287852563000000117e-01 1.166912378000000000e-01 -1.296742510999999987e-01 1.074813933000000055e-01 -1.100430384999999955e-01 1.103368868000000058e-01 -1.127727954999999949e-01 1.150239175999999974e-01 -1.230916883000000017e-01 -1.116772198000000049e-01 1.028575833999999939e-01 -1.112148126999999986e-01 1.020609813000000060e-01 -1.061592927000000047e-01 1.104771581999999946e-01 -1.012355877000000043e-01 1.062036244999999962e-01 1.017822919000000020e-01 -1.117620819000000043e-01 1.079204785000000000e-01 -1.093401080000000053e-01 1.034199308000000039e-01 -9.937434623999999439e-02 9.995718955000000572e-02 -1.009852123000000018e-01 -1.109591211000000022e-01 1.097565241000000025e-01 -1.188805225000000021e-01 1.045400580999999995e-01 -1.091538539999999946e-01 1.077667263000000042e-01 -9.998652916000000390e-02 1.002914069999999991e-01 1.212151498999999993e-01 -1.301703681999999973e-01 1.057172269000000026e-01 -1.045077120999999970e-01 1.066589015999999945e-01 -1.064078225999999933e-01 1.022171650999999931e-01 -1.218974825000000012e-01 -2.448216152000000090e-01 1.329824608000000075e-01 -1.231588265999999932e-01 9.833585947999999577e-02 -9.850296782999999612e-02 1.049305105000000043e-01 -1.230246594999999943e-01 1.253396197999999961e-01
-2.408072907999999901e-01 7.549047730000000289e-01 -2.473839479999999924e-01 1.145295028999999964e-01 -1.051371662000000068e-01 1.033943979000000041e-01 -1.044874789999999942e-01 1.126913625999999974e-01 1.282098684000000099e-01 -2.427989211000000092e-01 1.304103221000000035e-01 -1.309251254999999892e-01 1.149376285999999942e-01 -1.010780678000000044e-01 1.068198961000000058e-01 -1.257414287999999991e-01 -1.229287487000000068e-01 1.209212385999999945e-01 -1.242519941999999933e-01 1.117495946999999962e-01 -1.122685862000000062e-01 1.142139266999999958e-01 -1.101570201999999971e-01 1.118905672999999934e-01 1.029700045999999980e-01 -1.049331762000000057e-01 1.080051971000000055e-01 -1.142702205999999998e-01 1.071946116999999976e-01 -1.097757280999999974e-01 9.719769257999999468e-02 -1.013969083999999993e-01 -1.063556019999999935e-01 1.041037919000000062e-01 -1.040144872999999998e-01 1.125056257999999948e-01 -1.076948959999999983e-01 9.462064855000000552e-02 -9.805350593000000670e-02 9.863189153000000153e-02 1.121281284999999933e-01 -1.044460714000000068e-01 1.148343366000000032e-01 -1.106183859999999991e-01 1.087432173999999946e-01 -1.047178183999999956e-01 9.523278055000000686e-02 -1.033098357000000050e-01 -1.279315501000000133e-01 1.213169625000000001e-01 -1.217105319000000019e-01 1.067397179000000029e-01 -1.098402083000000057e-01 1.027548352000000054e-01 -1.026531189000000066e-01 1.107410650999999940e-01 1.340766127999999946e-01 -2.505372117999999926e-01 1.279824105000000045e-01 -1.186863445999999933e-01 1.028403444999999999e-01 -1.052170738000000050e-01 1.055062959999999994e-01 -1.218449454000000015e-01
1.197435981000000010e-01 -2.473839479999999924e-01 7.532564121999999474e-01 -2.352843518999999939e-01 1.151302760999999980e-01 -1.085968590999999983e-01 9.229275278000000082e-02 -1.011870943000000023e-01 -1.224378173000000014e-01 1.318621013999999869e-01 -2.477894633000000124e-01 1.301463085000000020e-01 -1.285440144999999978e-01 9.824155176000000378e-02 -9.904944272000000549e-02 1.017923589000000045e-01 1.012624572999999972e-01 -1.249469753999999933e-01 1.099933475999999993e-01 -1.164951417999999933e-01 1.090789139999999990e-01 -1.098007096999999987e-01 1.062875256999999962e-01 -1.037255947000000067e-01 -1.078818748999999938e-01 1.034347570000000022e-01 -1.108966541000000056e-01 1.044514931999999952e-01 -1.137738078000000014e-01 1.087275307999999996e-01 -9.921606989999999515e-02 9.430027254999999442e-02 1.054205919999999935e-01 -1.061248867000000040e-01 1.022116084999999952e-01 -1.153786333999999997e-01 1.052458208000000006e-01 -1.001344720000000021e-01 1.069243088000000064e-01 -1.001603499000000008e-01 -1.159718260000000001e-01 1.050058756000000065e-01 -1.129594651000000033e-01 1.075631573000000035e-01 -1.068566014999999952e-01 1.053291836999999953e-01 -9.743210721999999435e-02 1.025807343999999982e-01 1.146617240000000065e-01 -1.275727503000000096e-01 1.150464347999999998e-01 -1.219314388999999943e-01 1.039283581000000067e-01 -1.046100927000000042e-01 9.854437424999999695e-02 -1.022820531000000061e-01 -1.229065606000000060e-01 1.319873675000000079e-01 -2.452900749999999963e-01 1.237613226999999955e-01 -1.142632202000000013e-01 1.029518653999999950e-01 -1.034415053000000001e-01 9.710768202000000238e-02
-1.062171987000000012e-01 1.145295028999999964e-01 -2.352843518999999939e-01 7.539145597999999948e-01 -2.463472986999999947e-01 1.155574991000000024e-01 -9.468666471999999390e-02 9.725883181000000155e-02 1.033917990000000064e-01 -1.192915420999999948e-01 1.248721940000000058e-01 -2.375164956999999966e-01 1.334597704000000107e-01 -1.176264360000000009e-01 1.013880855999999969e-01 -1.020837282000000013e-01 -1.090561146000000037e-01 1.085207373999999975e-01 -1.217444533999999939e-01 1.161643675000000042e-01 -1.196239459000000005e-01 1.050495419000000014e-01 -1.075400460000000002e-01 1.016011644999999936e-01 1.025005298000000037e-01 -1.064364611000000044e-01 1.135292509000000033e-01 -1.063564552000000052e-01 1.053164015999999981e-01 -1.099901481999999986e-01 1.019006139000000061e-01 -9.469101265000000323e-02 -9.952259636999999382e-02 1.058157562999999940e-01 -1.073506513000000023e-01 1.078433023999999935e-01 -1.054946489999999959e-01 1.081926908000000048e-01 -1.083681648999999941e-01 9.959087010999999323e-02 1.063310190999999932e-01 -1.108175685000000049e-01 1.154524670000000031e-01 -1.061602323000000042e-01 1.050850232000000023e-01 -1.139437964999999997e-01 9.898746611000000528e-02 -1.058467361999999995e-01 -1.105163199000000068e-01 1.120830141000000030e-01 -1.232197733000000017e-01 1.142845452999999983e-01 -1.217833635999999997e-01 1.087532544999999934e-01 -1.039556449999999993e-01 9.889705146999999696e-02 1.062731466000000069e-01 -1.225727087999999992e-01 1.281592172000000085e-01 -2.483090695999999875e-01 1.181281542000000018e-01 -1.260917943000000041e-01 1.032462647000000067e-01 -9.191715685000000080e-02
9.938378211999999989e-02 -1.051371662000000068e-01 1.151302760999999980e-01 -2.463472986999999947e-01 7.539595438999999732e-01 -2.402587992999999922e-01 1.067164057999999971e-01 -9.635381679000000477e-02 -9.960313265999999610e-02 1.027455163000000060e-01 -1.275830048000000105e-01 1.325148194999999918e-01 -2.492463302000000047e-01 1.257702069999999950e-01 -1.244323660999999970e-01 1.059316344000000021e-01 1.090209716000000023e-01 -1.132952811000000060e-01 1.065461062000000042e-01 -1.243550159999999988e-01 1.139458332999999934e-01 -1.183075548000000060e-01 1.072208870999999952e-01 -1.056008444000000046e-01 -1.136420865000000030e-01 1.057263690999999950e-01 -1.160299986000000033e-01 1.113077254000000016e-01 -1.067724523999999953e-01 1.060050388000000066e-01 -1.057373674000000041e-01 1.000428062000000007e-01 1.008029579999999981e-01 -1.081137276000000008e-01 1.050510957999999939e-01 -1.051773433999999979e-01 9.829566471999999500e-02 -1.026709818999999996e-01 1.059949963999999994e-01 -1.023879565000000019e-01 -1.141006308999999996e-01 1.026068960999999974e-01 -1.122162175000000067e-01 1.073612035000000020e-01 -1.054357551000000004e-01 1.102726779000000046e-01 -1.078181864999999962e-01 1.082843017000000019e-01 1.050786808999999988e-01 -1.099483353999999996e-01 1.146760777000000037e-01 -1.253314482000000007e-01 1.119800583999999988e-01 -1.209256434000000047e-01 1.043540527000000051e-01 -1.023452995999999948e-01 -1.047290409999999949e-01 1.053192394999999948e-01 -1.227496829999999983e-01 1.282138643999999883e-01 -2.438909355999999973e-01 1.309948501000000043e-01 -1.234643710999999977e-01 9.537337346999999466e-02
-1.046795630000000032e-01 1.033943979000000041e-01 -1.085968590999999983e-01 1.155574991000000024e-01 -2.402587992999999922e-01 7.544296002999999473e-01 -2.398474262999999995e-01 1.093502024999999933e-01 1.038315618999999940e-01 -1.087312965999999992e-01 1.033094744000000037e-01 -1.291604617000000066e-01 1.305139634999999965e-01 -2.469031884000000010e-01 1.315862881000000040e-01 -1.190054821000000040e-01 -1.142333970999999948e-01 1.108389609999999997e-01 -1.053110181999999950e-01 1.073940884000000040e-01 -1.251888151999999976e-01 1.195438590999999967e-01 -1.237378977999999963e-01 1.022209761999999938e-01 1.090627923000000027e-01 -1.028153772999999965e-01 1.053779601000000010e-01 -1.119360008999999989e-01 1.072651845999999937e-01 -1.149133675999999965e-01 1.036510325000000038e-01 -1.014405788000000003e-01 -9.949328288000000575e-02 1.066065102999999986e-01 -1.035232170999999951e-01 1.103279447999999940e-01 -1.060522309999999968e-01 1.018773062000000035e-01 -1.089426307000000010e-01 1.033562831000000015e-01 1.094139623999999950e-01 -1.045526471000000068e-01 1.123232881000000016e-01 -1.076332039999999962e-01 1.089552637999999934e-01 -1.177847253000000038e-01 1.073957148000000000e-01 -1.133478705999999975e-01 -1.122687596000000038e-01 1.092428522000000041e-01 -1.024931344000000050e-01 1.079734467999999975e-01 -1.232037485999999959e-01 1.236861516000000022e-01 -1.260347022999999955e-01 1.047628136000000043e-01 1.090071990999999935e-01 -1.130797914000000043e-01 1.070362999000000065e-01 -1.177092242999999983e-01 1.257662280999999882e-01 -2.468686747999999931e-01 1.294826277999999997e-01 -1.167905139000000037e-01
1.079669295999999973e-01 -1.044874789999999942e-01 9.229275278000000082e-02 -9.468666471999999390e-02 1.067164057999999971e-01 -2.398474262999999995e-01 7.546967663000000437e-01 -2.342634261000000051e-01 -1.144471616999999941e-01 1.015989016999999939e-01 -1.022928540000000025e-01 1.066993564999999949e-01 -1.212294995999999986e-01 1.199002871000000026e-01 -2.441877108999999935e-01 1.270189822999999996e-01 1.047155845000000002e-01 -1.095118127000000025e-01 9.520627883000000458e-02 -1.032326731000000053e-01 1.078174437999999957e-01 -1.133455614999999972e-01 1.125706818000000026e-01 -1.089166000999999967e-01 -1.056816000999999949e-01 9.832466439999999752e-02 -1.015982319000000023e-01 1.030889006000000052e-01 -9.959744233999999474e-02 9.803141339000000232e-02 -9.220014726000000382e-02 9.766717617999999546e-02 8.986498486999999757e-02 -9.869909865999999810e-02 9.681187363000000323e-02 -1.051523272000000064e-01 1.020491891000000068e-01 -9.443586794000000117e-02 9.831402736000000031e-02 -9.656496456999999478e-02 -1.079015058999999999e-01 1.022711847999999979e-01 -1.023685391999999972e-01 9.432921404999999870e-02 -1.098019677000000027e-01 9.995312918000000268e-02 -9.340478218000000665e-02 1.007092343000000056e-01 1.086224821999999951e-01 -1.049197959000000013e-01 9.393119725000000086e-02 -9.641761456000000341e-02 1.076207510999999950e-01 -1.153945296999999981e-01 1.050887749999999954e-01 -1.176079005000000011e-01 -1.191316770999999997e-01 1.000741980999999975e-01 -9.958558730000000025e-02 9.859382315999999646e-02 -1.208589956999999993e-01 1.251701500000000078e-01 -2.427470542000000064e-01 1.178559406000000004e-01
-2.437761194999999992e-01 1.126913625999999974e-01 -1.011870943000000023e-01 9.725883181000000155e-02 -9.635381679000000477e-02 1.093502024999999933e-01 -2.342634261000000051e-01 7.557757009000000137e-01 1.226378657999999955e-01 -1.124216712000000035e-01 1.023794779999999960e-01 -1.089456540000000029e-01 1.060508782999999983e-01 -1.132541797999999933e-01 1.290542101000000108e-01 -2.375028630000000085e-01 -1.212670363000000057e-01 1.099264439999999982e-01 -1.012105640999999973e-01 9.961182620000000321e-02 -1.020988159999999950e-01 1.005551073000000017e-01 -1.189835629000000061e-01 1.107317232000000068e-01 1.027416817000000038e-01 -1.021366888000000001e-01 9.970637927000000622e-02 -9.794688915999999468e-02 9.939620152000000486e-02 -1.020706980999999958e-01 9.545428528999999607e-02 -9.605480738999999657e-02 -9.833006943000000000e-02 1.041704100999999993e-01 -1.047669504999999973e-01 9.802439498999999945e-02 -1.055644253000000005e-01 8.843367460999999874e-02 -9.799720625999999712e-02 9.674874157000000474e-02 1.017814481000000049e-01 -1.062261188999999995e-01 1.052756497999999957e-01 -9.969537086999999409e-02 1.040152582000000020e-01 -1.034246662000000011e-01 9.352195680000000011e-02 -1.038217527000000057e-01 -1.246215294999999945e-01 1.073879254000000005e-01 -1.038996459999999983e-01 9.024524713999999836e-02 -1.014154372999999942e-01 9.947283185999999944e-02 -1.116097768000000046e-01 1.163906947999999997e-01 1.317990075000000094e-01 -1.175395897999999967e-01 9.580815232000000625e-02 -9.217699059999999445e-02 9.597112945999999867e-02 -1.122077753000000067e-01 1.214747169000000016e-01 -2.336553835000000079e-01
-2.417460553999999928e-01 1.282098684000000099e-01 -1.224378173000000014e-01 1.033917990000000064e-01 -9.960313265999999610e-02 1.038315618999999940e-01 -1.144471616999999941e-01 1.226378657999999955e-01 7.543758449999999893e-01 -2.424198495999999869e-01 1.188074518000000052e-01 -1.095866825000000044e-01 1.049301995000000015e-01 -1.056210555999999995e-01 1.118686482999999982e-01 -2.421608309999999931e-01 -2.397219502999999863e-01 1.296170107999999876e-01 -1.181673501999999931e-01 1.071432127000000040e-01 -1.056658740000000068e-01 1.118943433000000043e-01 -1.249549892999999995e-01 1.262217569000000095e-01 1.133055245999999988e-01 -1.210757529999999943e-01 1.100677520000000048e-01 -1.025061490999999991e-01 1.046412153000000067e-01 -1.140094682999999998e-01 1.086849218999999950e-01 -1.173819405999999982e-01 -1.078797598999999968e-01 1.078350956999999943e-01 -1.063519829000000028e-01 1.099401272999999957e-01 -1.079520756999999970e-01 1.009928966000000067e-01 -1.073915002000000035e-01 1.051310956999999963e-01 1.105689051999999978e-01 -1.061542763999999972e-01 1.056853420999999960e-01 -1.055353405999999994e-01 1.096174993000000042e-01 -1.055313821000000013e-01 1.048225031000000057e-01 -1.080706617999999952e-01 -1.128718474000000027e-01 1.075833085000000022e-01 -1.050792638999999973e-01 1.020035725999999948e-01 -1.086049897000000014e-01 1.013120913000000040e-01 -1.048577895000000065e-01 1.088422708999999960e-01 1.204113064000000011e-01 -1.276619209000000033e-01 1.042910677000000036e-01 -1.026812753999999939e-01 9.854354095999999508e-02 -1.046941651000000001e-01 1.044942343000000023e-01 -1.200189200999999956e-01
1.263861286999999889e-01 -2.427989211000000092e-01 1.318621013999999869e-01 -1.192915420999999948e-01 1.027455163000000060e-01 -1.087312965999999992e-01 1.015989016999999939e-01 -1.124216712000000035e-01 -2.424198495999999869e-01 7.547704815000000345e-01 -2.465723522999999917e-01 1.202567224999999962e-01 -1.110494246000000018e-01 1.010987834999999974e-01 -1.122163337000000038e-01 1.136840466999999993e-01 1.219349433000000010e-01 -2.488789711999999932e-01 1.306786698000000080e-01 -1.274865776999999922e-01 1.079540221000000050e-01 -1.027840495000000021e-01 1.042252748000000034e-01 -1.197441384000000053e-01 -1.258631369000000055e-01 1.093052298000000006e-01 -1.310268021999999866e-01 1.107283856000000066e-01 -1.089588014999999938e-01 1.075449737000000044e-01 -1.035945281999999940e-01 9.975658177000000515e-02 1.072843153000000022e-01 -1.075711933000000065e-01 1.060665714999999981e-01 -1.178649216999999999e-01 1.090315310999999954e-01 -1.027462672999999993e-01 1.015935820000000017e-01 -1.026804583999999937e-01 -1.102838265999999956e-01 1.087024805000000038e-01 -1.143035495999999984e-01 1.095525385000000046e-01 -1.044707666000000007e-01 1.061252362999999949e-01 -9.839398874999999434e-02 1.065073671999999944e-01 1.077860761000000028e-01 -1.139832449999999969e-01 1.109822300999999956e-01 -1.066404038000000054e-01 1.032816423000000039e-01 -9.649484759000000189e-02 9.682256621000000230e-02 -1.049240515000000040e-01 -1.251011854999999895e-01 1.217757460000000042e-01 -1.191687525000000025e-01 1.015287539999999988e-01 -1.008132733000000059e-01 1.042400930000000059e-01 -1.070336355000000017e-01 1.035129706999999982e-01
-1.256410477999999886e-01 1.304103221000000035e-01 -2.477894633000000124e-01 1.248721940000000058e-01 -1.275830048000000105e-01 1.033094744000000037e-01 -1.022928540000000025e-01 1.023794779999999960e-01 1.188074518000000052e-01 -2.465723522999999917e-01 7.516269543000000386e-01 -2.477973857000000113e-01 1.233545553000000017e-01 -1.064457344000000055e-01 1.063195536000000052e-01 -1.029549921999999978e-01 -1.158808887999999981e-01 1.277302455999999864e-01 -2.424860634000000070e-01 1.273215883000000104e-01 -1.216769298999999943e-01 1.041296451000000012e-01 -1.056487224000000058e-01 1.004234670000000024e-01 1.138247532000000034e-01 -1.220264015000000063e-01 1.234624946000000001e-01 -1.256225380999999863e-01 1.108529005999999983e-01 -1.079557911999999981e-01 1.018355065000000059e-01 -1.030917764000000014e-01 -1.135931525000000025e-01 1.086352317999999956e-01 -1.074965187999999960e-01 1.175541343999999960e-01 -1.117660362999999962e-01 1.022911160000000014e-01 -1.065983823000000025e-01 1.051142619000000056e-01 1.090191419999999994e-01 -1.090512983999999963e-01 1.129057958999999944e-01 -1.093250085999999954e-01 1.104840217999999985e-01 -1.134171253000000046e-01 1.048260617000000006e-01 -1.101726843000000039e-01 -1.170203788000000050e-01 1.059107573000000052e-01 -1.104497740000000006e-01 1.087011058000000030e-01 -1.107973577999999959e-01 1.036942921999999961e-01 -1.072778588999999949e-01 1.064491411999999998e-01 1.133145965000000033e-01 -1.250863885000000064e-01 1.163499768000000045e-01 -1.235591441000000040e-01 1.091340640999999972e-01 -1.103899309999999967e-01 1.088008616000000067e-01 -1.034602089000000030e-01
1.100097319999999990e-01 -1.309251254999999892e-01 1.301463085000000020e-01 -2.375164956999999966e-01 1.325148194999999918e-01 -1.291604617000000066e-01 1.066993564999999949e-01 -1.089456540000000029e-01 -1.095866825000000044e-01 1.202567224999999962e-01 -2.477973857000000113e-01 7.528184392000000225e-01 -2.536818728999999939e-01 1.187380962999999984e-01 -1.091953769000000019e-01 1.092434313999999934e-01 1.095987625999999965e-01 -1.251556396000000071e-01 1.309055979000000036e-01 -2.434659925000000058e-01 1.319459325000000016e-01 -1.244992003000000014e-01 1.085545750999999948e-01 -1.080565794999999996e-01 -1.173054488000000034e-01 1.086358375999999931e-01 -1.339243813999999866e-01 1.145875704999999994e-01 -1.263488567000000118e-01 1.151195675000000057e-01 -1.129185827000000059e-01 9.893700258000000247e-02 1.060767348000000027e-01 -1.142321463000000037e-01 1.068228211000000066e-01 -1.160720705999999935e-01 1.091551339000000065e-01 -1.076680614000000008e-01 1.113284487999999933e-01 -1.089486890000000013e-01 -1.081527468000000047e-01 1.086329647999999953e-01 -1.139887311000000042e-01 1.080758646999999961e-01 -1.093541157999999985e-01 1.111422761000000065e-01 -1.121639462999999975e-01 1.145965788000000013e-01 1.087117682999999974e-01 -1.073095121000000041e-01 1.140613045000000020e-01 -1.178692467999999938e-01 1.108187013999999970e-01 -1.107658534999999972e-01 1.070309346000000023e-01 -1.079675818999999981e-01 -1.133728041999999964e-01 1.149184852999999978e-01 -1.236612093000000051e-01 1.181587707999999931e-01 -1.271657424000000036e-01 1.136084428000000007e-01 -1.134668446000000053e-01 1.006060108000000064e-01
-1.099107547000000018e-01 1.149376285999999942e-01 -1.285440144999999978e-01 1.334597704000000107e-01 -2.492463302000000047e-01 1.305139634999999965e-01 -1.212294995999999986e-01 1.060508782999999983e-01 1.049301995000000015e-01 -1.110494246000000018e-01 1.233545553000000017e-01 -2.536818728999999939e-01 7.564041367999999599e-01 -2.481775421000000093e-01 1.140550929000000019e-01 -1.092881970000000036e-01 -1.108043996000000059e-01 1.103420640999999980e-01 -1.251479034999999906e-01 1.281530837000000034e-01 -2.474254600999999942e-01 1.332953913000000101e-01 -1.281866329999999943e-01 1.099475840999999954e-01 1.095609354999999979e-01 -1.101311214000000038e-01 1.124257798000000003e-01 -1.257163430999999887e-01 1.190286551999999998e-01 -1.258259922999999947e-01 1.129232839999999988e-01 -1.086913092999999969e-01 -1.052283116999999935e-01 1.139937911000000054e-01 -1.121056411000000003e-01 1.149436524999999931e-01 -1.143494523999999957e-01 1.116869852000000052e-01 -1.169676181999999981e-01 1.087412417999999992e-01 1.107847037000000007e-01 -1.125513390000000002e-01 1.167625340999999956e-01 -1.080232606999999984e-01 1.091932481999999954e-01 -1.112700917000000039e-01 1.071855716999999958e-01 -1.135241876000000066e-01 -1.127031208000000007e-01 1.092650653999999999e-01 -1.150488561999999937e-01 1.092326767000000032e-01 -1.027208039999999989e-01 1.097194452000000015e-01 -1.141536761999999983e-01 9.902238691999999676e-02 1.157419450999999933e-01 -1.153642002999999971e-01 1.092556006999999968e-01 -1.231268994000000033e-01 1.130196552999999937e-01 -1.270495549000000002e-01 1.092478194999999958e-01 -1.077511451999999953e-01
1.025478999000000030e-01 -1.010780678000000044e-01 9.824155176000000378e-02 -1.176264360000000009e-01 1.257702069999999950e-01 -2.469031884000000010e-01 1.199002871000000026e-01 -1.132541797999999933e-01 -1.056210555999999995e-01 1.010987834999999974e-01 -1.064457344000000055e-01 1.187380962999999984e-01 -2.481775421000000093e-01 7.528344480999999977e-01 -2.383401537000000014e-01 1.176495676999999990e-01 1.095539264999999957e-01 -1.095570706000000005e-01 9.907475040999999538e-02 -1.229999105999999981e-01 1.290271302999999870e-01 -2.410305742999999945e-01 1.302172403000000089e-01 -1.203307323000000068e-01 -1.077922620999999942e-01 1.010780752000000060e-01 -1.046622172000000045e-01 1.089493886999999966e-01 -1.234325980000000045e-01 1.192919246000000016e-01 -1.205650479999999941e-01 1.056626900999999980e-01 9.861111562999999580e-02 -1.069747619000000066e-01 1.038481611999999971e-01 -1.078453864000000068e-01 1.009539374999999933e-01 -1.042543439999999988e-01 1.107719429999999977e-01 -1.084862555000000034e-01 -1.094643911000000025e-01 1.068460571999999970e-01 -1.051950678999999944e-01 1.019628969000000024e-01 -1.037741947999999970e-01 1.045421452000000057e-01 -9.832366955000000630e-02 1.078765701999999937e-01 1.050972443999999978e-01 -1.005789750999999954e-01 9.936990457000000054e-02 -1.016176409999999947e-01 1.024973732999999998e-01 -1.076828333000000026e-01 1.008965950000000056e-01 -1.047764087999999982e-01 -1.060073128000000031e-01 1.062690010999999962e-01 -1.035063700000000003e-01 9.663583084000000600e-02 -1.203748453999999996e-01 1.120822865999999973e-01 -1.203601901999999946e-01 9.857960732999999920e-02
-1.264615977999999918e-01 1.068198961000000058e-01 -9.904944272000000549e-02 1.013880855999999969e-01 -1.244323660999999970e-01 1.315862881000000040e-01 -2.441877108999999935e-01 1.290542101000000108e-01 1.118686482999999982e-01 -1.122163337000000038e-01 1.063195536000000052e-01 -1.091953769000000019e-01 1.140550929000000019e-01 -2.383401537000000014e-01 7.555649871999999823e-01 -2.468139646999999992e-01 -1.275467566000000053e-01 1.105048549000000047e-01 -1.003165366000000058e-01 1.082091874999999981e-01 -1.255718838999999865e-01 1.231526676000000015e-01 -2.368006567000000007e-01 1.278233856000000057e-01 1.086402196000000042e-01 -1.053853928999999995e-01 1.029822950000000015e-01 -1.114162610999999969e-01 1.092765750000000008e-01 -1.258017311999999888e-01 1.089054042999999944e-01 -1.165405837000000056e-01 -1.053500084999999947e-01 1.069503876000000020e-01 -1.028107946999999994e-01 1.044017574000000032e-01 -1.104947126000000029e-01 1.038045192999999949e-01 -1.046925147999999972e-01 1.024613033999999950e-01 1.053229759999999987e-01 -1.076073676000000034e-01 1.101911725999999980e-01 -1.070011277000000038e-01 1.061040401000000050e-01 -1.016034009999999960e-01 9.949516657000000153e-02 -1.074845494000000040e-01 -1.119564391999999936e-01 1.034507157999999954e-01 -1.052036159999999998e-01 9.900883101000000630e-02 -1.033500440000000020e-01 1.058512404999999990e-01 -1.056184267000000038e-01 1.083141053000000048e-01 1.122705573999999984e-01 -1.132751406999999988e-01 9.977249700000000165e-02 -9.573814015999999871e-02 1.086849131999999968e-01 -1.266446928999999944e-01 1.176930404999999985e-01 -1.179022960999999980e-01
1.287852563000000117e-01 -1.257414287999999991e-01 1.017923589000000045e-01 -1.020837282000000013e-01 1.059316344000000021e-01 -1.190054821000000040e-01 1.270189822999999996e-01 -2.375028630000000085e-01 -2.421608309999999931e-01 1.136840466999999993e-01 -1.029549921999999978e-01 1.092434313999999934e-01 -1.092881970000000036e-01 1.176495676999999990e-01 -2.468139646999999992e-01 7.531719140000000534e-01 1.323202045000000104e-01 -1.231088953000000069e-01 1.021840006999999995e-01 -1.094129635999999961e-01 1.142933205999999979e-01 -1.228681266000000022e-01 1.246314607000000019e-01 -2.425594922000000042e-01 -1.159047958999999961e-01 1.111385413999999988e-01 -1.077567271000000049e-01 1.017415507000000024e-01 -1.065702355999999934e-01 1.032405651000000008e-01 -1.148666960000000042e-01 1.107527980999999939e-01 1.029304568999999947e-01 -1.105182006999999994e-01 1.021097526000000061e-01 -1.014021407000000041e-01 1.043421355000000023e-01 -1.029018802999999982e-01 1.045020851999999972e-01 -9.822116264999999902e-02 -1.050034831000000030e-01 1.018575148000000069e-01 -1.115801017000000034e-01 1.053860323000000015e-01 -1.040589204999999989e-01 1.009938853000000025e-01 -9.472587491999999443e-02 1.043983547999999956e-01 1.087029000000000051e-01 -1.030302601000000068e-01 1.006820486000000042e-01 -1.043277648000000002e-01 1.067943011000000025e-01 -1.058220648000000041e-01 9.799282429000000239e-02 -1.050015492999999966e-01 -1.240155230999999969e-01 1.077701427000000017e-01 -1.039866884999999935e-01 9.619263076999999551e-02 -9.972295219000000543e-02 9.878000406999999650e-02 -1.204009352000000033e-01 1.164497850999999945e-01
1.166912378000000000e-01 -1.229287487000000068e-01 1.012624572999999972e-01 -1.090561146000000037e-01 1.090209716000000023e-01 -1.142333970999999948e-01 1.047155845000000002e-01 -1.212670363000000057e-01 -2.397219502999999863e-01 1.219349433000000010e-01 -1.158808887999999981e-01 1.095987625999999965e-01 -1.108043996000000059e-01 1.095539264999999957e-01 -1.275467566000000053e-01 1.323202045000000104e-01 7.533813135000000383e-01 -2.420882296999999905e-01 1.164785544999999978e-01 -1.122046626999999991e-01 1.139869572000000025e-01 -1.084867305999999976e-01 1.128852572999999998e-01 -2.411438183999999874e-01 -2.418883303999999901e-01 1.263606365999999925e-01 -1.302953491999999935e-01 1.092524594000000016e-01 -1.072536181000000033e-01 1.105057879999999937e-01 -1.192908921000000039e-01 1.173235685999999972e-01 1.132183305000000056e-01 -1.289919513999999989e-01 1.082827707999999972e-01 -1.069862787000000065e-01 1.015572111000000027e-01 -1.014571243000000067e-01 1.115932550000000023e-01 -1.168912232000000051e-01 -1.084581399999999946e-01 1.028898324000000059e-01 -1.110371666000000007e-01 1.105065194999999972e-01 -1.041214501999999931e-01 1.081080861000000004e-01 -1.061514053000000013e-01 1.040118312999999961e-01 1.028909709999999977e-01 -1.036897782999999934e-01 1.056990644000000007e-01 -1.054433171999999974e-01 1.086733735000000034e-01 -1.051542723000000040e-01 1.055800573000000020e-01 -9.802922917999999652e-02 -1.104981352999999944e-01 1.043267300000000064e-01 -1.013182016000000046e-01 9.840015743999999676e-02 -1.035561014999999974e-01 1.071297202999999948e-01 -1.049322483999999972e-01 9.815293784999999660e-02
-1.296742510999999987e-01 1.209212385999999945e-01 -1.249469753999999933e-01 1.085207373999999975e-01 -1.132952811000000060e-01 1.108389609999999997e-01 -1.095118127000000025e-01 1.099264439999999982e-01 1.296170107999999876e-01 -2.488789711999999932e-01 1.277302455999999864e-01 -1.251556396000000071e-01 1.103420640999999980e-01 -1.095570706000000005e-01 1.105048549000000047e-01 -1.231088953000000069e-01 -2.420882296999999905e-01 7.533615133000000075e-01 -2.410498160000000001e-01 1.248114785000000032e-01 -1.145049961000000061e-01 1.074135142000000043e-01 -1.100067442000000062e-01 1.142707319000000055e-01 1.359462337000000021e-01 -2.484213989999999872e-01 1.367213348000000106e-01 -1.235732271999999965e-01 1.052326897000000067e-01 -1.135106429000000000e-01 1.040206828000000000e-01 -1.172475340000000005e-01 -1.279276038999999920e-01 1.215731587000000030e-01 -1.208978178000000014e-01 1.143714994000000068e-01 -1.110106701000000001e-01 1.048040591999999938e-01 -1.112651305999999979e-01 1.134229835000000047e-01 1.187069433000000063e-01 -1.097603557000000063e-01 1.135060321999999955e-01 -1.123179962000000059e-01 1.121157180999999975e-01 -1.140781981999999944e-01 1.007476506000000022e-01 -1.115696728000000054e-01 -1.103420586000000009e-01 1.110052962000000060e-01 -1.101200536000000035e-01 1.043708203000000001e-01 -1.131321034000000031e-01 1.067452123999999974e-01 -1.111364690999999960e-01 1.064795211000000019e-01 1.122111732999999945e-01 -1.117197639999999992e-01 1.088588597000000047e-01 -1.009561679999999989e-01 1.000246456999999978e-01 -1.092205214000000063e-01 1.073062216999999957e-01 -1.067942421000000058e-01
1.074813933000000055e-01 -1.242519941999999933e-01 1.099933475999999993e-01 -1.217444533999999939e-01 1.065461062000000042e-01 -1.053110181999999950e-01 9.520627883000000458e-02 -1.012105640999999973e-01 -1.181673501999999931e-01 1.306786698000000080e-01 -2.424860634000000070e-01 1.309055979000000036e-01 -1.251479034999999906e-01 9.907475040999999538e-02 -1.003165366000000058e-01 1.021840006999999995e-01 1.164785544999999978e-01 -2.410498160000000001e-01 7.533980126000000554e-01 -2.422544751000000052e-01 1.183100448999999943e-01 -1.031719417000000055e-01 9.845618224999999613e-02 -1.073759947000000048e-01 -1.235383064000000058e-01 1.210274261999999962e-01 -2.507022811999999878e-01 1.257444788000000035e-01 -1.179787562000000067e-01 1.001578503000000037e-01 -9.919736233999999764e-02 9.253910464999999530e-02 1.053193815000000033e-01 -1.190498301999999980e-01 1.146267356000000015e-01 -1.263683818000000125e-01 1.072711467000000002e-01 -1.043984867000000011e-01 1.046885785999999985e-01 -1.037681700000000068e-01 -1.130054099000000062e-01 1.095217524999999997e-01 -1.140959782000000033e-01 1.128733811999999975e-01 -1.055107428000000014e-01 1.040947383000000032e-01 -1.033681020999999978e-01 1.081023442000000057e-01 1.074371558999999976e-01 -1.062366802000000027e-01 1.051719341000000030e-01 -1.080961391000000021e-01 1.087203312000000061e-01 -1.007802921000000018e-01 1.013843900999999992e-01 -9.769165574999999491e-02 -1.142332556999999943e-01 1.092261511000000018e-01 -1.035795307000000054e-01 9.770944730000000189e-02 -1.060655422999999958e-01 1.044789517999999973e-01 -9.764389925999999997e-02 9.463175455000000236e-02
-1.100430384999999955e-01 1.117495946999999962e-01 -1.164951417999999933e-01 1.161643675000000042e-01 -1.243550159999999988e-01 1.073940884000000040e-01 -1.032326731000000053e-01 9.961182620000000321e-02 1.071432127000000040e-01 -1.274865776999999922e-01 1.273215883000000104e-01 -2.434659925000000058e-01 1.281530837000000034e-01 -1.229999105999999981e-01 1.082091874999999981e-01 -1.094129635999999961e-01 -1.122046626999999991e-01 1.248114785000000032e-01 -2.422544751000000052e-01 7.559885899999999603e-01 -2.488787860999999990e-01 1.155615767000000016e-01 -1.040351734000000000e-01 1.030729516000000040e-01 1.138060911000000064e-01 -1.302967292999999971e-01 1.324749574000000096e-01 -2.504767245999999781e-01 1.305738039000000072e-01 -1.263130899999999890e-01 1.070715784000000059e-01 -9.223091150999999932e-02 -1.144720978000000056e-01 1.088689949000000018e-01 -1.221014869999999947e-01 1.187632500999999952e-01 -1.232301917000000052e-01 1.090914525000000052e-01 -1.185773940999999970e-01 1.080929991999999978e-01 1.029763263000000040e-01 -1.098697322999999948e-01 1.109665913000000004e-01 -1.146419315999999966e-01 1.129841131000000054e-01 -1.157097683000000016e-01 1.064091660999999939e-01 -1.114440339000000030e-01 -1.024109693999999959e-01 1.057526386999999984e-01 -1.103890966000000001e-01 1.100607890000000061e-01 -1.115455884000000064e-01 1.036542584999999989e-01 -1.018296065999999972e-01 1.025982227999999996e-01 1.073655557999999982e-01 -1.129021704000000015e-01 1.016129345999999961e-01 -9.924374146999999369e-02 1.087601690000000038e-01 -1.085239607000000051e-01 1.051763218000000000e-01 -1.032775370999999970e-01
1.103368868000000058e-01 -1.122685862000000062e-01 1.090789139999999990e-01 -1.196239459000000005e-01 1.139458332999999934e-01 -1.251888151999999976e-01 1.078174437999999957e-01 -1.020988159999999950e-01 -1.056658740000000068e-01 1.079540221000000050e-01 -1.216769298999999943e-01 1.319459325000000016e-01 -2.474254600999999942e-01 1.290271302999999870e-01 -1.255718838999999865e-01 1.142933205999999979e-01 1.139869572000000025e-01 -1.145049961000000061e-01 1.183100448999999943e-01 -2.488787860999999990e-01 7.563148901999999785e-01 -2.519242231000000110e-01 1.219970326999999938e-01 -1.100349438000000069e-01 -1.111360190999999970e-01 1.071359226000000026e-01 -1.354686113000000136e-01 1.283387554000000041e-01 -2.473906758999999955e-01 1.368331212999999991e-01 -1.310117450000000128e-01 1.053289290999999961e-01 1.088307164999999938e-01 -1.156209670000000050e-01 1.134620690999999931e-01 -1.276388727999999972e-01 1.253229076000000053e-01 -1.314494492000000125e-01 1.225986916000000038e-01 -1.149206172000000054e-01 -1.174942092000000049e-01 1.136118349999999944e-01 -1.177344552999999988e-01 1.111280280000000037e-01 -1.191673847000000036e-01 1.127223172999999995e-01 -1.080169177000000064e-01 1.087463855999999951e-01 1.103249411999999985e-01 -1.053299535999999981e-01 1.094886201999999975e-01 -1.115733108000000057e-01 1.103628534999999966e-01 -1.093625034000000051e-01 1.088920706000000016e-01 -1.053647100000000003e-01 -1.142499315999999931e-01 1.187058312000000004e-01 -1.131910559999999982e-01 1.002074008999999932e-01 -1.108698728999999994e-01 1.106754073999999949e-01 -1.148500630999999966e-01 1.053207015000000024e-01
-1.127727954999999949e-01 1.142139266999999958e-01 -1.098007096999999987e-01 1.050495419000000014e-01 -1.183075548000000060e-01 1.195438590999999967e-01 -1.133455614999999972e-01 1.005551073000000017e-01 1.118943433000000043e-01 -1.027840495000000021e-01 1.041296451000000012e-01 -1.244992003000000014e-01 1.332953913000000101e-01 -2.410305742999999945e-01 1.231526676000000015e-01 -1.228681266000000022e-01 -1.084867305999999976e-01 1.074135142000000043e-01 -1.031719417000000055e-01 1.155615767000000016e-01 -2.519242231000000110e-01 7.553353780999999545e-01 -2.553284294000000010e-01 1.188876224000000037e-01 1.083593023999999960e-01 -1.052629981000000048e-01 1.070810685999999956e-01 -1.224793546000000066e-01 1.283030988999999955e-01 -2.512252722000000160e-01 1.303158353999999963e-01 -1.213752330999999934e-01 -1.030824639000000043e-01 1.069676115999999982e-01 -1.041185614999999981e-01 1.139708925999999983e-01 -1.257214388000000016e-01 1.155816992999999931e-01 -1.320506291999999915e-01 1.082712232000000024e-01 1.060560779999999981e-01 -1.094567424999999955e-01 1.081555810000000006e-01 -1.061660620000000055e-01 1.098839959000000033e-01 -1.115816441000000020e-01 1.056807681000000027e-01 -1.099958307999999996e-01 -1.148618309000000032e-01 1.032090239999999964e-01 -1.045161430000000058e-01 1.030873333999999947e-01 -1.047012561000000008e-01 1.068046767999999980e-01 -1.046156765999999988e-01 1.026112415999999999e-01 1.124875211000000014e-01 -1.135687744000000027e-01 1.054331906999999985e-01 -1.000470506000000065e-01 1.011565606999999950e-01 -1.075983429000000047e-01 1.066595260000000045e-01 -1.051388243999999972e-01
1.150239175999999974e-01 -1.101570201999999971e-01 1.062875256999999962e-01 -1.075400460000000002e-01 1.072208870999999952e-01 -1.237378977999999963e-01 1.125706818000000026e-01 -1.189835629000000061e-01 -1.249549892999999995e-01 1.042252748000000034e-01 -1.056487224000000058e-01 1.085545750999999948e-01 -1.281866329999999943e-01 1.302172403000000089e-01 -2.368006567000000007e-01 1.246314607000000019e-01 1.128852572999999998e-01 -1.100067442000000062e-01 9.845618224999999613e-02 -1.040351734000000000e-01 1.219970326999999938e-01 -2.553284294000000010e-01 7.541365110000000094e-01 -2.385831890000000011e-01 -1.303748713000000004e-01 1.058430580000000037e-01 -1.019743218999999979e-01 1.094503624000000008e-01 -1.336649078000000102e-01 1.327092082999999922e-01 -2.420847221000000105e-01 1.222918459000000013e-01 1.052303366999999962e-01 -1.083082243000000056e-01 9.881568870000000115e-02 -1.110046702000000024e-01 1.163348601000000065e-01 -1.216248754999999931e-01 1.236243793999999979e-01 -1.154220138000000007e-01 -1.140969554999999996e-01 1.057861798000000048e-01 -1.138630441000000049e-01 1.088065955000000057e-01 -1.143382017000000028e-01 1.035713756000000013e-01 -9.995316819999999769e-02 1.057053612000000004e-01 1.086833187999999978e-01 -1.049830202999999934e-01 1.004950146000000016e-01 -1.097947697999999972e-01 1.033058934999999956e-01 -1.028961879999999995e-01 9.766620740999999717e-02 -1.048394348000000059e-01 -1.140224621999999938e-01 1.109662601999999998e-01 -1.044624331999999961e-01 9.753920853000000446e-02 -1.050682906000000028e-01 1.004719565000000009e-01 -1.059446718000000009e-01 1.004956671000000051e-01
-1.230916883000000017e-01 1.118905672999999934e-01 -1.037255947000000067e-01 1.016011644999999936e-01 -1.056008444000000046e-01 1.022209761999999938e-01 -1.089166000999999967e-01 1.107317232000000068e-01 1.262217569000000095e-01 -1.197441384000000053e-01 1.004234670000000024e-01 -1.080565794999999996e-01 1.099475840999999954e-01 -1.203307323000000068e-01 1.278233856000000057e-01 -2.425594922000000042e-01 -2.411438183999999874e-01 1.142707319000000055e-01 -1.073759947000000048e-01 1.030729516000000040e-01 -1.100349438000000069e-01 1.188876224000000037e-01 -2.385831890000000011e-01 7.529631260000000381e-01 1.262947836999999962e-01 -1.216957300000000020e-01 1.044872872999999952e-01 -9.724924278999999561e-02 1.054879917000000056e-01 -1.292069445000000039e-01 1.237248410999999965e-01 -2.408257125000000110e-01 -1.195688644000000023e-01 1.086746974000000060e-01 -1.051864116000000016e-01 1.012693702999999945e-01 -1.049141043000000051e-01 1.072449478000000039e-01 -1.241022078000000028e-01 1.114167623999999940e-01 1.055949991999999976e-01 -1.048813526999999995e-01 1.092840816999999937e-01 -1.043756668999999970e-01 9.868664942999999523e-02 -1.067496616000000037e-01 1.040218175000000023e-01 -1.086919999000000026e-01 -1.092647191999999989e-01 1.025234131000000021e-01 -1.002782395000000049e-01 1.002439616999999950e-01 -1.056147172999999939e-01 9.816685673000000167e-02 -9.871464687000000571e-02 1.078016900000000056e-01 1.066941990999999978e-01 -1.090175922999999936e-01 9.243240010000000617e-02 -1.000821035000000053e-01 9.627226646000000554e-02 -9.872505883000000371e-02 1.022602187000000024e-01 -1.014451647000000067e-01
