# d<Sz_i Sz_j >
2.844147686999999852e-03 1.413002279999999930e-02 1.307135622999999920e-02 1.264341257000000003e-02 1.297616514999999984e-02 1.405649781000000050e-02
1.413002279999999930e-02 2.748787387000000120e-03 1.422271010999999995e-02 1.303709880000000071e-02 1.320229784999999920e-02 1.308006016999999944e-02
1.307135622999999920e-02 1.422271010999999995e-02 2.757371851999999846e-03 1.404368788999999992e-02 1.321133352000000011e-02 1.337694040999999959e-02
1.264341257000000003e-02 1.303709880000000071e-02 1.404368788999999992e-02 2.750763100999999849e-03 1.409133486000000053e-02 1.295305744999999953e-02
1.297616514999999984e-02 1.320229784999999920e-02 1.321133352000000011e-02 1.409133486000000053e-02 2.740263105000000175e-03 1.422740607000000032e-02
1.405649781000000050e-02 1.308006016999999944e-02 1.337694040999999959e-02 1.295305744999999953e-02 1.422740607000000032e-02 2.751271147999999854e-03
