# <Sz_i Sz_j >
7.789739877000000368e-01 -1.091587385999999993e-01 4.830213723000000015e-03 5.930093386999999751e-03 -1.213837551999999952e-02 -1.136661979000000017e-01
-1.091587385999999993e-01 7.819874463000000553e-01 -1.003539883000000021e-01 8.368293177000000332e-03 -8.146926461999999536e-03 3.711515210999999891e-03
4.830213723000000015e-03 -1.003539883000000021e-01 7.855340249000000163e-01 -1.203009678000000054e-01 6.073160374999999993e-03 -1.567442974000000065e-03
5.930093386999999751e-03 8.368293177000000332e-03 -1.203009678000000054e-01 7.801586781999999554e-01 -1.187632732000000052e-01 5.398130194999999770e-03
-1.213837551999999952e-02 -8.146926461999999536e-03 6.073160374999999993e-03 -1.187632732000000052e-01 7.839696251000000116e-01 -7.467682605000000584e-02
-1.136661979000000017e-01 3.711515210999999891e-03 -1.567442974000000065e-03 5.398130194999999770e-03 -7.467682605000000584e-02 7.817383547999999793e-01
