 Effective number of bins, and bins:           29          31

OBS :    1      -13.923333      0.098122

OBS :    2        1.000000      0.000000
