# d<Sz_i Sz_j >
4.042808622999999844e-03 2.764058134999999861e-02 2.453732915999999945e-02 2.442819977999999975e-02 2.475884982000000137e-02 2.650992549999999989e-02
2.764058134999999861e-02 4.366680064000000132e-03 2.724310180999999983e-02 2.449180759000000110e-02 2.494911326999999998e-02 2.471821272000000042e-02
2.453732915999999945e-02 2.724310180999999983e-02 4.393651547000000136e-03 2.688359967000000100e-02 2.416748760999999981e-02 2.468631820000000143e-02
2.442819977999999975e-02 2.449180759000000110e-02 2.688359967000000100e-02 4.403651564999999657e-03 2.722882017000000099e-02 2.412303333000000161e-02
2.475884982000000137e-02 2.494911326999999998e-02 2.416748760999999981e-02 2.722882017000000099e-02 4.425242535000000269e-03 2.642508270999999881e-02
2.650992549999999989e-02 2.471821272000000042e-02 2.468631820000000143e-02 2.412303333000000161e-02 2.642508270999999881e-02 4.272892294999999611e-03
