# <Sz_i Sz_j >
8.116237683999999453e-01 -2.685922599000000188e-01 5.459245666999999747e-02 1.381694393000000055e-02 3.828575719999999932e-02 -2.670647299999999724e-01
-2.685922599000000188e-01 8.080970137999999858e-01 -2.294648636999999936e-01 3.517261982000000065e-02 -3.350304266999999930e-03 3.631708599999999842e-02
5.459245666999999747e-02 -2.294648636999999936e-01 8.081782032000000005e-01 -2.741749528999999908e-01 2.952038993999999902e-02 -2.147415747000000139e-02
1.381694393000000055e-02 3.517261982000000065e-02 -2.741749528999999908e-01 8.053939220000000399e-01 -2.187414044000000057e-01 4.657849929999999944e-02
3.828575719999999932e-02 -3.350304266999999930e-03 2.952038993999999902e-02 -2.187414044000000057e-01 8.078044783000000173e-01 -2.828584980000000138e-01
-2.670647299999999724e-01 3.631708599999999842e-02 -2.147415747000000139e-02 4.657849929999999944e-02 -2.828584980000000138e-01 8.085712608999999773e-01
