# d int_0^beta dt <Sx_i (t) Sx_j (0) >
1.726563837999999862e+02 7.629865650000000166e+00 1.546378210999999947e+00 1.196025493000000051e+00 2.634196847000000119e+00 1.439079000000000086e+01
7.629865650000000166e+00 1.173142353000000071e+02 4.649599248000000351e+00 1.036781912999999999e+00 8.706979350000000339e-01 1.743753427999999994e+00
1.546378210999999947e+00 4.649599248000000351e+00 2.652446201000000201e+02 1.266492533000000087e+01 1.471008450000000023e+00 7.647027080999999615e-01
1.196025493000000051e+00 1.036781912999999999e+00 1.266492533000000087e+01 2.027172755999999936e+02 1.075382603999999986e+01 1.225722753999999970e+00
2.634196847000000119e+00 8.706979350000000339e-01 1.471008450000000023e+00 1.075382603999999986e+01 5.911694394999999531e+02 2.225899396999999880e+01
1.439079000000000086e+01 1.743753427999999994e+00 7.647027080999999615e-01 1.225722753999999970e+00 2.225899396999999880e+01 1.876330368000000135e+02
