7.584429999999999783e-01 -2.119080000000000130e-01 1.160629999999999995e-01 -2.322869999999999935e-01 -2.326199999999999934e-01 1.192830000000000001e-01 -1.058499999999999996e-01 1.093819999999999931e-01 1.112640000000000018e-01 -1.350540000000000074e-01 1.373109999999999886e-01 -1.158330000000000054e-01 -2.141010000000000135e-01 1.192050000000000054e-01 -1.156579999999999969e-01 1.193869999999999931e-01
-2.119080000000000130e-01 7.642039999999999944e-01 -2.276759999999999895e-01 1.143600000000000033e-01 1.258740000000000137e-01 -2.174550000000000094e-01 1.123999999999999999e-01 -1.260819999999999996e-01 -1.464239999999999986e-01 1.124170000000000030e-01 -1.297439999999999982e-01 1.241099999999999981e-01 1.089210000000000039e-01 -2.237429999999999974e-01 1.192830000000000001e-01 -1.269849999999999868e-01
1.160629999999999995e-01 -2.276759999999999895e-01 7.592309999999999892e-01 -2.138839999999999908e-01 -1.228709999999999941e-01 1.184349999999999986e-01 -2.133240000000000136e-01 1.260660000000000114e-01 1.254159999999999997e-01 -1.324490000000000112e-01 1.164749999999999952e-01 -1.334019999999999928e-01 -1.072769999999999974e-01 1.275459999999999927e-01 -2.076469999999999982e-01 1.187610000000000054e-01
-2.322869999999999935e-01 1.143600000000000033e-01 -2.138839999999999908e-01 7.632390000000000008e-01 1.374229999999999896e-01 -1.320000000000000062e-01 1.121130000000000043e-01 -2.263509999999999966e-01 -1.197089999999999960e-01 1.510579999999999978e-01 -1.290890000000000093e-01 1.181689999999999963e-01 1.119580000000000020e-01 -1.403280000000000083e-01 1.252159999999999940e-01 -2.192459999999999964e-01
-2.326199999999999934e-01 1.258740000000000137e-01 -1.228709999999999941e-01 1.374229999999999896e-01 7.644009999999999971e-01 -2.338280000000000081e-01 1.160749999999999976e-01 -2.325250000000000095e-01 -2.011020000000000030e-01 1.143290000000000001e-01 -1.456669999999999909e-01 1.178659999999999985e-01 1.040620000000000017e-01 -1.396550000000000014e-01 1.409640000000000060e-01 -1.208499999999999991e-01
1.192830000000000001e-01 -2.174550000000000094e-01 1.184349999999999986e-01 -1.320000000000000062e-01 -2.338280000000000081e-01 7.609000000000000208e-01 -2.143190000000000095e-01 1.248749999999999999e-01 1.153300000000000020e-01 -2.270610000000000128e-01 1.197259999999999991e-01 -1.176439999999999986e-01 -1.375959999999999961e-01 1.550570000000000004e-01 -1.101879999999999943e-01 1.401249999999999996e-01
-1.058499999999999996e-01 1.123999999999999999e-01 -2.133240000000000136e-01 1.121130000000000043e-01 1.160749999999999976e-01 -2.143190000000000095e-01 7.632700000000000040e-01 -2.392769999999999897e-01 -1.299849999999999894e-01 1.109519999999999951e-01 -2.031590000000000062e-01 1.212980000000000030e-01 1.260270000000000001e-01 -1.295169999999999932e-01 1.024660000000000015e-01 -1.305340000000000111e-01
1.093819999999999931e-01 -1.260819999999999996e-01 1.260660000000000114e-01 -2.263509999999999966e-01 -2.325250000000000095e-01 1.248749999999999999e-01 -2.392769999999999897e-01 7.646640000000000104e-01 1.168759999999999938e-01 -1.316430000000000100e-01 1.346110000000000084e-01 -2.093530000000000113e-01 -1.194889999999999980e-01 1.526190000000000047e-01 -1.199240000000000028e-01 1.117800000000000044e-01
1.112640000000000018e-01 -1.464239999999999986e-01 1.254159999999999997e-01 -1.197089999999999960e-01 -2.011020000000000030e-01 1.153300000000000020e-01 -1.299849999999999894e-01 1.168759999999999938e-01 7.613790000000000280e-01 -2.140670000000000073e-01 1.274700000000000000e-01 -2.437829999999999997e-01 -2.218930000000000069e-01 1.278029999999999999e-01 -1.035240000000000049e-01 1.225610000000000033e-01
-1.350540000000000074e-01 1.124170000000000030e-01 -1.324490000000000112e-01 1.510579999999999978e-01 1.143290000000000001e-01 -2.270610000000000128e-01 1.109519999999999951e-01 -1.316430000000000100e-01 -2.140670000000000073e-01 7.560050000000000381e-01 -2.373270000000000102e-01 1.223780000000000007e-01 1.094360000000000055e-01 -2.402590000000000003e-01 1.141279999999999933e-01 -1.463440000000000019e-01
1.373109999999999886e-01 -1.297439999999999982e-01 1.164749999999999952e-01 -1.290890000000000093e-01 -1.456669999999999909e-01 1.197259999999999991e-01 -2.031590000000000062e-01 1.346110000000000084e-01 1.274700000000000000e-01 -2.373270000000000102e-01 7.660500000000000087e-01 -2.152249999999999996e-01 -1.178150000000000031e-01 1.451949999999999907e-01 -2.495999999999999885e-01 1.331710000000000116e-01
-1.158330000000000054e-01 1.241099999999999981e-01 -1.334019999999999928e-01 1.181689999999999963e-01 1.178659999999999985e-01 -1.176439999999999986e-01 1.212980000000000030e-01 -2.093530000000000113e-01 -2.437829999999999997e-01 1.223780000000000007e-01 -2.152249999999999996e-01 7.649939999999999518e-01 1.219200000000000006e-01 -1.219729999999999981e-01 1.098049999999999998e-01 -2.098990000000000022e-01
-2.141010000000000135e-01 1.089210000000000039e-01 -1.072769999999999974e-01 1.119580000000000020e-01 1.040620000000000017e-01 -1.375959999999999961e-01 1.260270000000000001e-01 -1.194889999999999980e-01 -2.218930000000000069e-01 1.094360000000000055e-01 -1.178150000000000031e-01 1.219200000000000006e-01 7.599850000000000216e-01 -2.253960000000000130e-01 9.803779999999999439e-02 -2.192850000000000077e-01
1.192050000000000054e-01 -2.237429999999999974e-01 1.275459999999999927e-01 -1.403280000000000083e-01 -1.396550000000000014e-01 1.550570000000000004e-01 -1.295169999999999932e-01 1.526190000000000047e-01 1.278029999999999999e-01 -2.402590000000000003e-01 1.451949999999999907e-01 -1.219729999999999981e-01 -2.253960000000000130e-01 7.648190000000000266e-01 -2.366139999999999910e-01 1.377970000000000028e-01
-1.156579999999999969e-01 1.192830000000000001e-01 -2.076469999999999982e-01 1.252159999999999940e-01 1.409640000000000060e-01 -1.101879999999999943e-01 1.024660000000000015e-01 -1.199240000000000028e-01 -1.035240000000000049e-01 1.141279999999999933e-01 -2.495999999999999885e-01 1.098049999999999998e-01 9.803779999999999439e-02 -2.366139999999999910e-01 7.618249999999999744e-01 -2.066300000000000081e-01
1.193869999999999931e-01 -1.269849999999999868e-01 1.187610000000000054e-01 -2.192459999999999964e-01 -1.208499999999999991e-01 1.401249999999999996e-01 -1.305340000000000111e-01 1.117800000000000044e-01 1.225610000000000033e-01 -1.463440000000000019e-01 1.331710000000000116e-01 -2.098990000000000022e-01 -2.192850000000000077e-01 1.377970000000000028e-01 -2.066300000000000081e-01 7.637009999999999632e-01
