 Effective number of bins, and bins:           15          20

OBS :    1      -14.317983      0.232013

OBS :    2        1.000000      0.000000
