# <Sz_i Sz_j >
8.004419768999999629e-01 -3.905018766000000197e-01 1.379856475000000027e-01 -1.109300259000000066e-01 7.603957273000000461e-02 -7.458772900000000539e-02 5.806714085999999803e-02 -4.906321837000000158e-02 4.526153245000000269e-02 -4.071532486999999978e-02 4.469774289999999678e-02 -4.053944367000000132e-02 3.590435487000000203e-02 -2.485399435999999934e-02 3.185453044000000067e-02 -3.140439989999999765e-02 1.918380017000000104e-02 -1.930732388000000119e-02 1.590407904999999872e-02 -2.976440798000000096e-02 1.937204543999999917e-02 -2.586195067000000153e-02 2.297349339999999948e-02 -2.433991928000000041e-02 2.526353627999999851e-02 -2.474100309000000150e-02 1.714309182000000112e-02 -1.360608085999999960e-02 7.943478744000000841e-03 -5.876386283999999668e-03 1.335671077000000033e-02 -1.039379405999999936e-02 1.656304273999999882e-02 -1.274387832999999970e-02 2.167779878000000021e-02 -2.041732946999999868e-02 1.899870563999999859e-02 -2.038315322999999929e-02 2.994102488000000006e-02 -2.906737172999999952e-02 3.373508824000000239e-02 -3.026994272999999902e-02 3.906651146000000158e-02 -4.081722815000000254e-02 3.504635164000000080e-02 -2.764625676000000143e-02 3.979770191999999762e-02 -3.685061225999999857e-02 4.182403679999999874e-02 -4.145519749999999892e-02 4.806580249999999749e-02 -4.796497705000000306e-02 5.038422784999999765e-02 -6.100256602999999667e-02 5.325067865000000095e-02 -8.461551129000000060e-02 8.766205889000000528e-02 -1.415479363000000101e-01 1.401099014999999948e-01 -4.667379790000000250e-01
-3.905018766000000197e-01 8.018636317999999763e-01 -4.663096929000000168e-01 1.417111567999999877e-01 -1.418954521000000135e-01 8.659592838999999320e-02 -7.972941427999999386e-02 5.644442641999999899e-02 -5.522744501000000084e-02 5.024141725000000336e-02 -5.706480400999999758e-02 4.542167458000000158e-02 -4.195261027000000281e-02 2.782081179000000029e-02 -2.702474881999999967e-02 2.483809405999999956e-02 -1.448229717999999916e-02 1.736854669000000018e-02 -1.828758035999999976e-02 2.918656958999999926e-02 -2.041222511000000128e-02 1.651200326000000149e-02 -1.774304412999999983e-02 1.606027679999999860e-02 -1.872920590000000038e-02 2.392205454999999856e-02 -2.631206586000000083e-02 2.349853920000000151e-02 -2.171603860999999844e-02 1.378244007999999965e-02 -1.815044822000000044e-02 2.066948170999999973e-02 -1.611521347000000048e-02 1.560630623999999939e-02 -1.606517330999999993e-02 1.721244393999999886e-02 -8.967023730999999429e-03 1.985267047000000007e-02 -2.790686747999999995e-02 2.686492457000000042e-02 -3.515713011999999776e-02 3.045261896000000038e-02 -2.980085182000000166e-02 2.837855415999999964e-02 -2.701810240000000057e-02 1.733189729999999942e-02 -2.892938243000000090e-02 2.281130804999999956e-02 -3.081304074999999948e-02 3.029491805000000121e-02 -3.316240591999999876e-02 3.120575134000000070e-02 -4.046533944999999854e-02 4.284796193999999836e-02 -4.383966654000000240e-02 5.396134236999999834e-02 -6.534409211000000162e-02 7.847552536999999329e-02 -1.110744262000000065e-01 1.349534051000000068e-01
1.379856475000000027e-01 -4.663096929000000168e-01 8.006974271000000254e-01 -3.992893692999999744e-01 1.407373386000000115e-01 -1.205648170999999991e-01 8.071107534999999444e-02 -6.802639373999999628e-02 5.863172566000000169e-02 -5.243799451000000222e-02 5.189934519000000135e-02 -4.512876838000000335e-02 3.427240958000000309e-02 -2.750907275999999943e-02 2.690584307999999841e-02 -2.335447394999999940e-02 1.782095670000000132e-02 -2.015206300999999867e-02 1.598292735999999950e-02 -2.993373506000000100e-02 2.485003053000000087e-02 -2.313543212000000043e-02 2.076527783000000141e-02 -2.397357262999999863e-02 2.153538321000000172e-02 -2.505007005000000134e-02 2.866536223000000147e-02 -2.389642385000000091e-02 1.937175049999999982e-02 -1.339387046000000032e-02 1.613610496000000144e-02 -1.716618631000000131e-02 1.523221854000000007e-02 -1.419495978999999949e-02 1.698769803000000148e-02 -1.827055874000000149e-02 1.390726226999999988e-02 -2.283806153999999936e-02 2.932303668999999835e-02 -2.526728275000000162e-02 3.317776495000000075e-02 -2.962600916999999848e-02 2.942946857999999971e-02 -2.777750978000000093e-02 2.383799326999999982e-02 -1.955633411000000030e-02 2.828493466000000026e-02 -2.288037685999999918e-02 2.520725223000000112e-02 -2.134872672999999985e-02 3.303993762000000112e-02 -3.259464598999999713e-02 4.091663368000000162e-02 -4.929770479000000066e-02 4.811868823999999878e-02 -6.267532962999999846e-02 6.072266571999999918e-02 -8.803027334999999343e-02 8.330494757999999667e-02 -1.409042769999999944e-01
-1.109300259000000066e-01 1.417111567999999877e-01 -3.992893692999999744e-01 8.013855265999999533e-01 -4.586867702999999907e-01 1.367422064999999909e-01 -1.285103575000000053e-01 8.136985089999999865e-02 -7.764973248999999800e-02 6.048323840000000007e-02 -6.626435294999999392e-02 4.974197078999999938e-02 -4.574091942999999882e-02 2.825751849999999857e-02 -3.362647439000000099e-02 2.762163428999999878e-02 -2.454270689999999908e-02 2.407411174000000098e-02 -2.350169704999999915e-02 3.794557225999999756e-02 -2.906892469999999840e-02 3.097094216000000066e-02 -2.526566703999999844e-02 3.007934354999999838e-02 -2.757257554000000152e-02 2.970854057000000062e-02 -2.137577750999999915e-02 1.623618758999999939e-02 -1.985952858000000071e-02 1.444173800000000084e-02 -1.703647587999999879e-02 1.739690551000000127e-02 -1.351103141000000070e-02 9.065191773999999730e-03 -1.707049629000000068e-02 1.949033242999999999e-02 -1.104741643000000002e-02 1.981592811999999953e-02 -2.292690202000000066e-02 2.063659160000000034e-02 -2.824810064999999995e-02 2.696459283999999915e-02 -3.288588230000000223e-02 2.964592452999999933e-02 -3.100032127999999970e-02 3.213619102999999699e-02 -3.148752558000000173e-02 2.476824836000000168e-02 -2.592009954999999893e-02 1.897820440000000039e-02 -2.787053587000000096e-02 2.449805098000000167e-02 -3.862066254000000309e-02 4.134645807000000145e-02 -5.023725760000000151e-02 5.586183682999999733e-02 -6.119676163999999974e-02 6.001634831000000198e-02 -7.427241757999999971e-02 8.357383746999999530e-02
7.603957273000000461e-02 -1.418954521000000135e-01 1.407373386000000115e-01 -4.586867702999999907e-01 8.019536923000000206e-01 -3.964066277000000138e-01 1.338553436000000096e-01 -1.169212357999999952e-01 8.294707833999999391e-02 -7.948167247000000046e-02 6.766529846999999598e-02 -5.715469625999999859e-02 4.581690496000000168e-02 -3.489490130000000301e-02 3.529734000999999732e-02 -2.885609965000000138e-02 2.934935820999999903e-02 -2.967600881999999871e-02 2.686603778999999831e-02 -4.158333788000000142e-02 2.514598406999999855e-02 -2.736679553999999889e-02 2.094655391999999949e-02 -2.866978080999999998e-02 2.784269473999999994e-02 -3.196086236000000164e-02 1.886339202000000131e-02 -1.600857388999999895e-02 2.083114630999999967e-02 -1.069093982000000019e-02 1.319111341000000007e-02 -1.505679191999999972e-02 1.134684510000000084e-02 -7.319408751000000372e-03 1.661385295000000067e-02 -1.465347296999999945e-02 9.582526997999999546e-03 -1.401196822000000050e-02 2.156741055999999990e-02 -1.298164473000000020e-02 1.592285165000000002e-02 -1.725193512999999984e-02 1.931912431000000138e-02 -1.695500060999999975e-02 2.453630936000000123e-02 -1.642313509999999976e-02 1.691649140000000065e-02 -9.244850480000000453e-03 1.314845195000000078e-02 -8.787770044000000128e-03 1.486487895999999941e-02 -2.159884576999999972e-02 2.906676047999999860e-02 -3.097416528000000030e-02 3.326485307000000280e-02 -4.480434848999999969e-02 4.627055767999999764e-02 -5.738242894000000066e-02 5.878000542999999717e-02 -8.471511002999999873e-02
-7.458772900000000539e-02 8.659592838999999320e-02 -1.205648170999999991e-01 1.367422064999999909e-01 -3.964066277000000138e-01 8.021124850999999945e-01 -4.514523986999999794e-01 1.309071911999999949e-01 -1.259229527000000071e-01 8.691920969999999969e-02 -9.229099383000000101e-02 6.688061755999999414e-02 -6.587583067999999709e-02 5.090723391000000209e-02 -4.235343101999999860e-02 3.141237631999999752e-02 -3.390594137999999869e-02 2.849694754999999857e-02 -1.928336706000000067e-02 2.816978255000000125e-02 -2.367838338999999834e-02 2.778650234000000149e-02 -1.723136877000000164e-02 2.361837795000000170e-02 -2.763213461999999843e-02 2.287243389999999918e-02 -1.665076698999999952e-02 1.460293007000000066e-02 -1.907498162000000053e-02 1.818676387000000075e-02 -2.059426299000000071e-02 1.666488543000000169e-02 -2.128260180999999931e-02 1.767967638999999938e-02 -1.999846384000000116e-02 2.368864827999999853e-02 -1.343955133999999961e-02 1.597738556999999879e-02 -1.528739471000000079e-02 1.450673480000000057e-02 -1.959662829999999842e-02 1.960005449000000108e-02 -2.502165765999999833e-02 2.513563351000000154e-02 -3.037977807999999932e-02 2.030632300999999848e-02 -2.580841119999999905e-02 3.015475005000000167e-02 -2.294180015000000031e-02 1.756068242999999848e-02 -2.404328589999999918e-02 2.757234646000000095e-02 -3.212224396999999870e-02 3.501166513000000119e-02 -3.361994516999999849e-02 4.020202598000000016e-02 -4.420628345000000153e-02 4.928319375000000252e-02 -5.864855235000000083e-02 6.603550358000000176e-02
5.806714085999999803e-02 -7.972941427999999386e-02 8.071107534999999444e-02 -1.285103575000000053e-01 1.338553436000000096e-01 -4.514523986999999794e-01 8.014007332000000483e-01 -3.951535399000000170e-01 1.271205267000000139e-01 -1.246319520000000042e-01 9.125797660999999950e-02 -7.834030180999999871e-02 6.086671821999999760e-02 -5.217419898000000278e-02 4.013486176000000127e-02 -3.481813184000000228e-02 3.814548376000000129e-02 -3.291030636000000231e-02 2.219611561000000080e-02 -2.527239321000000066e-02 2.292920076000000071e-02 -2.870406770999999954e-02 1.910333834999999869e-02 -1.907767541000000150e-02 1.887605976000000102e-02 -2.271692011000000025e-02 2.363764806999999954e-02 -1.455935780999999957e-02 1.698144132999999945e-02 -1.215189285000000015e-02 1.997803019999999999e-02 -1.636164508000000073e-02 2.573398483000000070e-02 -2.366666430999999834e-02 2.605738930000000078e-02 -2.618637325999999960e-02 1.736984609999999915e-02 -1.632655730999999985e-02 1.875428858000000032e-02 -1.566898950000000096e-02 2.368885349999999904e-02 -2.113502771000000044e-02 2.392361200000000035e-02 -1.301418730000000051e-02 1.638049323000000113e-02 -9.897491608999999316e-03 1.450805508000000028e-02 -1.963633521000000132e-02 1.313101852999999999e-02 -1.351486168000000029e-02 1.862658328999999835e-02 -2.243066021000000160e-02 2.550120665000000023e-02 -2.879205605000000057e-02 2.471681723000000025e-02 -3.697217841000000060e-02 3.830093581999999969e-02 -4.615230616999999730e-02 4.553316577000000170e-02 -6.326645710000000644e-02
-4.906321837000000158e-02 5.644442641999999899e-02 -6.802639373999999628e-02 8.136985089999999865e-02 -1.169212357999999952e-01 1.309071911999999949e-01 -3.951535399000000170e-01 8.017800883000000267e-01 -4.430392683000000109e-01 1.443149777999999939e-01 -1.447690848000000030e-01 9.281748852000000494e-02 -8.958812607999999678e-02 7.358481145999999640e-02 -6.398760168000000581e-02 5.171492973999999854e-02 -4.687137837000000112e-02 3.298323907999999721e-02 -2.933328442999999855e-02 3.207500997999999937e-02 -2.611027861999999991e-02 3.643053269000000316e-02 -3.099082196000000136e-02 2.858833666000000148e-02 -2.074164062999999877e-02 2.617563373000000165e-02 -2.378524980999999899e-02 1.041285236999999961e-02 -8.558189939000000052e-03 6.684879309999999970e-03 -6.573727510999999822e-03 1.564247250000000075e-02 -1.790387221000000126e-02 1.784847050000000143e-02 -2.061740611000000001e-02 1.528330739000000049e-02 -2.025252305999999947e-02 2.170442151999999944e-02 -2.991344448999999975e-02 2.718898411999999890e-02 -2.854089984000000163e-02 2.385231566999999886e-02 -2.839714373000000111e-02 2.147920580999999884e-02 -2.512712518000000117e-02 1.478855494999999944e-02 -1.563085247999999872e-02 1.339504109000000040e-02 -1.288199540999999948e-02 9.718139125999999267e-03 -2.117429360999999871e-02 2.024521324000000053e-02 -3.165538199000000191e-02 3.207966905000000229e-02 -3.281167658999999820e-02 3.336470981999999780e-02 -4.064321092999999968e-02 4.590706674000000209e-02 -4.718804933000000229e-02 4.688676141999999908e-02
4.526153245000000269e-02 -5.522744501000000084e-02 5.863172566000000169e-02 -7.764973248999999800e-02 8.294707833999999391e-02 -1.259229527000000071e-01 1.271205267000000139e-01 -4.430392683000000109e-01 7.994807247999999866e-01 -4.254514621000000107e-01 1.444436718000000064e-01 -1.277925387999999940e-01 8.427010013999999827e-02 -8.288612578000000009e-02 6.558658825999999498e-02 -5.617894903000000134e-02 4.871442841999999718e-02 -3.317819559000000085e-02 2.341160010999999985e-02 -3.152033027000000071e-02 2.704546830000000013e-02 -3.339151963999999889e-02 2.383865584000000037e-02 -2.388569952000000121e-02 1.703185118999999900e-02 -2.215715076000000089e-02 2.517728301999999987e-02 -2.079221241000000012e-02 1.185455149000000027e-02 -1.539819069000000068e-02 1.623084256000000003e-02 -2.039023811000000019e-02 1.950874990000000045e-02 -1.626425445999999872e-02 1.392434713000000046e-02 -1.455808251999999962e-02 1.329555361000000005e-02 -1.874799497999999828e-02 2.017087076000000090e-02 -1.538708985999999966e-02 1.590764975999999983e-02 -9.894565598999999906e-03 1.559637996000000013e-02 -1.420371158999999932e-02 1.963708361000000152e-02 -1.117819563999999932e-02 1.553399725000000065e-02 -1.281320889999999942e-02 1.096831797000000046e-02 -1.079150626000000002e-02 1.888000383999999948e-02 -1.930330280000000162e-02 2.583668266999999963e-02 -2.207332126000000061e-02 2.805110742999999962e-02 -3.539225048999999901e-02 3.426312036000000311e-02 -4.069732356999999912e-02 3.930515734000000067e-02 -4.843706259999999708e-02
-4.071532486999999978e-02 5.024141725000000336e-02 -5.243799451000000222e-02 6.048323840000000007e-02 -7.948167247000000046e-02 8.691920969999999969e-02 -1.246319520000000042e-01 1.443149777999999939e-01 -4.254514621000000107e-01 8.016978183999999841e-01 -4.368493696999999898e-01 1.438703051999999927e-01 -1.306384812999999978e-01 8.989557234999999424e-02 -8.301403989000000205e-02 5.951468529000000091e-02 -5.750107521000000221e-02 4.526143135999999983e-02 -3.734960039000000120e-02 4.208743843999999956e-02 -2.669921010999999969e-02 3.303066177999999797e-02 -3.131720193999999735e-02 1.935454681000000135e-02 -1.417164509999999968e-02 1.814991712000000104e-02 -1.732879665999999957e-02 1.810510934000000155e-02 -1.302524868999999953e-02 1.522926758999999970e-02 -1.742784506999999969e-02 1.508177685000000080e-02 -1.527462079999999944e-02 1.255854716000000086e-02 -1.577698425000000071e-02 1.000942225999999942e-02 -1.092843064000000031e-02 1.686224944000000101e-02 -1.573845763000000092e-02 1.812763074000000099e-02 -1.786155000000000034e-02 1.261805098000000000e-02 -2.077612469000000156e-02 1.051166585999999993e-02 -1.850267586000000145e-02 9.491683590999999698e-03 -1.630347454999999876e-02 1.177293192000000016e-02 -1.628237492999999939e-02 1.547697531999999918e-02 -3.165562579000000265e-02 2.619384140000000083e-02 -3.180873816000000243e-02 2.508075531000000108e-02 -3.421454063999999906e-02 3.321184263000000192e-02 -3.602623177000000010e-02 4.163442172000000191e-02 -3.318330233999999823e-02 3.772857621999999717e-02
4.469774289999999678e-02 -5.706480400999999758e-02 5.189934519000000135e-02 -6.626435294999999392e-02 6.766529846999999598e-02 -9.229099383000000101e-02 9.125797660999999950e-02 -1.447690848000000030e-01 1.444436718000000064e-01 -4.368493696999999898e-01 8.009652308000000387e-01 -4.306576812999999837e-01 1.387478443000000061e-01 -1.298052714000000052e-01 8.663360532000000114e-02 -7.949424086999999639e-02 6.498437845000000490e-02 -5.785280096999999982e-02 4.156164670000000311e-02 -4.216799365999999993e-02 2.287875287999999868e-02 -3.047665442999999974e-02 2.608042193000000009e-02 -2.187332391999999986e-02 1.918257729999999980e-02 -2.378021399000000008e-02 1.851404129000000162e-02 -1.489270374000000070e-02 1.478860734000000086e-02 -1.307119338999999936e-02 9.826955733999999734e-03 -7.771263498000000221e-03 1.334331564000000060e-02 -7.417907867999999627e-03 8.015163134000000827e-03 -3.617799865000000115e-03 7.768863491000000190e-03 -1.571291105000000021e-02 1.369262974999999917e-02 -1.278720300000000046e-02 1.723527470000000075e-02 -1.306463253999999921e-02 1.872810980000000000e-02 -1.774470884999999887e-02 2.233873508000000160e-02 -1.739384455999999982e-02 1.679098005000000116e-02 -1.242504642000000041e-02 1.157461207000000034e-02 -1.136575947000000031e-02 2.878166872000000043e-02 -2.568393648999999987e-02 2.865617447000000026e-02 -2.135985114000000032e-02 2.698822702000000170e-02 -2.636385364000000051e-02 2.706714874999999881e-02 -3.604342296000000168e-02 3.449748076999999830e-02 -4.565049821000000119e-02
-4.053944367000000132e-02 4.542167458000000158e-02 -4.512876838000000335e-02 4.974197078999999938e-02 -5.715469625999999859e-02 6.688061755999999414e-02 -7.834030180999999871e-02 9.281748852000000494e-02 -1.277925387999999940e-01 1.438703051999999927e-01 -4.306576812999999837e-01 8.010250425999999591e-01 -4.292996458000000182e-01 1.407037389000000138e-01 -1.323977075999999975e-01 8.632880310000000390e-02 -7.559990990999999882e-02 6.052792098999999759e-02 -4.872694596999999767e-02 4.868879130999999999e-02 -3.940233016999999949e-02 3.791735942999999859e-02 -2.783014418999999948e-02 1.888535418999999840e-02 -1.395444197000000018e-02 1.843475884999999995e-02 -1.735581174999999837e-02 1.203548798000000052e-02 -1.436078648000000020e-02 1.342291102999999992e-02 -1.401871814999999973e-02 7.892196464000000508e-03 -1.721475751999999859e-02 8.439385665000000147e-03 -1.127150774000000057e-02 5.862481596000000336e-03 -1.203555819999999922e-02 1.814312557000000159e-02 -1.969112184999999987e-02 1.900251282999999847e-02 -2.075905813000000072e-02 1.956006033000000019e-02 -1.673424877000000144e-02 1.226013618999999971e-02 -1.708628264999999952e-02 1.080942441999999983e-02 -1.571576906999999981e-02 7.245572409999999700e-03 -1.014245446000000030e-02 1.196163813000000048e-02 -3.128592392000000000e-02 2.617065060000000123e-02 -3.019163211999999902e-02 2.581020234999999857e-02 -2.543463135000000042e-02 2.596651511999999856e-02 -2.815728643000000100e-02 2.985609722999999979e-02 -3.067379556999999882e-02 4.194066366000000212e-02
3.590435487000000203e-02 -4.195261027000000281e-02 3.427240958000000309e-02 -4.574091942999999882e-02 4.581690496000000168e-02 -6.587583067999999709e-02 6.086671821999999760e-02 -8.958812607999999678e-02 8.427010013999999827e-02 -1.306384812999999978e-01 1.387478443000000061e-01 -4.292996458000000182e-01 8.008745669000000289e-01 -4.322167762999999940e-01 1.321495748000000026e-01 -1.224014665000000002e-01 8.417519410000000313e-02 -7.864734748000000442e-02 5.583048314999999873e-02 -6.356157932000000566e-02 4.766748124999999753e-02 -5.599534656999999999e-02 3.443783937000000073e-02 -2.620669291999999997e-02 1.209733990000000023e-02 -2.402379408000000077e-02 1.737273234999999957e-02 -1.366848621000000055e-02 1.582703590999999868e-02 -1.284761652000000060e-02 1.309838854000000032e-02 -8.970456761999999473e-03 1.601311788000000028e-02 -1.009833784000000075e-02 7.811036446000000320e-03 -9.070139091000000570e-03 1.436609282000000064e-02 -8.193754391999999442e-03 1.141343639000000007e-02 -1.037710508999999982e-02 1.446839762000000015e-02 -1.506384900999999978e-02 1.235624660999999971e-02 -1.116691759999999950e-02 1.590351750999999952e-02 -1.469152571999999927e-02 2.021852573999999986e-02 -1.996502353000000063e-02 1.953323108000000127e-02 -1.977365851000000008e-02 3.439302796000000273e-02 -3.235073447000000324e-02 3.453569294000000123e-02 -2.446976987999999881e-02 2.328490265000000142e-02 -2.563638052999999903e-02 3.066616781999999958e-02 -3.404835106000000250e-02 3.497103194000000109e-02 -3.683080486999999736e-02
-2.485399435999999934e-02 2.782081179000000029e-02 -2.750907275999999943e-02 2.825751849999999857e-02 -3.489490130000000301e-02 5.090723391000000209e-02 -5.217419898000000278e-02 7.358481145999999640e-02 -8.288612578000000009e-02 8.989557234999999424e-02 -1.298052714000000052e-01 1.407037389000000138e-01 -4.322167762999999940e-01 8.029573909999999648e-01 -4.123580067000000016e-01 1.433209766000000107e-01 -1.344374533000000094e-01 9.312939124999999874e-02 -7.903196794000000303e-02 6.425196382999999456e-02 -5.907572359999999773e-02 5.415094716999999808e-02 -3.469350840999999713e-02 2.692506131999999885e-02 -1.399589050999999924e-02 2.021571729000000081e-02 -1.763155690999999858e-02 1.311736531999999934e-02 -7.244107242999999960e-03 4.279791177000000398e-03 -9.039932687999999508e-03 8.688011792999999691e-03 -1.271345695999999935e-02 8.729449486999999591e-03 -4.988736092000000191e-03 -9.242588014000000174e-06 -2.941858102999999908e-03 -3.267059392999999839e-03 -8.935748500000000039e-03 2.421007469000000054e-03 -1.461126754999999937e-02 1.426896717999999974e-02 -1.291971714000000014e-02 8.510879444000000668e-03 -1.798984350999999898e-02 1.901611742999999993e-02 -2.539475385000000002e-02 1.640122562999999853e-02 -1.462009065000000052e-02 1.180905125999999992e-02 -3.200047778000000148e-02 2.618606442999999936e-02 -2.625520018000000039e-02 2.049878175000000025e-02 -2.171821562999999913e-02 2.340091286000000118e-02 -3.164588549999999834e-02 3.353301279999999773e-02 -3.382610407000000152e-02 3.233419986000000274e-02
3.185453044000000067e-02 -2.702474881999999967e-02 2.690584307999999841e-02 -3.362647439000000099e-02 3.529734000999999732e-02 -4.235343101999999860e-02 4.013486176000000127e-02 -6.398760168000000581e-02 6.558658825999999498e-02 -8.301403989000000205e-02 8.663360532000000114e-02 -1.323977075999999975e-01 1.321495748000000026e-01 -4.123580067000000016e-01 8.023321343000000549e-01 -4.437787181999999775e-01 1.404922275999999914e-01 -1.418366252000000105e-01 8.851061637000000315e-02 -9.221783129999999717e-02 6.236060061999999793e-02 -6.556265493000000555e-02 4.142525378999999813e-02 -4.318268544000000014e-02 2.928204200000000118e-02 -3.704306043999999742e-02 2.573291717000000117e-02 -2.175757127000000138e-02 1.025087566000000040e-02 -1.401475282000000031e-02 1.289653888000000075e-02 -1.319442841999999942e-02 7.357386819999999807e-03 -6.423665266999999644e-03 9.779999493999999918e-03 -2.379710372999999969e-03 6.203257000999999778e-03 4.084032068000000189e-03 3.383435827999999902e-03 -5.576489666000000386e-03 1.429279674000000049e-02 -1.532915527999999944e-02 1.540815989000000018e-02 -9.381322258999999497e-03 8.634853768000000027e-03 -1.010730504999999939e-02 1.294286753000000074e-02 -1.564164330000000032e-03 5.890592061000000240e-03 -6.569816190999999694e-03 1.977339570000000157e-02 -1.210275931000000076e-02 2.323738695000000104e-02 -1.428108384000000008e-02 2.319110693000000015e-02 -2.738354674000000044e-02 2.997534158999999934e-02 -3.261604871999999877e-02 2.579356052000000149e-02 -3.119941400000000170e-02
-3.140439989999999765e-02 2.483809405999999956e-02 -2.335447394999999940e-02 2.762163428999999878e-02 -2.885609965000000138e-02 3.141237631999999752e-02 -3.481813184000000228e-02 5.171492973999999854e-02 -5.617894903000000134e-02 5.951468529000000091e-02 -7.949424086999999639e-02 8.632880310000000390e-02 -1.224014665000000002e-01 1.433209766000000107e-01 -4.437787181999999775e-01 8.011543021000000486e-01 -4.220394762999999938e-01 1.395390578000000048e-01 -1.197473074999999970e-01 8.785968879000000120e-02 -7.568051996999999864e-02 6.508864637000000286e-02 -5.077646623999999831e-02 4.509864930000000161e-02 -3.901372798000000280e-02 3.768153383000000245e-02 -2.729007389999999963e-02 2.322141657000000026e-02 -1.703357060999999978e-02 1.690179526999999876e-02 -1.789086789999999941e-02 1.292699555999999965e-02 -1.015604540000000083e-02 7.510845809000000171e-03 -8.864639909999999512e-03 6.701611009000000077e-03 -8.131477676000000571e-03 -4.852674728999999652e-03 -3.125255338999999907e-03 5.405507131000000277e-03 -1.692575791999999940e-02 7.187723073000000171e-03 -1.047422196999999930e-02 5.536672416000000367e-03 -7.996030855000000812e-03 1.016729421000000036e-02 -1.105413235000000070e-02 5.372572320000000394e-03 -1.153266162999999969e-02 8.430621963000000177e-03 -2.157511285999999875e-02 1.305504155000000027e-02 -2.926279358999999899e-02 2.197302979000000100e-02 -2.763899650999999957e-02 2.713754846000000082e-02 -3.362416806000000091e-02 3.669211643999999856e-02 -2.949421953000000082e-02 2.924264137999999999e-02
1.918380017000000104e-02 -1.448229717999999916e-02 1.782095670000000132e-02 -2.454270689999999908e-02 2.934935820999999903e-02 -3.390594137999999869e-02 3.814548376000000129e-02 -4.687137837000000112e-02 4.871442841999999718e-02 -5.750107521000000221e-02 6.498437845000000490e-02 -7.559990990999999882e-02 8.417519410000000313e-02 -1.344374533000000094e-01 1.404922275999999914e-01 -4.220394762999999938e-01 8.014596693000000105e-01 -4.390928813000000153e-01 1.305682402999999991e-01 -1.319711755000000097e-01 7.942781104000000425e-02 -8.361502768999999613e-02 5.271483195999999982e-02 -4.720769763999999730e-02 3.244709240000000217e-02 -3.455577348999999687e-02 2.511525641999999905e-02 -2.714801433000000111e-02 1.704175406000000073e-02 -2.513669966000000103e-02 1.587009056999999848e-02 -1.632206653999999924e-02 1.349455079000000043e-02 -8.309574244999999582e-03 9.150197493999999432e-03 -4.648993895000000029e-03 6.825514926999999739e-03 -2.864789057000000170e-03 4.769325441999999575e-03 -2.681062727999999808e-03 1.470964670999999960e-02 -8.427954895000000848e-03 1.275915602999999968e-02 1.805869940000000078e-05 1.319644541000000032e-02 -1.154171262999999920e-02 1.184333767999999967e-02 -1.408230840999999921e-02 1.277994961000000068e-02 -1.091492911999999982e-02 2.085720082000000128e-02 -9.474101772999999477e-03 2.660524960999999938e-02 -1.952646344999999992e-02 2.153336084999999886e-02 -2.343800272000000004e-02 2.680232969999999867e-02 -3.307689286999999922e-02 2.360912809000000057e-02 -1.949788137999999837e-02
-1.930732388000000119e-02 1.736854669000000018e-02 -2.015206300999999867e-02 2.407411174000000098e-02 -2.967600881999999871e-02 2.849694754999999857e-02 -3.291030636000000231e-02 3.298323907999999721e-02 -3.317819559000000085e-02 4.526143135999999983e-02 -5.785280096999999982e-02 6.052792098999999759e-02 -7.864734748000000442e-02 9.312939124999999874e-02 -1.418366252000000105e-01 1.395390578000000048e-01 -4.390928813000000153e-01 8.007009014000000535e-01 -4.061548281999999843e-01 1.362113340999999977e-01 -1.206785917000000041e-01 8.667943813999999525e-02 -7.404503939999999840e-02 5.618567392999999910e-02 -4.401365823000000232e-02 3.946485746000000239e-02 -3.850698913000000223e-02 2.773351957000000020e-02 -2.512753548999999836e-02 2.876274447000000054e-02 -2.187673264000000034e-02 1.651442117999999890e-02 -1.459202662000000025e-02 1.688668335999999898e-03 -1.181633728000000029e-02 4.675768440000000262e-03 -6.206447000999999915e-03 4.168075533999999853e-03 -5.149959887000000319e-03 9.881286176000000140e-04 -7.859944799999999190e-03 4.263552295999999998e-03 -9.541354873999999264e-03 -1.233324770000000011e-03 -1.389121047000000005e-02 1.187744269000000005e-02 -1.908893568999999943e-02 1.666232394000000117e-02 -1.694233997999999852e-02 1.591323696000000038e-02 -2.268459608999999835e-02 1.004117941000000000e-02 -2.554674746999999885e-02 1.781191186000000148e-02 -1.139268155000000039e-02 1.470264240999999937e-02 -2.107396176999999995e-02 2.410692026999999849e-02 -1.898841553000000029e-02 2.200340312000000076e-02
1.590407904999999872e-02 -1.828758035999999976e-02 1.598292735999999950e-02 -2.350169704999999915e-02 2.686603778999999831e-02 -1.928336706000000067e-02 2.219611561000000080e-02 -2.933328442999999855e-02 2.341160010999999985e-02 -3.734960039000000120e-02 4.156164670000000311e-02 -4.872694596999999767e-02 5.583048314999999873e-02 -7.903196794000000303e-02 8.851061637000000315e-02 -1.197473074999999970e-01 1.305682402999999991e-01 -4.061548281999999843e-01 7.980548838000000034e-01 -4.531795310999999771e-01 1.368346102999999925e-01 -1.323454595999999928e-01 7.322731090999999581e-02 -7.335672392000000541e-02 5.184405547999999808e-02 -5.050726693000000267e-02 3.411818604999999893e-02 -3.474847944000000050e-02 2.977697548999999957e-02 -2.817660975999999873e-02 1.391634981000000083e-02 -1.525709993999999937e-02 1.373446491999999984e-02 -8.056012506000000128e-03 9.089115902999999469e-03 -5.484376971000000031e-03 -1.196856804000000088e-03 -4.143188859000000051e-04 -5.002607212999999643e-03 7.089751664000000422e-04 7.746262175000000021e-03 -1.063694652000000008e-03 9.496967061999999141e-03 -4.245243664999999618e-03 1.501707537000000064e-02 -1.581725517999999983e-02 1.859286121999999958e-02 -2.045349151000000129e-02 2.482858848000000021e-02 -1.919447342000000015e-02 2.192198253999999916e-02 -1.365703008999999933e-02 2.997433853999999925e-02 -1.933336926000000025e-02 1.836759804999999954e-02 -1.642164411000000129e-02 1.768146421999999829e-02 -2.094083205000000017e-02 2.140644707999999827e-02 -2.033034468000000095e-02
-2.976440798000000096e-02 2.918656958999999926e-02 -2.993373506000000100e-02 3.794557225999999756e-02 -4.158333788000000142e-02 2.816978255000000125e-02 -2.527239321000000066e-02 3.207500997999999937e-02 -3.152033027000000071e-02 4.208743843999999956e-02 -4.216799365999999993e-02 4.868879130999999999e-02 -6.356157932000000566e-02 6.425196382999999456e-02 -9.221783129999999717e-02 8.785968879000000120e-02 -1.319711755000000097e-01 1.362113340999999977e-01 -4.531795310999999771e-01 8.005415153999999589e-01 -3.972660027000000094e-01 1.383762799000000099e-01 -1.096687058999999964e-01 7.539014756999999622e-02 -6.388987240000000567e-02 5.052616044000000223e-02 -4.294644042000000245e-02 3.417304842999999842e-02 -2.661435510000000060e-02 2.619744087000000152e-02 -1.773597303999999847e-02 2.006960323000000004e-02 -1.678510912999999979e-02 9.009384726000000190e-03 -9.770167526000000241e-03 6.695806173999999632e-03 -3.753337508999999954e-03 8.154970471999999733e-04 2.868553408999999915e-04 -4.101275819999999905e-03 -7.019469282000000143e-03 5.007259535000000046e-03 -7.326548613000000154e-03 5.117759480999999749e-03 -2.172245054000000036e-02 1.219542311000000080e-02 -1.033578270999999972e-02 1.387495054000000005e-02 -2.231445814000000000e-02 2.207601375999999893e-02 -2.909411623999999877e-02 1.541700080000000042e-02 -2.842278844999999998e-02 2.166031070000000100e-02 -2.208323741999999867e-02 2.308535822000000112e-02 -2.267577247999999837e-02 2.240424003000000136e-02 -2.867750789999999952e-02 3.393627209999999783e-02
1.937204543999999917e-02 -2.041222511000000128e-02 2.485003053000000087e-02 -2.906892469999999840e-02 2.514598406999999855e-02 -2.367838338999999834e-02 2.292920076000000071e-02 -2.611027861999999991e-02 2.704546830000000013e-02 -2.669921010999999969e-02 2.287875287999999868e-02 -3.940233016999999949e-02 4.766748124999999753e-02 -5.907572359999999773e-02 6.236060061999999793e-02 -7.568051996999999864e-02 7.942781104000000425e-02 -1.206785917000000041e-01 1.368346102999999925e-01 -3.972660027000000094e-01 8.001341950999999453e-01 -4.606308281000000004e-01 1.385485640000000129e-01 -1.341542444999999917e-01 7.414635518999999897e-02 -7.466476431999999330e-02 5.090226574000000087e-02 -3.936109525999999942e-02 2.793215895000000087e-02 -2.874874573000000058e-02 1.236165413000000005e-02 -1.580112633000000169e-02 4.583284408999999636e-03 -4.486885533999999953e-03 3.258794642999999786e-03 -1.965493033999999879e-03 -5.779957421999999678e-03 1.897132926999999924e-03 -5.575334232999999869e-03 7.925244475999999524e-03 2.453896956000000198e-03 -2.731644261999999906e-03 5.335292382000000368e-03 -1.149840790000000029e-02 1.382678218999999938e-02 -1.508434038000000012e-02 1.455840809999999971e-02 -1.180500125999999969e-02 1.512416050999999990e-02 -1.193859710999999914e-02 2.001820899000000126e-02 -5.734487824999999657e-03 2.341763276000000116e-02 -1.206306811999999923e-02 1.147883855999999939e-02 -8.230381135999999612e-03 1.318213277999999954e-02 -1.765021374000000018e-02 1.635450760999999920e-02 -2.620808909000000089e-02
-2.586195067000000153e-02 1.651200326000000149e-02 -2.313543212000000043e-02 3.097094216000000066e-02 -2.736679553999999889e-02 2.778650234000000149e-02 -2.870406770999999954e-02 3.643053269000000316e-02 -3.339151963999999889e-02 3.303066177999999797e-02 -3.047665442999999974e-02 3.791735942999999859e-02 -5.599534656999999999e-02 5.415094716999999808e-02 -6.556265493000000555e-02 6.508864637000000286e-02 -8.361502768999999613e-02 8.667943813999999525e-02 -1.323454595999999928e-01 1.383762799000000099e-01 -4.606308281000000004e-01 8.005008818000000081e-01 -3.971640072000000021e-01 1.314195927000000041e-01 -1.074670177000000004e-01 7.543054549000000053e-02 -6.205270383000000001e-02 4.822775099999999926e-02 -3.966472899000000191e-02 4.110379780000000122e-02 -2.234093922999999884e-02 1.993780850999999840e-02 -1.702996963999999988e-02 1.300082517999999986e-02 -1.384279518000000077e-02 9.399465068000000673e-03 -3.643833933000000143e-03 3.508327922000000214e-04 -6.636710617999999791e-03 -1.477562916999999995e-03 -1.066439674999999920e-02 3.004693998000000036e-03 -3.490566023999999972e-03 5.007725129999999678e-03 -1.501689741000000050e-02 1.379043576000000063e-02 -1.745430003999999882e-02 1.778769393000000087e-02 -2.564826698000000071e-02 1.101724689000000042e-02 -2.445911522000000088e-02 9.877783108999999354e-03 -2.983734172000000046e-02 1.868130952999999886e-02 -1.381302914000000041e-02 1.770980755999999878e-02 -2.163958553000000160e-02 2.397469552999999948e-02 -2.636756465000000133e-02 2.575796169000000094e-02
2.297349339999999948e-02 -1.774304412999999983e-02 2.076527783000000141e-02 -2.526566703999999844e-02 2.094655391999999949e-02 -1.723136877000000164e-02 1.910333834999999869e-02 -3.099082196000000136e-02 2.383865584000000037e-02 -3.131720193999999735e-02 2.608042193000000009e-02 -2.783014418999999948e-02 3.443783937000000073e-02 -3.469350840999999713e-02 4.142525378999999813e-02 -5.077646623999999831e-02 5.271483195999999982e-02 -7.404503939999999840e-02 7.322731090999999581e-02 -1.096687058999999964e-01 1.385485640000000129e-01 -3.971640072000000021e-01 8.014279421000000125e-01 -4.515074551000000103e-01 1.305584087999999976e-01 -1.311001230999999934e-01 7.343649526999999899e-02 -6.810299700999999928e-02 4.571208629000000218e-02 -4.649696936000000114e-02 2.878643939999999887e-02 -3.404382996000000078e-02 2.463770386999999951e-02 -1.638615184000000169e-02 1.622698480000000013e-02 -2.020690651000000074e-02 1.233046649000000064e-02 -1.501155680000000082e-02 1.126969094999999942e-02 -9.778148723999999237e-03 1.574451173000000065e-02 -1.665498396999999867e-02 1.558826253999999988e-02 -1.933868802999999872e-02 2.459347007000000154e-02 -1.935004130999999974e-02 1.549152770000000040e-02 -1.664896227000000131e-02 1.925338293000000006e-02 -1.201136738999999953e-02 2.702871097999999875e-02 -9.566801855999999826e-03 2.843530349000000096e-02 -1.693769826999999908e-02 2.134197331000000156e-02 -2.328267875000000070e-02 2.687898858999999974e-02 -2.725129509999999963e-02 2.148788382999999858e-02 -2.818347025999999936e-02
-2.433991928000000041e-02 1.606027679999999860e-02 -2.397357262999999863e-02 3.007934354999999838e-02 -2.866978080999999998e-02 2.361837795000000170e-02 -1.907767541000000150e-02 2.858833666000000148e-02 -2.388569952000000121e-02 1.935454681000000135e-02 -2.187332391999999986e-02 1.888535418999999840e-02 -2.620669291999999997e-02 2.692506131999999885e-02 -4.318268544000000014e-02 4.509864930000000161e-02 -4.720769763999999730e-02 5.618567392999999910e-02 -7.335672392000000541e-02 7.539014756999999622e-02 -1.341542444999999917e-01 1.314195927000000041e-01 -4.515074551000000103e-01 8.012352229000000436e-01 -3.974703459000000216e-01 1.416106069999999995e-01 -1.041198889999999933e-01 7.098054254999999757e-02 -5.656187990000000054e-02 4.826805312000000125e-02 -3.318067870000000058e-02 3.014454198000000168e-02 -2.463265323999999992e-02 1.521436076000000012e-02 -1.724349496999999856e-02 1.832336415000000024e-02 -5.688180543000000144e-03 1.026137862999999990e-02 -8.677383388000000503e-03 4.729305629000000143e-03 -1.570100596000000015e-02 9.148999745000000600e-03 -1.136834525000000005e-02 8.629352429000000310e-03 -2.014895666000000168e-02 6.923139763000000016e-03 -9.877560533000000545e-03 -6.878030009999999564e-04 -8.501790893999999418e-03 2.323302850999999815e-03 -1.492948977999999927e-02 4.206535875000000368e-03 -1.753424660000000093e-02 7.956030173999999525e-03 -1.547034584999999914e-02 1.169104638000000029e-02 -1.924112319000000071e-02 2.420054568000000114e-02 -2.189164064999999867e-02 2.726149154999999921e-02
2.526353627999999851e-02 -1.872920590000000038e-02 2.153538321000000172e-02 -2.757257554000000152e-02 2.784269473999999994e-02 -2.763213461999999843e-02 1.887605976000000102e-02 -2.074164062999999877e-02 1.703185118999999900e-02 -1.417164509999999968e-02 1.918257729999999980e-02 -1.395444197000000018e-02 1.209733990000000023e-02 -1.399589050999999924e-02 2.928204200000000118e-02 -3.901372798000000280e-02 3.244709240000000217e-02 -4.401365823000000232e-02 5.184405547999999808e-02 -6.388987240000000567e-02 7.414635518999999897e-02 -1.074670177000000004e-01 1.305584087999999976e-01 -3.974703459000000216e-01 8.009617277999999674e-01 -4.599610915999999827e-01 1.328982247999999922e-01 -1.315676944999999987e-01 7.460537614999999956e-02 -7.505245060000000079e-02 4.685680711000000248e-02 -4.326860494999999751e-02 3.223204135999999803e-02 -3.245952297000000153e-02 2.624257543999999887e-02 -2.986949157000000007e-02 1.671625268000000164e-02 -2.802631565000000130e-02 1.990997124999999840e-02 -1.941119192999999840e-02 2.390329293000000022e-02 -1.977194637000000144e-02 1.748674176000000052e-02 -1.576001567999999950e-02 1.938040341000000014e-02 -8.235137958999999216e-03 1.398173280000000046e-02 -7.909603224000000266e-03 1.579983278999999921e-02 -4.035318952999999639e-03 1.988387215999999971e-02 -1.446564137000000069e-02 1.561026763000000067e-02 -9.085048979999999635e-03 2.050966573999999862e-02 -2.193185075999999969e-02 2.868055524999999981e-02 -2.600652318000000116e-02 2.275345487999999930e-02 -2.871819297000000049e-02
-2.474100309000000150e-02 2.392205454999999856e-02 -2.505007005000000134e-02 2.970854057000000062e-02 -3.196086236000000164e-02 2.287243389999999918e-02 -2.271692011000000025e-02 2.617563373000000165e-02 -2.215715076000000089e-02 1.814991712000000104e-02 -2.378021399000000008e-02 1.843475884999999995e-02 -2.402379408000000077e-02 2.021571729000000081e-02 -3.704306043999999742e-02 3.768153383000000245e-02 -3.455577348999999687e-02 3.946485746000000239e-02 -5.050726693000000267e-02 5.052616044000000223e-02 -7.466476431999999330e-02 7.543054549000000053e-02 -1.311001230999999934e-01 1.416106069999999995e-01 -4.599610915999999827e-01 8.012978177999999785e-01 -3.901068831999999764e-01 1.337862060999999991e-01 -1.079842258999999943e-01 7.348226640999999670e-02 -5.533632025000000121e-02 4.787545202000000055e-02 -3.615677994000000145e-02 3.390935702999999662e-02 -2.891836256000000077e-02 3.391977043000000275e-02 -1.889916217000000079e-02 1.996667288000000123e-02 -1.405332075999999979e-02 1.127998084000000033e-02 -1.736156148999999996e-02 1.413927880999999928e-02 -1.583815239999999958e-02 1.105479678999999986e-02 -1.876926857000000073e-02 8.042769567000000730e-03 -1.659445097000000063e-02 8.991012486000000276e-03 -1.609924483000000142e-02 2.074531893000000019e-03 -1.415969987999999950e-02 1.237761928999999914e-02 -1.592914906000000158e-02 7.400698934999999992e-03 -1.580312999999999857e-02 1.786605391999999959e-02 -2.715207601999999887e-02 2.464972639999999868e-02 -2.316997229000000019e-02 2.667718376000000058e-02
