Spin-spin correlation function <S_i S_j>
1.492131962   -0.4188002287 -0.3827188772 -0.7409419672
-0.4188002287 1.138475874   -0.5684293565 -1.724560951 
-0.3827188772 -0.5684293565 1.369299204   -0.4661602537
-0.7409419672 -1.724560951  -0.4661602537 1.502096194  

1.330824483   -0.3843750715 -0.3958108011 -0.3517327305
-0.3843750715 1.595367961   -0.408662087  -0.6347625255
-0.3958108011 -0.408662087  1.327562533   -0.3182719754
-0.3517327305 -0.6347625255 -0.3182719754 1.294400651  

1.280675412   -0.3298739082 -0.4055350627 -0.3340258797
-0.3298739082 1.598042239   -0.4760070177 -0.5814756215
-0.4055350627 -0.4760070177 1.55022228    -0.242764026 
-0.3340258797 -0.5814756215 -0.242764026  1.174052244  

1.568441137   -0.4045927104 -0.544578105  -0.2747952776
-0.4045927104 1.525995826   -0.4944512593 -0.4542406392
-0.544578105  -0.4944512593 1.414166852   -0.3001474668
-0.2747952776 -0.4542406392 -0.3001474668 1.075991797  

1.348608691   -0.5117204373 -0.7594104274 -0.3304906663
-0.5117204373 1.445357527   -0.6063738615 -0.5074028618
-0.7594104274 -0.6063738615 1.306422372   -0.4355409575
-0.3304906663 -0.5074028618 -0.4355409575 1.456966295  

1.313937746   -0.8177223569 -0.4993913153 -0.4931279024
-0.8177223569 1.53415513    -0.3976477036 -1.355135287 
-0.4993913153 -0.3976477036 1.275180368   -0.4386368818
-0.4931279024 -1.355135287  -0.4386368818 1.364010274  

1.280581472   -0.4296552376 -0.4643286587 -0.5144515276
-0.4296552376 1.51080186    -0.4701938179 -0.8364632363
-0.4643286587 -0.4701938179 1.193675728   -0.3834358241
-0.5144515276 -0.8364632363 -0.3834358241 1.515339415  

1.449457694   -0.4498356821 -0.5153559936 -0.5177774981
-0.4498356821 1.489009519   -0.2758237317 -0.9552691426
-0.5153559936 -0.2758237317 1.239744352   -0.3856988717
-0.5177774981 -0.9552691426 -0.3856988717 1.400320969  

1.606055415   -0.3038740424 -0.344402651  -0.2816145453
-0.3038740424 1.384859721   -0.2042494576 -0.4181792152
-0.344402651  -0.2042494576 1.389520961   -0.2846831546
-0.2816145453 -0.4181792152 -0.2846831546 1.338229361  

1.140138445   -0.358309117  -0.8431136492 -0.4636931168
-0.358309117  1.472203963   -0.5686342555 -0.5577208346
-0.8431136492 -0.5686342555 1.452556609   -0.6254406172
-0.4636931168 -0.5577208346 -0.6254406172 1.37331911   

1.286071265   -0.2170546261 -0.302600735  -0.2468789025
-0.2170546261 1.333072104   -0.2502645367 -0.3655929874
-0.302600735  -0.2502645367 1.484021935   -0.3224580549
-0.2468789025 -0.3655929874 -0.3224580549 1.654239055  

1.323780841   -0.4388467861 -0.9586898717 -0.4430770961
-0.4388467861 1.191519545   -0.3920886577 -0.3541198413
-0.9586898717 -0.3920886577 1.434527136   -0.5329337082
-0.4430770961 -0.3541198413 -0.5329337082 1.489652329  

1.569204905   -0.3123492263 -0.426692205  -0.278078752 
-0.3123492263 1.261944266   -0.3095519427 -0.2664996181
-0.426692205  -0.3095519427 1.481807554   -0.3963128019
-0.278078752  -0.2664996181 -0.3963128019 1.298150315  

1.765252657   -0.3861185244 -0.4880904239 -0.3181222398
-0.3861185244 1.228412989   -0.4623706127 -0.4035800406
-0.4880904239 -0.4623706127 1.390482386   -0.3863245143
-0.3181222398 -0.4035800406 -0.3863245143 1.195813499  

1.524367181   -0.3745637811 -0.4045713307 -0.2032766845
-0.3745637811 1.592908133   -0.4011665407 -0.3919515803
-0.4045713307 -0.4011665407 1.474718514   -0.289804663 
-0.2032766845 -0.3919515803 -0.289804663  1.014987613  

1.151940224   -0.4324689761 -1.022916163  -0.3835577213
-0.4324689761 1.434469069   -0.5292702604 -0.4507064442
-1.022916163  -0.5292702604 1.543054453   -0.3955508593
-0.3835577213 -0.4507064442 -0.3955508593 1.365732635  

1.205922445   -0.3416064839 -0.6699055383 -0.4909971647
-0.3416064839 1.304125322   -0.4457970731 -0.6567279606
-0.6699055383 -0.4457970731 1.488359245   -0.6170165462
-0.4909971647 -0.6567279606 -0.6170165462 1.450011876  

1.221607965   -0.3352392038 -1.029455628  -0.5582397412
-0.3352392038 1.390188004   -0.66815216   -0.7430309912
-1.029455628  -0.66815216   1.610976916   -0.4772195137
-0.5582397412 -0.7430309912 -0.4772195137 1.235427251  

1.24358421    -0.7596980842 -1.343367636  -0.4183923436
-0.7596980842 1.464311874   -0.4337905971 -0.6051378984
-1.343367636  -0.4337905971 1.370506487   -0.5339661084
-0.4183923436 -0.6051378984 -0.5339661084 1.341382672  

1.325080785   -0.775900642  -0.7614009955 -0.3769949731
-0.775900642  1.193167445   -0.3271453631 -0.7706976813
-0.7614009955 -0.3271453631 1.528011      -0.643952749 
-0.3769949731 -0.7706976813 -0.643952749  1.402642909  

1.303682944   -0.4731967407 -1.106794388  -0.6306842611
-0.4731967407 1.213616617   -0.4967117802 -1.574308801 
-1.106794388  -0.4967117802 1.423136602   -0.9476978408
-0.6306842611 -1.574308801  -0.9476978408 1.457982944  

1.74363982    -0.331408242  -0.4968801093 -0.3791985012
-0.331408242  0.9591965704  -0.4634853082 -0.4992428626
-0.4968801093 -0.4634853082 1.580389156   -0.3928772413
-0.3791985012 -0.4992428626 -0.3928772413 1.337039231  

1.350222675   -0.4914122239 -1.100516056  -0.5789038182
-0.4914122239 1.264081771   -0.4532884686 -0.4799840533
-1.100516056  -0.4532884686 1.0776071     -0.5756602923
-0.5789038182 -0.4799840533 -0.5756602923 1.546400686  

1.425023878   -0.2935719479 -0.6390818052 -0.2796625024
-0.2935719479 1.056685704   -0.4962436454 -0.3261923778
-0.6390818052 -0.4962436454 1.802408622   -0.5501630327
-0.2796625024 -0.3261923778 -0.5501630327 1.304303176  

1.278014362   -0.2899221905 -0.4849519936 -0.3599662559
-0.2899221905 1.408599381   -0.5956592565 -0.3958397012
-0.4849519936 -0.5956592565 1.515984369   -0.3750924354
-0.3599662559 -0.3958397012 -0.3750924354 1.268401411  

1.331194391   -0.3639423123 -0.5197759647 -0.4131561077
-0.3639423123 1.680379426   -0.3781527405 -0.447477662 
-0.5197759647 -0.3781527405 1.271475532   -0.2531525533
-0.4131561077 -0.447477662  -0.2531525533 1.351708247  

1.963786383   -0.9834774294 -0.7395810331 -0.2466646979
-0.9834774294 1.578287518   -0.2068256793 0.06116765608
-0.7395810331 -0.2068256793 1.241781768   -0.2573482277
-0.2466646979 0.06116765608 -0.2573482277 1.174176522  

1.711626285   -0.9859793271 -0.7394114234 -0.5433690326
-0.9859793271 1.259969203   -0.2256605999 -0.3785315456
-0.7394114234 -0.2256605999 1.193700496   -0.2991870316
-0.5433690326 -0.3785315456 -0.2991870316 1.292894612  

1.501679644   -0.31902828   -0.6480057465 -0.3789355166
-0.31902828   1.167702824   -0.7982774419 -0.5078725973
-0.6480057465 -0.7982774419 1.50413093    -0.4472995909
-0.3789355166 -0.5078725973 -0.4472995909 1.405495199  

1.730322713   -0.4072205677 -0.5589842865 -0.5113756334
-0.4072205677 1.146141635   -0.5007260367 -0.700139583 
-0.5589842865 -0.5007260367 1.447307574   -0.2828816767
-0.5113756334 -0.700139583  -0.2828816767 1.184400141  

1.787832835   -0.2360084595 -0.3989383638 -0.2784150194
-0.2360084595 1.278997915   -0.2956500042 -0.2390209147
-0.3989383638 -0.2956500042 1.601969322   -0.12023849  
-0.2784150194 -0.2390209147 -0.12023849   1.038099987  

1.7323777     -0.4453741159 -0.6677073379 -0.3756881249
-0.4453741159 1.420243019   -0.5815534631 -0.7557524369
-0.6677073379 -0.5815534631 1.405994967   -0.2386084063
-0.3756881249 -0.7557524369 -0.2386084063 0.9722484746 

1.401575686   -0.3485124522 -0.5515082971 -0.243531265 
-0.3485124522 1.325992665   -0.5361881153 -0.3764873318
-0.5515082971 -0.5361881153 1.782859166   -0.3401790847
-0.243531265  -0.3764873318 -0.3401790847 1.039977927  

1.240573431   -0.3002180916 -0.2982666442 -0.2194260069
-0.3002180916 1.316070493   -0.2555428554 -0.4580452911
-0.2982666442 -0.2555428554 1.468165526   -0.322310157 
-0.2194260069 -0.4580452911 -0.322310157  1.656716752  

1.516612368   -0.371537174  -0.520376075  -0.5582287981
-0.371537174  1.24098703    -0.3170640424 -0.8643601123
-0.520376075  -0.3170640424 1.312807189   -0.6189974204
-0.5582287981 -0.8643601123 -0.6189974204 1.384451001  

1.353855024   -0.3825021531 -0.2879037926 -0.2926770625
-0.3825021531 1.775537687   -0.3111942285 -0.5098448587
-0.2879037926 -0.3111942285 1.069484128   -0.3463746821
-0.2926770625 -0.5098448587 -0.3463746821 1.447706332  

1.508501386   -0.3506421531 -0.4772681868 -0.3220898651
-0.3506421531 1.114523946   -0.2695817506 -0.5287280188
-0.4772681868 -0.2695817506 1.555933496   -0.4322537916
-0.3220898651 -0.5287280188 -0.4322537916 1.426885746  

1.035574869   -0.2877445942 -0.8963540417 -0.4382695217
-0.2877445942 1.275877833   -0.7070673356 -0.7255282157
-0.8963540417 -0.7070673356 1.594049289   -0.7054360916
-0.4382695217 -0.7255282157 -0.7054360916 1.47153907   

1.201075823   -0.2130327695 -0.5649973812 -0.3149540238
-0.2130327695 0.9996006628  -0.2895984137 -0.456900638 
-0.5649973812 -0.2895984137 1.53533421    -1.173074652 
-0.3149540238 -0.456900638  -1.173074652  1.784734194  

1.293750624   -0.2082859724 -0.3947851728 -0.4819873622
-0.2082859724 1.024328885   -0.2189755481 -0.4793727685
-0.3947851728 -0.2189755481 1.545496324   -0.4998048717
-0.4819873622 -0.4793727685 -0.4998048717 1.67942459   

1.43887117    -0.3188716042 -0.6924890612 -0.3716123166
-0.3188716042 1.194649197   -0.325180286  -0.3152100505
-0.6924890612 -0.325180286  1.57041909    -0.6170607459
-0.3716123166 -0.3152100505 -0.6170607459 1.424183351  

1.126397896   -0.3811940363 -0.4649643976 -0.7025054176
-0.3811940363 1.565169867   -0.4534986483 -0.9908633869
-0.4649643976 -0.4534986483 1.219032368   -0.4329915548
-0.7025054176 -0.9908633869 -0.4329915548 1.601441457  

1.28465407    -0.2817115421 -0.3351603818 -0.3357510249
-0.2817115421 1.554943869   -0.2795573698 -0.4367469298
-0.3351603818 -0.2795573698 1.036449614   -0.3207846638
-0.3357510249 -0.4367469298 -0.3207846638 1.739494828  

1.124127616   -0.3345527747 -0.3607665776 -0.4729623357
-0.3345527747 1.22464151    -0.7496600261 -0.5390803493
-0.3607665776 -0.7496600261 1.26189467    -0.561728966 
-0.4729623357 -0.5390803493 -0.561728966  1.910732376  

1.16286752    -0.3991804613 -0.5707715385 -0.6453858368
-0.3991804613 1.653045204   -0.6454310775 -0.5398534693
-0.5707715385 -0.6454310775 1.205871324   -0.4191871015
-0.6453858368 -0.5398534693 -0.4191871015 1.5141479    

1.178706286   -0.5395522544 -0.3765812397 -0.4617789607
-0.5395522544 1.56904707    -0.506034726  -0.5594006373
-0.3765812397 -0.506034726  1.27922972    -0.4065867628
-0.4617789607 -0.5594006373 -0.4065867628 1.459691768  

1.482398396   -0.5123084738 -0.536863325  -0.4915742411
-0.5123084738 1.393610451   -0.3236133299 -0.3956126497
-0.536863325  -0.3236133299 1.398897309   -0.3767003509
-0.4915742411 -0.3956126497 -0.3767003509 1.294711388  

1.327173251   -0.3880339773 -0.4992990792 -0.609882831 
-0.3880339773 1.317373057   -0.4545702998 -0.5130841574
-0.4992990792 -0.4545702998 1.307458822   -0.4479413443
-0.609882831  -0.5130841574 -0.4479413443 1.621312108  

1.113603381   -0.2209143729 -0.2857001057 -0.2653512863
-0.2209143729 1.429267276   -0.284163092  -0.3416019627
-0.2857001057 -0.284163092  1.610941767   -0.4559248205
-0.2653512863 -0.3416019627 -0.4559248205 1.550336233  

1.061918942   -0.3438183007 -0.4631675149 -0.250976771 
-0.3438183007 1.464129042   -0.5487659826 -0.4503409509
-0.4631675149 -0.5487659826 1.662084688   -0.6931808225
-0.250976771  -0.4503409509 -0.6931808225 1.321899141  

1.229398879   -0.3355276217 -0.3003836653 -0.1107740841
-0.3355276217 1.410346804   -0.1723992531 -0.4093953652
-0.3003836653 -0.1723992531 1.631242677   -0.485987887 
-0.1107740841 -0.4093953652 -0.485987887  1.572828631  

1.036520798   -0.4113991238 -0.7420426975 -0.2961791385
-0.4113991238 1.253890784   -0.2481553008 -0.5265589153
-0.7420426975 -0.2481553008 1.538385963   -0.869647763 
-0.2961791385 -0.5265589153 -0.869647763  1.724613556  

1.724525671   -0.1972142174 -0.5738473713 -0.2098794004
-0.1972142174 1.046133825   -0.3041157748 -0.272644606 
-0.5738473713 -0.3041157748 1.856603704   -0.2291311657
-0.2098794004 -0.272644606  -0.2291311657 1.017944644  

1.243744553   -0.3190695556 -1.599476588  -0.4333094915
-0.3190695556 1.410243931   -0.9086537306 -0.461490158 
-1.599476588  -0.9086537306 1.53605832    -0.4270968355
-0.4333094915 -0.461490158  -0.4270968355 1.282465057  

1.258393599   -0.4188068389 -0.4518484134 -0.2938661088
-0.4188068389 1.588027674   -0.6520802275 -0.6248765478
-0.4518484134 -0.6520802275 1.560414107   -0.4143272492
-0.2938661088 -0.6248765478 -0.4143272492 1.132732872  

1.473961949   -0.4284242076 -0.6660196105 -0.3803765768
-0.4284242076 1.390360468   -0.5021910275 -0.6657902313
-0.6660196105 -0.5021910275 1.47922777    -0.5251712501
-0.3803765768 -0.6657902313 -0.5251712501 1.142728339  

1.713731112   -0.5550558222 -0.6263787091 -0.2611854293
-0.5550558222 1.497717246   -0.4569257991 -0.4163240123
-0.6263787091 -0.4569257991 1.51388808    -0.2872594959
-0.2611854293 -0.4163240123 -0.2872594959 0.8450328068 

1.256741191   -0.356350602  -0.456507405  -0.2376714501
-0.356350602  1.785106675   -0.3237448003 -0.5901426571
-0.456507405  -0.3237448003 1.249808158   -0.2666475217
-0.2376714501 -0.5901426571 -0.2666475217 1.347630207  

1.335548147   -0.4994299067 -0.421165345  -0.2678753447
-0.4994299067 1.617058756   -0.261594943  -0.4557647219
-0.421165345  -0.261594943  1.207843305   -0.2636780162
-0.2678753447 -0.4557647219 -0.2636780162 1.449736987  

1.00698073    -0.4743269566 -0.6824900923 -0.2065424444
-0.4743269566 1.392198291   -0.2244569876 -0.4296655053
-0.6824900923 -0.2244569876 1.385869722   -0.7015362904
-0.2065424444 -0.4296655053 -0.7015362904 1.796034555  

1.120097571   -1.057683782  -0.3116472691 -0.2846624842
-1.057683782  1.71278322    -0.3946750931 -1.603149153 
-0.3116472691 -0.3946750931 1.187507697   -0.7234164344
-0.2846624842 -1.603149153  -0.7234164344 1.511302695  

1.07934987    -0.3436933674 -0.2342517533 -0.317568913 
-0.3436933674 1.767435649   -0.4312628752 -0.4436066411
-0.2342517533 -0.4312628752 1.322011743   -0.2609534385
-0.317568913  -0.4436066411 -0.2609534385 1.488011478  

1.292011512   -0.3066690568 -0.4673502519 -0.285211938 
-0.3066690568 1.272340473   -0.4847176983 -0.4232255859
-0.4673502519 -0.4847176983 1.629224197   -0.3856032617
-0.285211938  -0.4232255859 -0.3856032617 1.388956803  

1.130041171   -0.3583457284 -0.3990392684 -0.2181017027
-0.3583457284 1.811382039   -0.6200823079 -0.3369600347
-0.3990392684 -0.6200823079 1.636379783   -0.4327323609
-0.2181017027 -0.3369600347 -0.4327323609 1.066568769  

1.328037742   -0.3794628203 -0.5329595676 -0.3882625043
-0.3794628203 1.503376391   -0.5492610936 -0.3871175282
-0.5329595676 -0.5492610936 1.379944477   -0.340426957 
-0.3882625043 -0.3871175282 -0.340426957  1.221989978  

1.360606354   -0.4089771156 -0.4852871131 -0.3782433353
-0.4089771156 1.498343664   -0.5107435372 -0.5113518965
-0.4852871131 -0.5107435372 1.425510432   -0.334009198 
-0.3782433353 -0.5113518965 -0.334009198  1.117447367  

1.084837732   -0.3289046566 -0.3093201739 -0.3153995339
-0.3289046566 1.491267984   -0.4030194699 -0.6173443474
-0.3093201739 -0.4030194699 1.473077133   -0.4040107091
-0.3153995339 -0.6173443474 -0.4040107091 1.531499756  

1.090103533   -0.3223079891 -0.3467131442 -0.267257548 
-0.3223079891 1.559162115   -0.4709706208 -0.5433902829
-0.3467131442 -0.4709706208 1.487456105   -0.3832754526
-0.267257548  -0.5433902829 -0.3832754526 1.381568184  

1.175966075   -0.3048236417 -0.4514206636 -0.2434351212
-0.3048236417 1.411419218   -0.3428257828 -0.5839426756
-0.4514206636 -0.3428257828 1.360158942   -0.5932998292
-0.2434351212 -0.5839426756 -0.5932998292 1.639621921  

1.252824773   -0.2848267643 -0.3166438045 -0.3272968497
-0.2848267643 1.300894852   -0.2952439203 -0.4396859648
-0.3166438045 -0.2952439203 1.364408682   -0.4937435422
-0.3272968497 -0.4396859648 -0.4937435422 1.657038746  

1.374160373   -0.3322790425 -0.4023740982 -0.3445712698
-0.3322790425 1.30886829    -0.3058287824 -0.3992526002
-0.4023740982 -0.3058287824 1.309954699   -0.5674432504
-0.3445712698 -0.3992526002 -0.5674432504 1.551377484  

1.528200603   -0.5645540363 -0.5301170401 -0.4088710873
-0.5645540363 1.216080615   -0.4742373948 -1.311198223 
-0.5301170401 -0.4742373948 1.463720725   -0.4665216179
-0.4088710873 -1.311198223  -0.4665216179 1.342190451  

1.063745501   -0.3316893247 -0.5649025544 -0.4946060054
-0.3316893247 1.537629679   -0.6794240435 -0.8933537469
-0.5649025544 -0.6794240435 1.512690686   -0.4542720931
-0.4946060054 -0.8933537469 -0.4542720931 1.402463817  

1.000750601   -0.3117993723 -0.4280494235 -0.2213764019
-0.3117993723 1.572875211   -0.5926720369 -0.4046849129
-0.4280494235 -0.5926720369 1.570095174   -0.4139919849
-0.2213764019 -0.4046849129 -0.4139919849 1.445398859  

1.386036006   -0.3540298444 -0.5946252912 -0.5292291308
-0.3540298444 1.359060183   -0.3482463732 -0.4318537425
-0.5946252912 -0.3482463732 1.310361492   -0.4492308974
-0.5292291308 -0.4318537425 -0.4492308974 1.349529201  

1.216829872   -0.3216525647 -0.3715806241 -0.2024571643
-0.3216525647 1.389679556   -0.3844231846 -0.3267127327
-0.3715806241 -0.3844231846 1.249480157   -0.308206566 
-0.2024571643 -0.3267127327 -0.308206566  1.074122055  

1.056642841   -0.4699034096 -0.3754368635 -0.1618768635
-0.4699034096 1.868453116   -0.4722626358 -0.4017314345
-0.3754368635 -0.4722626358 1.517853177   -0.2809005761
-0.1618768635 -0.4017314345 -0.2809005761 1.12610741   

1.162729108   -0.4411967294 -0.445228754  -0.3891415446
-0.4411967294 1.443575444   -0.4048586157 -0.6061097073
-0.445228754  -0.4048586157 1.420346156   -0.4868093446
-0.3891415446 -0.6061097073 -0.4868093446 1.417835226  

1.481885488   -0.2522586119 -0.448557817  -0.3888671311
-0.2522586119 1.25686622    -0.3094771971 -0.4514484995
-0.448557817  -0.3094771971 1.475534181   -0.2741059781
-0.3888671311 -0.4514484995 -0.2741059781 1.411214492  

1.442918567   -0.2006831659 -0.4331265086 -0.264619043 
-0.2006831659 1.054098843   -0.2815565272 -0.3788925656
-0.4331265086 -0.2815565272 1.785124236   -0.4116353872
-0.264619043  -0.3788925656 -0.4116353872 1.369891432  

1.41612588    -0.4513817982 -0.8314722333 -0.4456204009
-0.4513817982 1.344371558   -0.6416262982 -0.8431431946
-0.8314722333 -0.6416262982 1.496203877   -0.413214308 
-0.4456204009 -0.8431431946 -0.413214308  1.147158222  

1.421304306   -0.7800568812 -0.5427438792 -0.2590871389
-0.7800568812 1.64556858    -0.4708943761 -0.5087409707
-0.5427438792 -0.4708943761 1.483152835   -0.2602113409
-0.2590871389 -0.5087409707 -0.2602113409 0.9942489152 

1.252675716   -0.4060319521 -0.5170617812 -0.2391642692
-0.4060319521 1.541246557   -0.941030422  -0.5090717158
-0.5170617812 -0.941030422  1.478467866   -0.3348047534
-0.2391642692 -0.5090717158 -0.3348047534 1.046421124  

1.335624585   -0.4110699105 -0.4375833207 -0.3580255095
-0.4110699105 1.308772361   -0.5616246373 -0.4515698023
-0.4375833207 -0.5616246373 1.554076691   -0.3447746359
-0.3580255095 -0.4515698023 -0.3447746359 1.220489787  

1.441613382   -0.2522099014 -0.4928502262 -0.1421261597
-0.2522099014 1.311863551   -0.3717489561 -0.2543140215
-0.4928502262 -0.3717489561 1.902092144   -0.3220986932
-0.1421261597 -0.2543140215 -0.3220986932 1.0304827    

1.45477818    -0.4348614684 -1.139337137  -0.4322738917
-0.4348614684 1.196720956   -0.490970938  -0.5389584956
-1.139337137  -0.490970938  1.58838818    -0.7182398718
-0.4322738917 -0.5389584956 -0.7182398718 1.235222575  

1.585108267   -0.5843065081 -0.8154710183 -0.6273671344
-0.5843065081 1.442287912   -0.4470516948 -0.6141848297
-0.8154710183 -0.4470516948 1.178745737   -0.3642842923
-0.6273671344 -0.6141848297 -0.3642842923 1.136554347  

1.670657887   -0.3856520843 -0.4328243836 -0.4042059287
-0.3856520843 1.463275423   -0.3741157136 -0.5445220724
-0.4328243836 -0.3741157136 1.167845113   -0.2824566625
-0.4042059287 -0.5445220724 -0.2824566625 1.260740682  

1.471944886   -0.3136538814 -0.4806870965 -0.3009332089
-0.3136538814 1.319950398   -0.3730084422 -0.4416827196
-0.4806870965 -0.3730084422 1.678459174   -0.2858008649
-0.3009332089 -0.4416827196 -0.2858008649 1.153652641  

1.537594159   -0.2317099529 -0.4351226089 -0.2948185728
-0.2317099529 1.137421205   -0.3688514152 -0.2322981774
-0.4351226089 -0.3688514152 1.898773044   -0.2816084352
-0.2948185728 -0.2322981774 -0.2816084352 1.156347713  

1.421830217   -0.2918116284 -0.4612145374 -0.3259573272
-0.2918116284 1.183229804   -0.3794483001 -0.2941659461
-0.4612145374 -0.3794483001 1.675885959   -0.405204033 
-0.3259573272 -0.2941659461 -0.405204033  1.316260862  

1.574969716   -0.2961053948 -0.3764716608 -0.3184201708
-0.2961053948 1.270171602   -0.3419789078 -0.402007938 
-0.3764716608 -0.3419789078 1.408841268   -0.3514051474
-0.3184201708 -0.402007938  -0.3514051474 1.319533596  

1.535012013   -0.2934376603 -0.5074936473 -0.2918129574
-0.2934376603 1.390872358   -0.4075425031 -0.3835531138
-0.5074936473 -0.4075425031 1.516042603   -0.2763749142
-0.2918129574 -0.3835531138 -0.2763749142 1.181073093  

1.405762942   -0.3231580743 -0.6037291281 -0.2593985493
-0.3231580743 1.333121284   -0.3991711032 -0.3885311694
-0.6037291281 -0.3991711032 1.608146598   -0.3469247824
-0.2593985493 -0.3885311694 -0.3469247824 1.298253525  

1.55017129    -0.5106805946 -0.5236754619 -0.3240860627
-0.5106805946 1.493924963   -0.3597440241 -0.5437628219
-0.5236754619 -0.3597440241 1.344900172   -0.2327722889
-0.3240860627 -0.5437628219 -0.2327722889 1.262610907  

1.311118312   -0.3780288461 -0.6656170952 -0.4800538569
-0.3780288461 1.480102721   -0.9987997801 -0.5713929321
-0.6656170952 -0.9987997801 1.314446745   -0.3964942839
-0.4800538569 -0.5713929321 -0.3964942839 1.373681523  

1.332520766   -0.2567449374 -0.5779031755 -0.2496573283
-0.2567449374 1.427486609   -0.4531748773 -0.365212561 
-0.5779031755 -0.4531748773 1.620387838   -0.3687362867
-0.2496573283 -0.365212561  -0.3687362867 1.159409492  

1.62409378    -0.311374287  -1.090117675  -0.2768772491
-0.311374287  1.249487964   -0.4386172171 -0.3093271898
-1.090117675  -0.4386172171 1.659974755   -0.6049350955
-0.2768772491 -0.3093271898 -0.6049350955 1.034300254  

1.571753379   -0.3305110036 -0.7156542926 -0.2609127036
-0.3305110036 1.309433554   -0.6161152837 -0.310519376 
-0.7156542926 -0.6161152837 1.612818926   -0.4092882096
-0.2609127036 -0.310519376  -0.4092882096 1.064761849  

1.226712135   -0.3827500569 -0.5807865071 -0.3016593917
-0.3827500569 1.657541652   -0.5160334957 -0.3913750782
-0.5807865071 -0.5160334957 1.549748125   -0.4760637123
-0.3016593917 -0.3913750782 -0.4760637123 1.118584757  


