# <Sz_i Sz_j >
7.555455631999999921e-01 -5.298942851999999953e-02 -1.134906970999999959e-01 3.298274394000000331e-02 -4.304285867000000321e-02 -8.527267202999999629e-02
-5.298942851999999953e-02 7.684210202000000267e-01 -2.078123906999999881e-01 2.313741521999999884e-02 5.773147357999999611e-03 -8.885684340999999709e-02
-1.134906970999999959e-01 -2.078123906999999881e-01 8.090117636000000445e-01 -5.023777833999999720e-02 -2.606403254000000044e-02 1.504808552999999938e-01
3.298274394000000331e-02 2.313741521999999884e-02 -5.023777833999999720e-02 7.936233749000000115e-01 -3.807973648999999905e-01 4.233079386000000027e-02
-4.304285867000000321e-02 5.773147357999999611e-03 -2.606403254000000044e-02 -3.807973648999999905e-01 7.944106046000000143e-01 -1.021005507000000007e-01
-8.527267202999999629e-02 -8.885684340999999709e-02 1.504808552999999938e-01 4.233079386000000027e-02 -1.021005507000000007e-01 7.998715787000000299e-01
