# <Sz_i Sz_j >
7.807590568000000175e-01 -1.039511422999999934e-01 2.432753190000000107e-02 2.053062963000000084e-03 1.801203616000000059e-03 -1.022092463999999951e-01
-1.039511422999999934e-01 7.797603387999999525e-01 -1.082699807000000042e-01 -8.825069664000000438e-03 7.326668694999999981e-03 1.764523461999999848e-02
2.432753190000000107e-02 -1.082699807000000042e-01 7.792573700999999575e-01 -1.047406423000000059e-01 1.626339069000000068e-02 -1.173202201000000076e-02
2.053062963000000084e-03 -8.825069664000000438e-03 -1.047406423000000059e-01 7.783790089000000023e-01 -1.109654053000000001e-01 8.909885899999999206e-03
1.801203616000000059e-03 7.326668694999999981e-03 1.626339069000000068e-02 -1.109654053000000001e-01 7.797625365999999447e-01 -1.072698222999999978e-01
-1.022092463999999951e-01 1.764523461999999848e-02 -1.173202201000000076e-02 8.909885899999999206e-03 -1.072698222999999978e-01 7.836036020000000102e-01
